Lat	GREENUP	GREENUP	GREENUP	GREENUP	GREENUP	GREENUP	GREENUP	GREENUP	FALL	FALL	FALL	FALL	FALL	FALL	FALL	FALL	PHENDOY1	PHENDOY1	PHENDOY1	PHENDOY1	PHENDOY1	PHENDOY1	PHENDOY1	PHENDOY1
	3	4	5	6	7	8	9	10	3	4	5	6	7	8	9	10	3	4	5	6	7	8	9	10
79.75	167	156	184	184	184	184	145	145	231	231	229	229	229	229	230	230	0	0	0	0	0	0	0	0
79.25	167	156	184	184	184	184	145	145	231	231	229	229	229	229	230	230	0	0	0	0	0	0	0	0
78.75	167	156	184	184	184	184	145	145	231	231	229	229	229	229	230	230	0	0	0	0	0	0	0	0
78.25	167	156	184	184	184	184	145	145	231	231	229	229	229	229	230	230	0	0	0	0	0	0	0	0
77.75	167	156	184	184	184	184	145	145	231	231	229	229	229	229	230	230	0	0	0	0	0	0	0	0
77.25	167	156	184	184	184	184	145	145	231	231	229	229	229	229	230	230	0	0	0	0	0	0	0	0
76.75	167	156	184	184	184	184	145	145	231	231	229	230	230	230	230	230	0	0	0	0	0	0	0	0
76.25	167	156	184	184	184	184	145	145	231	231	230	230	230	230	230	230	0	0	0	0	0	0	0	0
75.75	167	156	184	184	184	184	145	145	231	231	230	231	231	231	230	230	0	0	0	0	0	0	0	0
75.25	167	156	185	185	185	185	145	145	231	231	231	232	232	232	230	230	0	0	0	0	0	0	0	0
74.75	167	156	185	185	185	185	145	145	231	231	231	232	232	232	230	230	0	0	0	0	0	0	0	0
74.25	167	156	185	184	184	184	145	145	231	231	232	232	232	232	230	230	0	0	0	0	0	0	0	0
73.75	167	156	185	184	184	184	145	145	231	231	233	233	233	233	230	230	0	0	0	0	0	0	0	0
73.25	167	156	186	183	183	183	145	145	231	231	232	233	233	233	230	230	0	0	0	0	0	0	0	0
72.75	167	156	186	184	184	184	145	145	231	231	233	234	234	234	230	230	0	0	0	0	0	0	0	0
72.25	167	156	186	183	183	183	145	145	231	231	234	234	234	234	230	230	0	0	0	0	0	0	0	0
71.75	167	156	185	183	183	183	145	145	231	231	234	234	234	234	230	230	0	0	0	0	0	0	0	0
71.25	167	156	184	182	182	182	145	145	231	231	234	234	234	234	230	230	0	0	0	0	0	0	0	0
70.75	167	156	183	181	181	181	145	145	231	231	234	233	233	233	230	230	0	0	0	0	0	0	0	0
70.25	167	156	182	180	180	180	145	145	231	231	234	234	234	234	230	230	0	0	0	0	0	0	0	0
69.75	167	156	181	178	178	178	145	145	231	231	234	234	234	234	230	230	0	0	0	0	0	0	0	0
69.25	167	156	179	177	177	177	145	145	231	231	234	234	234	234	230	230	0	0	0	0	0	0	0	0
68.75	167	156	177	176	176	176	145	145	231	231	234	233	233	233	230	230	0	0	0	0	0	0	0	0
68.25	167	156	176	174	174	174	145	145	231	231	233	233	233	233	230	230	0	0	0	0	0	0	0	0
67.75	167	156	175	173	173	173	145	145	231	231	233	233	233	233	230	230	0	0	0	0	0	0	0	0
67.25	167	156	173	171	171	171	145	145	231	231	233	233	233	233	230	230	0	0	0	0	0	0	0	0
66.75	166	156	172	170	170	170	145	145	231	230	233	233	233	233	230	230	0	0	0	0	0	0	0	0
66.25	166	155	171	168	168	168	145	145	231	230	233	233	233	233	230	230	0	0	0	0	0	0	0	0
65.75	164	154	170	167	167	167	145	145	231	230	233	233	233	233	230	230	0	0	0	0	0	0	0	0
65.25	163	153	169	166	166	166	145	145	231	230	233	233	233	233	230	230	0	0	0	0	0	0	0	0
64.75	161	153	168	165	165	165	145	145	231	230	233	232	232	232	230	230	0	0	0	0	0	0	0	0
64.25	160	152	167	164	164	164	145	145	231	230	233	233	233	233	230	230	0	0	0	0	0	0	0	0
63.75	159	151	167	163	163	163	144	144	231	229	233	233	233	233	229	229	0	0	0	0	0	0	0	0
63.25	158	150	166	163	163	163	144	144	232	229	233	233	233	233	227	227	0	0	0	0	0	0	0	0
62.75	157	148	166	162	162	162	144	144	232	229	233	233	233	233	227	227	0	0	0	0	0	0	0	0
62.25	156	147	165	161	161	161	143	143	232	229	234	233	233	233	226	226	0	0	0	0	0	0	0	0
61.75	155	146	165	161	161	161	142	142	232	228	234	233	233	233	224	224	0	0	0	0	0	0	0	0
61.25	155	145	165	160	160	160	141	141	232	228	234	233	233	233	222	222	0	0	0	0	0	0	0	0
60.75	154	144	165	159	159	159	140	140	232	227	234	232	232	232	220	220	0	0	0	0	0	0	0	0
60.25	153	144	165	159	159	159	139	139	232	226	235	232	232	232	220	220	0	0	0	0	0	0	0	0
59.75	153	143	165	158	158	158	138	138	232	226	235	232	232	232	218	218	0	0	0	0	0	0	0	0
59.25	152	143	165	157	157	157	138	138	233	226	235	232	232	232	217	217	0	0	0	0	0	0	0	0
58.75	151	143	165	156	156	156	138	138	233	226	235	232	232	232	217	217	0	0	0	0	0	0	0	0
58.25	151	142	164	156	156	156	137	137	233	225	235	232	232	232	217	217	0	0	0	0	0	0	0	0
57.75	150	141	164	155	155	155	136	136	233	225	236	231	231	231	216	216	0	0	0	0	0	0	0	0
57.25	149	140	164	154	154	154	135	135	233	225	236	231	231	231	216	216	0	0	0	0	0	0	0	0
56.75	149	139	164	153	153	153	134	134	233	225	236	231	231	231	215	215	0	0	0	0	0	0	0	0
56.25	148	137	163	152	152	152	133	133	234	225	236	230	230	230	215	215	0	0	0	0	0	0	0	0
55.75	147	136	163	150	150	150	132	132	234	224	236	229	229	229	214	214	0	0	0	0	0	0	0	0
55.25	147	134	162	149	149	149	132	132	234	224	236	228	228	228	214	214	0	0	0	0	0	0	0	0
54.75	146	133	161	147	147	147	131	131	234	223	235	227	227	227	214	214	0	0	0	0	0	0	0	0
54.25	146	132	161	145	145	145	130	130	234	223	235	225	225	225	214	214	0	0	0	0	0	0	0	0
53.75	145	130	160	143	143	143	129	129	234	222	235	224	224	224	214	214	0	0	0	0	0	0	0	0
53.25	144	129	158	141	141	141	128	128	234	222	234	222	222	222	214	214	0	0	0	0	0	0	0	0
52.75	144	127	157	139	139	139	127	127	234	221	234	221	221	221	214	214	0	0	0	0	0	0	0	0
52.25	143	126	155	137	137	137	126	126	234	221	233	219	219	219	214	214	0	0	0	0	0	0	0	0
51.75	142	124	153	135	135	135	125	125	234	221	233	218	218	218	214	214	0	0	0	0	0	0	0	0
51.25	142	123	151	133	133	133	124	124	234	221	232	217	217	217	215	215	0	0	0	0	0	0	0	0
50.75	142	122	149	131	131	131	123	123	234	221	230	215	215	215	215	215	0	0	0	0	0	0	0	0
50.25	141	121	146	129	129	129	121	121	234	222	228	213	213	213	216	216	0	0	0	0	0	0	0	0
49.75	141	120	143	127	127	127	120	120	233	222	226	212	212	212	217	217	0	0	0	0	0	0	0	0
49.25	140	119	141	125	125	125	119	119	233	222	225	211	211	211	218	218	0	0	0	0	0	0	0	0
48.75	139	119	138	124	124	124	119	119	233	222	222	209	209	209	219	219	0	0	0	0	0	0	0	0
48.25	139	119	135	122	122	122	118	118	232	222	220	208	208	208	220	220	0	0	0	0	0	0	0	0
47.75	138	119	132	120	120	120	118	118	232	223	217	207	207	207	222	222	0	0	0	0	0	0	0	0
47.25	138	119	129	118	118	118	118	118	232	223	215	205	205	205	223	223	0	0	0	0	0	0	0	0
46.75	138	119	127	118	118	118	118	118	231	224	213	205	205	205	224	224	0	0	0	0	0	0	0	0
46.25	137	119	124	117	117	117	118	118	230	224	210	205	205	205	226	226	0	0	0	0	0	0	0	0
45.75	136	119	121	116	116	116	118	118	229	226	206	205	205	205	227	227	0	0	0	0	0	0	0	0
45.25	136	120	117	116	116	116	117	117	229	227	203	205	205	205	229	229	0	0	0	0	0	0	0	0
44.75	136	120	115	116	116	116	117	117	228	227	200	206	206	206	230	230	0	0	0	0	0	0	0	0
44.25	135	119	112	115	115	115	117	117	227	228	197	206	206	206	230	230	0	0	0	0	0	0	0	0
43.75	135	119	109	115	115	115	116	116	226	228	194	206	206	206	231	231	0	0	0	0	0	0	0	0
43.25	134	119	107	115	115	115	116	116	226	228	192	206	206	206	232	232	0	0	0	0	0	0	0	0
42.75	133	118	106	114	114	114	115	115	225	228	191	207	207	207	233	233	0	0	0	0	0	0	0	0
42.25	133	117	104	114	114	114	114	114	225	228	187	207	207	207	233	233	0	0	0	0	0	0	0	0
41.75	132	116	102	113	113	113	112	112	224	227	186	208	208	208	232	232	0	0	0	0	0	0	0	0
41.25	132	115	101	113	113	113	111	111	225	227	184	209	209	209	233	233	0	0	0	0	0	0	0	0
40.75	131	113	100	112	112	112	109	109	224	226	180	210	210	210	234	234	0	0	0	0	0	0	0	0
40.25	131	112	98	111	111	111	108	108	224	226	176	210	210	210	234	234	0	0	0	0	0	0	0	0
39.75	131	111	95	110	110	110	107	107	225	226	172	211	211	211	235	235	0	0	0	0	0	0	0	0
39.25	131	109	92	110	110	110	105	105	226	225	167	213	213	213	235	235	0	0	0	0	0	0	0	0
38.75	131	107	89	110	110	110	103	103	226	225	163	215	215	215	236	236	0	0	0	0	0	0	0	0
38.25	131	106	86	111	111	111	101	101	227	224	166	216	216	216	236	236	0	0	0	0	0	0	0	0
37.75	130	104	88	111	111	111	99	99	227	223	170	217	217	217	235	235	0	0	0	0	0	0	0	0
37.25	130	102	89	111	111	111	96	96	229	222	175	219	219	219	235	235	0	0	0	0	0	0	0	0
36.75	130	100	93	111	111	111	94	94	230	221	180	220	220	220	235	235	0	0	0	0	0	0	0	0
36.25	129	98	97	110	110	110	92	92	231	221	184	222	222	222	235	235	0	0	0	0	0	0	0	0
35.75	128	96	100	110	110	110	91	91	233	220	188	224	224	224	235	235	0	0	0	0	0	0	0	0
35.25	127	94	104	110	110	110	90	90	234	220	192	226	226	226	234	234	0	0	0	0	0	0	0	0
34.75	126	93	107	110	110	110	88	88	235	220	197	228	228	228	233	233	0	0	0	0	0	0	0	0
34.25	125	91	109	111	111	111	87	87	236	221	201	231	231	231	233	233	0	0	0	0	0	0	0	0
33.75	123	90	113	114	114	114	86	86	237	222	208	233	233	233	233	233	0	0	0	0	0	0	0	0
33.25	120	89	118	115	115	115	85	85	238	223	213	235	235	235	236	236	0	0	0	0	0	0	0	0
32.75	118	88	122	117	117	117	84	84	238	225	218	238	238	238	235	235	0	0	0	0	0	0	0	0
32.25	114	88	126	120	120	120	85	85	235	226	227	241	241	241	236	236	0	0	0	0	0	0	0	0
31.75	113	88	133	122	122	122	85	85	236	228	236	244	244	244	236	236	0	0	0	0	0	0	0	0
31.25	110	89	140	124	124	124	85	85	236	230	245	247	247	247	236	236	0	0	0	0	0	0	0	0
30.75	108	90	148	126	126	126	86	86	236	232	255	251	251	251	237	237	0	0	0	0	0	0	0	0
30.25	107	93	156	128	128	128	88	88	237	234	265	253	253	253	237	237	0	0	0	0	0	0	0	0
29.75	108	95	163	129	129	129	90	90	238	236	268	256	256	256	238	238	0	0	0	0	0	0	0	0
29.25	110	100	167	132	132	132	93	93	238	238	270	259	259	259	241	241	0	0	0	0	0	0	0	0
28.75	109	105	170	134	134	134	97	97	238	241	272	262	262	262	244	244	0	0	0	0	0	0	0	0
28.25	112	109	170	136	136	136	99	99	239	243	273	264	264	264	247	247	0	0	0	0	0	0	0	0
27.75	111	114	170	138	138	138	101	101	239	246	275	266	266	266	251	251	0	0	0	0	0	0	0	0
27.25	116	119	169	140	140	140	104	104	242	249	276	268	268	268	254	254	0	0	0	0	0	0	0	0
26.75	115	123	169	141	141	141	106	106	242	251	278	270	270	270	260	260	0	0	0	0	0	0	0	0
26.25	115	127	168	144	144	144	109	109	245	254	279	272	272	272	262	262	0	0	0	0	0	0	0	0
25.75	115	131	169	145	145	145	112	112	245	256	279	273	273	273	263	263	0	0	0	0	0	0	0	0
25.25	116	134	168	145	145	145	115	115	245	257	279	273	273	273	265	265	0	0	0	0	0	0	0	0
24.75	118	137	167	146	146	146	118	118	240	258	279	274	274	274	267	267	0	0	0	0	0	0	0	0
24.25	121	140	165	146	146	146	120	120	241	259	279	274	274	274	269	269	0	0	0	0	0	0	0	0
23.75	127	142	164	146	146	146	121	121	249	260	279	274	274	274	271	271	0	0	0	0	0	0	0	0
23.25	131	145	162	145	145	145	122	122	251	262	278	274	274	274	273	273	0	0	0	0	0	0	0	0
22.75	134	147	159	144	144	144	121	121	254	262	278	274	274	274	276	276	0	0	0	0	0	0	0	0
22.25	137	148	157	144	144	144	122	122	256	263	278	274	274	274	279	279	0	0	0	0	0	0	0	0
21.75	140	148	159	143	143	143	123	123	256	264	277	274	274	274	281	281	0	0	0	0	0	0	0	0
21.25	141	148	160	142	142	142	124	124	257	265	277	274	274	274	283	283	0	0	0	0	0	0	0	0
20.75	141	146	161	146	146	146	124	124	261	265	276	274	274	274	284	284	0	0	0	0	0	0	0	0
20.25	141	144	163	149	149	149	125	125	262	266	274	273	273	273	285	285	0	0	0	0	0	0	0	0
19.75	130	142	166	152	152	152	124	124	263	267	273	272	272	272	285	285	0	0	0	0	0	0	0	0
19.25	130	140	169	155	155	155	125	125	263	268	273	271	271	271	285	285	0	0	0	0	0	0	0	0
18.75	123	138	172	158	158	158	128	128	263	269	272	270	270	270	285	285	0	0	0	0	0	0	0	0
18.25	123	137	175	160	160	160	131	131	263	269	272	270	270	270	284	284	0	0	0	0	0	0	0	0
17.75	126	138	178	163	163	163	134	134	262	270	271	269	269	269	284	284	0	0	0	0	0	0	0	0
17.25	126	138	180	165	165	165	135	135	265	271	271	269	269	269	283	283	0	0	0	0	0	0	0	0
16.75	131	139	183	167	167	167	138	138	266	271	271	269	269	269	283	283	0	0	0	0	0	0	0	0
16.25	135	140	185	168	168	168	141	141	275	271	271	269	269	269	282	282	0	0	0	0	0	0	0	0
15.75	137	139	186	169	169	169	144	144	277	272	271	269	269	269	281	281	0	0	0	0	0	0	0	0
15.25	137	139	187	170	170	170	147	147	280	272	271	270	270	270	281	281	0	0	0	0	0	0	0	0
14.75	137	139	188	172	172	172	150	150	282	272	271	270	270	270	280	280	0	0	0	0	0	0	0	0
14.25	135	138	189	173	173	173	154	154	283	272	271	269	269	269	279	279	0	0	0	0	0	0	0	0
13.75	136	138	189	174	174	174	157	157	284	272	269	269	269	269	278	278	0	0	0	0	0	0	0	0
13.25	134	138	185	174	174	174	159	159	284	273	268	269	269	269	278	278	0	0	0	0	0	0	0	0
12.75	134	138	178	173	173	173	163	163	284	273	266	269	269	269	278	278	0	0	0	0	0	0	0	0
12.25	131	137	176	167	167	167	166	166	284	273	264	268	268	268	278	278	0	0	0	0	0	0	0	0
11.75	130	136	176	161	161	161	169	169	284	274	263	267	267	267	277	277	0	0	0	0	0	0	0	0
11.25	138	134	174	154	154	154	171	171	287	274	263	268	268	268	277	277	0	0	0	0	0	0	0	0
10.75	135	132	172	147	147	147	169	169	286	273	263	268	268	268	276	276	0	0	0	0	0	0	0	0
10.25	137	128	158	139	139	139	165	165	286	273	249	268	268	268	274	274	0	0	0	0	0	0	0	0
9.75	129	123	145	133	133	133	158	158	286	272	235	268	268	268	273	273	0	0	0	0	0	0	0	0
9.25	122	118	132	126	126	126	152	152	285	272	220	268	268	268	274	274	0	0	0	0	0	0	0	0
8.75	122	112	127	119	119	119	145	145	285	272	218	268	268	268	273	273	0	0	0	0	0	0	0	0
8.25	116	108	114	111	111	111	134	134	285	271	205	268	268	268	272	272	0	0	0	0	0	0	0	0
7.75	114	103	102	102	102	102	129	129	286	271	191	267	267	267	272	272	0	0	0	0	0	0	0	0
7.25	110	100	90	93	93	93	124	124	286	271	185	267	267	267	269	269	0	0	0	0	0	0	0	0
6.75	107	96	79	85	85	85	119	119	284	271	178	267	267	267	270	270	0	0	0	0	0	0	0	0
6.25	103	93	70	80	80	80	115	115	283	272	162	266	266	266	271	271	0	0	0	0	0	0	0	0
5.75	102	91	62	75	75	75	110	110	278	272	148	266	266	266	272	272	0	0	0	0	0	0	0	0
5.25	96	88	52	69	69	69	105	105	276	269	133	265	265	265	271	271	0	0	0	0	0	0	0	0
4.75	93	84	41	61	61	61	96	96	276	267	117	265	265	265	269	269	0	0	0	0	0	0	0	0
4.25	93	71	34	55	55	55	85	85	276	266	102	264	264	264	267	267	0	0	0	0	0	0	0	0
3.75	90	58	32	48	48	48	79	79	259	266	87	265	265	265	267	267	0	0	0	0	0	0	0	0
3.25	90	51	13	38	38	38	67	67	259	264	84	265	265	265	266	266	0	0	0	0	0	0	0	0
2.75	81	42	8	34	34	34	57	57	251	253	83	241	241	241	258	258	0	0	0	0	0	0	0	0
2.25	67	35	3	26	26	26	48	48	245	240	88	226	226	226	249	249	0	0	0	0	0	0	0	0
1.75	51	24	363	19	19	19	38	38	231	226	87	210	210	210	242	242	0	0	2	0	0	0	0	0
1.25	58	15	360	10	10	10	30	30	231	211	91	194	194	194	233	233	0	0	2	0	0	0	0	0
0.75	67	5	358	4	4	4	21	21	207	196	95	176	176	176	222	222	0	0	2	0	0	0	0	0
0.25	67	365	357	364	364	364	15	15	207	179	85	157	157	157	213	213	0	2	2	2	2	2	0	0
-0.25	67	359	355	360	360	360	13	13	207	164	86	140	140	140	202	202	0	2	2	2	2	2	0	0
-0.75	67	345	353	358	358	358	5	5	207	148	90	124	124	124	192	192	0	2	2	2	2	2	0	0
-1.25	67	329	353	356	356	356	363	363	207	143	93	124	124	124	187	187	0	2	2	2	2	2	2	2
-1.75	48	314	353	355	355	355	354	354	187	139	95	124	124	124	177	177	0	2	2	2	2	2	2	2
-2.25	48	297	351	355	355	355	345	345	187	135	97	124	124	124	164	164	0	2	2	2	2	2	2	2
-2.75	33	293	349	351	351	351	336	336	162	131	98	123	123	123	152	152	0	2	2	2	2	2	2	2
-3.25	26	289	347	347	347	347	327	327	151	119	100	122	122	122	142	142	0	2	2	2	2	2	2	2
-3.75	26	285	347	345	345	345	323	323	151	108	102	121	121	121	132	132	0	2	2	2	2	2	2	2
-4.25	26	281	345	343	343	343	320	320	151	106	104	120	120	120	123	123	0	2	2	2	2	2	2	2
-4.75	362	278	344	341	341	341	320	320	133	104	107	119	119	119	122	122	2	2	2	2	2	2	2	2
-5.25	362	271	347	343	343	343	318	318	133	102	110	119	119	119	122	122	2	2	2	2	2	2	2	2
-5.75	355	265	348	339	339	339	316	316	131	97	112	120	120	120	118	118	2	2	2	2	2	2	2	2
-6.25	349	260	349	338	338	338	316	316	131	92	109	117	117	117	116	116	2	2	2	2	2	2	2	2
-6.75	349	257	350	338	338	338	316	316	131	89	111	115	115	115	114	114	2	2	2	2	2	2	2	2
-7.25	349	255	349	337	337	337	316	316	131	86	109	113	113	113	112	112	2	2	2	2	2	2	2	2
-7.75	344	253	346	334	334	334	315	315	127	84	107	111	111	111	110	110	2	2	2	2	2	2	2	2
-8.25	344	254	342	331	331	331	315	315	127	81	107	110	110	110	106	106	2	2	2	2	2	2	2	2
-8.75	343	254	339	327	327	327	314	314	125	78	106	108	108	108	105	105	2	2	2	2	2	2	2	2
-9.25	343	254	335	324	324	324	313	313	125	76	103	106	106	106	103	103	2	2	2	2	2	2	2	2
-9.75	343	255	331	321	321	321	311	311	125	74	101	104	104	104	98	98	2	2	2	2	2	2	2	2
-10.25	337	255	327	318	318	318	311	311	118	72	99	102	102	102	95	95	2	2	2	2	2	2	2	2
-10.75	333	258	323	315	315	315	311	311	112	71	97	101	101	101	92	92	2	2	2	2	2	2	2	2
-11.25	333	262	321	313	313	313	310	310	112	71	96	99	99	99	90	90	2	2	2	2	2	2	2	2
-11.75	328	266	319	311	311	311	309	309	104	72	95	98	98	98	89	89	2	2	2	2	2	2	2	2
-12.25	328	269	317	310	310	310	308	308	104	72	94	97	97	97	87	87	2	2	2	2	2	2	2	2
-12.75	328	272	316	309	309	309	307	307	104	72	94	96	96	96	85	85	2	2	2	2	2	2	2	2
-13.25	326	275	316	309	309	309	306	306	105	72	94	95	95	95	83	83	2	2	2	2	2	2	2	2
-13.75	321	277	317	311	311	311	305	305	97	73	93	94	94	94	80	80	2	2	2	2	2	2	2	2
-14.25	320	279	318	313	313	313	304	304	93	74	93	93	93	93	79	79	2	2	2	2	2	2	2	2
-14.75	320	282	321	316	316	316	303	303	93	75	92	93	93	93	78	78	2	2	2	2	2	2	2	2
-15.25	320	284	324	318	318	318	302	302	93	75	92	92	92	92	77	77	2	2	2	2	2	2	2	2
-15.75	320	287	328	321	321	321	301	301	93	76	92	91	91	91	76	76	2	2	2	2	2	2	2	2
-16.25	322	289	332	325	325	325	300	300	94	77	92	90	90	90	77	77	2	2	2	2	2	2	2	2
-16.75	325	292	337	329	329	329	298	298	96	78	91	90	90	90	77	77	2	2	2	2	2	2	2	2
-17.25	328	294	343	331	331	331	297	297	93	79	91	90	90	90	78	78	2	2	2	2	2	2	2	2
-17.75	329	296	348	333	333	333	296	296	97	80	91	90	90	90	79	79	2	2	2	2	2	2	2	2
-18.25	326	298	352	333	333	333	295	295	94	81	91	90	90	90	79	79	2	2	2	2	2	2	2	2
-18.75	327	299	357	333	333	333	294	294	92	82	93	90	90	90	80	80	2	2	2	2	2	2	2	2
-19.25	330	299	361	332	332	332	294	294	94	82	93	90	90	90	80	80	2	2	2	2	2	2	2	2
-19.75	330	298	364	331	331	331	294	294	99	82	94	90	90	90	80	80	2	2	2	2	2	2	2	2
-20.25	328	297	2	330	330	330	293	293	101	82	95	90	90	90	80	80	2	2	0	2	2	2	2	2
-20.75	328	296	5	330	330	330	292	292	101	82	96	90	90	90	80	80	2	2	0	2	2	2	2	2
-21.25	321	296	8	328	328	328	293	293	99	82	98	89	89	89	81	81	2	2	0	2	2	2	2	2
-21.75	321	295	11	325	325	325	292	292	96	82	101	89	89	89	82	82	2	2	0	2	2	2	2	2
-22.25	326	293	14	322	322	322	292	292	106	81	104	88	88	88	82	82	2	2	0	2	2	2	2	2
-22.75	326	292	17	319	319	319	292	292	106	81	107	88	88	88	82	82	2	2	0	2	2	2	2	2
-23.25	321	290	20	316	316	316	293	293	107	81	111	88	88	88	82	82	2	2	0	2	2	2	2	2
-23.75	320	289	23	313	313	313	291	291	108	81	114	89	89	89	82	82	2	2	0	2	2	2	2	2
-24.25	321	288	26	310	310	310	290	290	109	81	119	90	90	90	82	82	2	2	0	2	2	2	2	2
-24.75	313	286	29	307	307	307	289	289	104	80	125	90	90	90	82	82	2	2	0	2	2	2	2	2
-25.25	305	285	33	304	304	304	281	281	106	80	131	91	91	91	82	82	2	2	0	2	2	2	2	2
-25.75	291	283	37	301	301	301	274	274	106	80	138	91	91	91	81	81	2	2	0	2	2	2	2	2
-26.25	291	282	41	298	298	298	266	266	102	79	145	92	92	92	81	81	2	2	0	2	2	2	2	2
-26.75	289	281	47	296	296	296	257	257	105	79	154	93	93	93	81	81	2	2	0	2	2	2	2	2
-27.25	292	280	52	294	294	294	249	249	105	79	161	93	93	93	81	81	2	2	0	2	2	2	2	2
-27.75	292	279	58	292	292	292	241	241	105	79	169	93	93	93	81	81	2	2	0	2	2	2	2	2
-28.25	292	279	64	287	287	287	233	233	102	78	179	93	93	93	82	82	2	2	0	2	2	2	2	2
-28.75	292	278	70	286	286	286	225	225	102	78	188	94	94	94	83	83	2	2	0	2	2	2	2	2
-29.25	297	278	75	284	284	284	218	218	97	78	196	93	93	93	83	83	2	2	0	2	2	2	2	2
-29.75	290	277	79	281	281	281	210	210	96	77	204	93	93	93	82	82	2	2	0	2	2	2	2	2
-30.25	290	276	82	280	280	280	203	203	94	77	211	92	92	92	80	80	2	2	0	2	2	2	2	2
-30.75	285	275	85	280	280	280	196	196	90	77	216	91	91	91	83	83	2	2	0	2	2	2	2	2
-31.25	284	274	81	281	281	281	188	188	88	76	213	91	91	91	86	86	2	2	0	2	2	2	2	2
-31.75	282	273	75	280	280	280	180	180	85	76	212	90	90	90	83	83	2	2	0	2	2	2	2	2
-32.25	279	272	68	279	279	279	174	174	81	75	211	89	89	89	83	83	2	2	0	2	2	2	2	2
-32.75	273	270	61	276	276	276	173	173	77	73	208	88	88	88	83	83	2	2	0	2	2	2	2	2
-33.25	273	269	52	274	274	274	172	172	79	73	207	87	87	87	83	83	2	2	0	2	2	2	2	2
-33.75	274	269	41	271	271	271	177	177	73	73	199	82	82	82	83	83	2	2	0	2	2	2	2	2
-34.25	277	268	33	270	270	270	182	182	73	73	198	81	81	81	83	83	2	2	0	2	2	2	2	2
-34.75	270	267	23	262	262	262	187	187	69	72	197	79	79	79	83	83	2	2	0	2	2	2	2	2
-35.25	273	265	14	261	261	261	193	193	68	69	193	75	75	75	21	21	2	2	0	2	2	2	2	2
-35.75	272	264	7	261	261	261	194	194	68	64	191	74	74	74	21	21	2	2	0	2	2	2	2	2
-36.25	276	262	363	259	259	259	196	196	68	59	187	72	72	72	21	21	2	2	2	2	2	2	2	2
-36.75	272	259	347	262	262	262	198	198	68	58	181	70	70	70	21	21	2	2	2	2	2	2	2	2
-37.25	273	257	329	260	260	260	199	199	67	53	171	68	68	68	21	21	2	2	2	2	2	2	2	2
-37.75	270	255	310	258	258	258	199	199	69	48	160	61	61	61	21	21	2	2	2	2	2	2	2	2
-38.25	274	255	307	260	260	260	202	202	67	45	151	59	59	59	21	21	2	2	2	2	2	2	2	2
-38.75	273	253	304	260	260	260	202	202	67	43	141	58	58	58	14	14	2	2	2	2	2	2	2	2
-39.25	274	254	299	255	255	255	201	201	66	40	141	56	56	56	14	14	2	2	2	2	2	2	2	2
-39.75	275	253	293	250	250	250	205	205	65	38	136	53	53	53	14	14	2	2	2	2	2	2	2	2
-40.25	276	254	288	246	246	246	211	211	64	36	133	53	53	53	11	11	2	2	2	2	2	2	2	2
-40.75	277	255	285	245	245	245	217	217	64	34	128	53	53	53	11	11	2	2	2	2	2	2	2	2
-41.25	279	256	280	244	244	244	217	217	65	33	116	52	52	52	15	15	2	2	2	2	2	2	2	2
-41.75	280	256	278	244	244	244	217	217	62	34	108	52	52	52	18	18	2	2	2	2	2	2	2	2
-42.25	281	257	276	245	245	245	218	218	60	35	107	55	55	55	21	21	2	2	2	2	2	2	2	2
-42.75	281	258	272	247	247	247	220	220	60	36	107	56	56	56	27	27	2	2	2	2	2	2	2	2
-43.25	284	260	268	256	256	256	224	224	62	37	99	54	54	54	30	30	2	2	2	2	2	2	2	2
-43.75	282	262	263	258	258	258	229	229	62	38	83	55	55	55	35	35	2	2	2	2	2	2	2	2
-44.25	279	263	264	260	260	260	234	234	61	41	64	55	55	55	35	35	2	2	2	2	2	2	2	2
-44.75	274	266	265	263	263	263	237	237	59	44	64	53	53	53	39	39	2	2	2	2	2	2	2	2
-45.25	282	271	263	265	265	265	237	237	59	46	64	53	53	53	39	39	2	2	2	2	2	2	2	2
-45.75	280	276	263	265	265	265	244	244	59	50	56	53	53	53	39	39	2	2	2	2	2	2	2	2
-46.25	280	276	262	266	266	266	251	251	59	52	44	53	53	53	39	39	2	2	2	2	2	2	2	2
-46.75	280	277	262	266	266	266	253	253	59	51	41	50	50	50	41	41	2	2	2	2	2	2	2	2
-47.25	280	279	263	266	266	266	260	260	59	51	38	48	48	48	44	44	2	2	2	2	2	2	2	2
-47.75	280	280	265	268	268	268	267	267	59	52	35	45	45	45	43	43	2	2	2	2	2	2	2	2
-48.25	280	282	267	269	269	269	269	269	59	51	34	46	46	46	43	43	2	2	2	2	2	2	2	2
-48.75	280	282	268	271	271	271	271	271	59	51	30	44	44	44	46	46	2	2	2	2	2	2	2	2
-49.25	280	283	269	272	272	272	273	273	59	51	28	42	42	42	47	47	2	2	2	2	2	2	2	2
-49.75	280	284	270	274	274	274	275	275	59	51	32	41	41	41	48	48	2	2	2	2	2	2	2	2
-50.25	280	286	272	276	276	276	277	277	59	52	32	41	41	41	50	50	2	2	2	2	2	2	2	2
-50.75	280	288	273	278	278	278	278	278	59	53	31	42	42	42	50	50	2	2	2	2	2	2	2	2
-51.25	280	289	275	279	279	279	278	278	59	53	34	42	42	42	50	50	2	2	2	2	2	2	2	2
-51.75	280	290	276	280	280	280	278	278	59	54	34	42	42	42	50	50	2	2	2	2	2	2	2	2
-52.25	280	290	276	280	280	280	278	278	59	54	35	42	42	42	50	50	2	2	2	2	2	2	2	2
-52.75	280	290	276	280	280	280	278	278	59	54	35	42	42	42	50	50	2	2	2	2	2	2	2	2
-53.25	280	290	276	280	280	280	278	278	59	54	35	42	42	42	50	50	2	2	2	2	2	2	2	2
-53.75	280	290	276	280	280	280	278	278	59	54	35	42	42	42	50	50	2	2	2	2	2	2	2	2
-54.25	280	290	276	280	280	280	278	278	59	54	35	42	42	42	50	50	2	2	2	2	2	2	2	2
-54.75	280	290	276	280	280	280	278	278	59	54	35	42	42	42	50	50	2	2	2	2	2	2	2	2
-55.25	280	290	276	280	280	280	278	278	59	54	35	42	42	42	50	50	2	2	2	2	2	2	2	2
