           1,     0.411555378
           1,     0.330274361
           1,     0.302349854
           1,     0.308004380
           1,     0.338674709
           1,     0.363865195
           1,     0.335598180
           1,     0.331260580
           1,     0.378325832
           1,     0.426726054
           1,     0.477152878
           1,     0.442053651
           1,     0.381583300
           1,     0.401759464
           1,     0.392564705
           1,     0.367482808
           1,     0.397133852
           1,     0.438001740
           1,     0.490943317
           1,     0.527737713
           1,     0.500583290
           1,     0.419560054
           1,     0.421607832
           1,     0.411723801
           1,     0.396579695
           1,     0.420538115
           1,     0.449770556
           1,     0.448741528
           1,     0.441378186
           1,     0.441887496
           1,     0.451085065
           1,     0.431532646
           1,     0.442963770
           1,     0.425411683
           1,     0.365034147
           1,     0.315359467
           1,     0.301562580
           1,     0.315708364
           1,     0.311651084
           1,     0.293717579
           1,     0.277873270
           1,     0.270438630
           1,     0.303025321
           1,     0.330653788
           1,     0.355499249
           1,     0.374054291
           1,     0.372813703
           1,     0.365649796
           1,     0.383942158
           1,     0.382713270
           1,     0.379296365
           1,     0.353547774
           1,     0.339112365
           1,     0.369231846
           1,     0.392404725
           1,     0.372741066
           1,     0.383539832
           1,     0.398739688
           1,     0.361709812
           1,     0.333528291
           1,     0.342710449
           1,     0.353810913
           1,     0.363072805
           1,     0.369845272
           1,     0.386976140
           1,     0.401056910
           1,     0.381053400
           1,     0.367746382
           1,     0.369710592
           1,     0.387798096
           1,     0.417311564
           1,     0.415851831
           1,     0.423065504
           1,     0.418416919
           1,     0.419746498
           1,     0.437714007
           1,     0.485863102
           1,     0.521679786
           1,     0.466263617
           1,     0.421378491
           1,     0.403769561
           1,     0.404230310
           1,     0.417390562
           1,     0.436549134
           1,     0.384488330
           1,     0.358966154
           1,     0.359926714
           1,     0.367816708
           1,     0.348744979
           1,     0.345565258
           1,     0.357132738
           1,     0.364517630
           1,     0.355306463
           1,     0.347019878
           1,     0.325111497
           1,     0.336997435
           1,     0.352635054
           1,     0.357894852
           1,     0.376690081
           1,     0.358263297
           1,     0.358651107
           1,     0.377552112
           1,     0.373090144
           1,     0.326411590
           1,     0.311536334
           1,     0.308615963
           1,     0.302186046
           1,     0.307671984
           1,     0.316369911
           1,     0.312836776
           1,     0.302298039
           1,     0.308481516
           1,     0.318719196
           1,     0.329287209
           1,     0.339891884
           1,     0.314400778
           1,     0.279838216
           1,     0.269596733
           1,     0.264641104
           1,     0.265763177
           1,     0.275294045
           1,     0.279196988
           1,     0.284391936
           1,     0.288705954
           1,     0.281648281
           1,     0.283561584
           1,     0.297677006
           1,     0.311792872
           1,     0.295653103
           1,     0.275996107
           1,     0.278333556
           1,     0.286083626
           1,     0.265203016
           1,     0.237672630
           1,     0.226870453
           1,     0.218256365
           1,     0.190600216
           1,     0.169733810
           1,     0.155760848
           1,     0.146852105
           1,     0.147700297
           1,     0.148634242
           1,     0.155713719
           1,     0.161824018
           1,     0.165832428
           1,     0.169573312
           1,     0.170443676
           1,     0.165806281
           1,     0.160085460
           1,     0.161345857
           1,     0.160186451
           1,     0.157167388
           1,     0.165209123
           1,     0.176921595
           1,     0.189116632
           1,     0.201628379
           1,     0.204788810
           1,     0.201022836
           1,     0.182085470
           1,     0.159925447
           1,     0.156718106
           1,     0.152096818
           1,     0.146551606
           1,     0.141915555
           1,     0.133840402
           1,     0.137286987
           1,     0.141726315
           1,     0.138175611
           1,     0.134134025
           1,     0.141569926
           1,     0.146647974
           1,     0.136337366
           1,     0.131244735
           1,     0.130579043
           1,     0.134889447
           1,     0.137915597
           1,     0.135723096
           1,     0.125310768
           1,     0.119498762
           1,     0.119480410
           1,     0.125424878
           1,     0.123303567
           1,     0.117987817
           1,     0.113938321
           1,     0.106324710
           1,     0.107792589
           1,     0.105505847
           1,     0.109933706
           1,     0.110450471
           1,     0.115128722
           1,     0.115149946
           1,     0.122972644
           1,     0.125476877
           1,     0.134144667
           1,     0.131139234
           1,     0.130498845
           1,     0.125257561
           1,     0.113628506
           1,     0.113315923
           1,     0.132584294
           1,     0.135591427
           1,     0.128755717
           1,     0.127309098
           1,     0.129068478
           1,     0.129347149
           1,     0.117682072
           1,     0.118450354
           1,     0.129998354
           1,     0.141818218
           1,     0.142974285
           1,     0.143051369
           1,     0.148026457
           1,     0.151177099
           1,     0.147692284
           1,     0.137969937
           1,     0.131574867
           1,     0.133610903
           1,     0.129522057
           1,     0.126757038
           1,     0.138931193
           1,     0.151714541
           1,     0.150398463
           1,     0.165101031
           1,     0.137143490
           1,     0.111996696
           1,     0.108234230
           1,     0.115017033
           1,     0.130400867
           1,     0.138085643
           1,     0.145167878
           1,     0.139818606
           1,     0.133805950
           1,     0.133499143
           1,     0.138051676
           1,     0.140366952
           1,     0.139296940
           1,     0.140306428
           1,     0.144925319
           1,     0.148974530
           1,     0.151757640
           1,     0.146066187
           1,     0.136662400
           1,     0.142447216
           1,     0.157900136
           1,     0.166723973
           1,     0.166993267
           1,     0.163396125
           1,     0.171951977
           1,     0.180220105
           1,     0.162486290
           1,     0.153484715
           1,     0.143818260
           1,     0.136647125
           1,     0.138117036
           1,     0.152190260
           1,     0.164958059
           1,     0.181998593
           1,     0.200747027
           1,     0.191879929
           1,     0.170867825
           1,     0.141024341
           1,     0.127178352
           1,     0.131181761
           1,     0.156124423
           1,     0.186466547
           1,     0.199846277
           1,     0.213868361
           1,     0.218788609
           1,     0.207109003
           1,     0.208085118
           1,     0.184704203
           1,     0.151507168
           1,     0.163781133
           1,     0.177418818
           1,     0.199190647
           1,     0.229484592
           1,     0.240457495
           1,     0.223247348
           1,     0.228736451
           1,     0.239007906
           1,     0.236398081
           1,     0.214211610
           1,     0.205675535
           1,     0.208087006
           1,     0.212550180
           1,     0.211311055
           1,     0.180420019
           1,     0.171293179
           1,     0.196364357
           1,     0.216558450
           1,     0.226139015
           1,     0.237716029
           1,     0.231139719
           1,     0.234291392
           1,     0.226366426
           1,     0.205676715
           1,     0.168802533
           1,     0.193424272
           1,     0.203606525
           1,     0.202111121
           1,     0.208359243
           1,     0.230189924
           1,     0.263122381
           1,     0.275309902
           1,     0.275183256
           1,     0.290312484
           1,     0.300633924
           1,     0.248254848
           1,     0.233443126
           1,     0.261967273
           1,     0.314503624
           1,     0.367078567
           1,     0.386857128
           1,     0.409140361
           1,     0.400449581
           1,     0.426392138
           1,     0.411174665
           1,     0.376270816
           1,     0.389131773
           1,     0.384228403
           1,     0.405755985
           1,     0.454186535
           1,     0.489136902
           1,     0.447640928
           1,     0.394806922
           1,     0.406910574
           1,     0.439565280
           1,     0.471284112
           1,     0.475852382
           1,     0.438587231
           1,     0.399777367
           1,     0.394962605
           1,     0.389795435
           1,     0.341405168
           1,     0.345200863
           1,     0.391352550
           1,     0.437138238
           1,     0.404005572
           1,     0.298334508
           1,     0.242233729
           1,     0.258782844
           1,     0.312264558
           1,     0.311886331
           1,     0.271904912
           1,     0.292839580
           1,     0.328425134
           1,     0.336698034
           1,     0.368916978
           1,     0.439899042
           1,     0.522901061
           1,     0.575572025
           1,     0.577624248
           1,     0.544167083
           1,     0.570064501
           1,     0.612368325
           1,     0.651267042
           1,     0.602300717
           1,     0.546522032
           1,     0.523192423
           1,     0.469018259
           1,     0.455867866
           1,     0.476267901
           1,     0.528059090
           1,     0.543470065
           1,     0.488358411
           1,     0.413209754
           1,     0.387764020
           1,     0.416056718
           1,     0.451232703
           1,     0.475206248
           1,     0.507603942
           1,     0.577403965
           1,     0.564640213
           1,     0.469020911
           1,     0.475779624
           1,     0.462227847
           1,     0.451157581
           1,     0.486338342
           1,     0.532489787
           1,     0.564554073
           1,     0.588440973
           1,     0.650966156
           1,     0.726171812
           1,     0.675299551
           1,     0.667622305
           1,     0.712097060
           1,     0.677520715
           1,     0.600524961
           1,     0.613798724
           1,     0.687212689
           1,     0.772427781
           1,     0.713202392
           1,     0.654246926
           1,     0.679190347
           1,     0.730063413
           1,     0.605311785
           1,     0.562599630
           1,     0.575508826
           1,     0.587951026
           1,     0.601630446
           1,     0.644324514
           1,     0.674107595
           1,     0.689060224
           1,     0.699172356
           1,     0.652599790
           1,     0.639797944
           1,     0.625729608
           1,     0.632741573
           1,     0.628196786
           1,     0.624549074
           1,     0.656227685
           1,     0.635567688
           1,     0.606818080
           1,     0.574871870
           1,     0.586246848
           1,     0.556053325
           1,     0.486681779
           1,     0.473160577
           1,     0.499797429
           1,     0.510226623
           1,     0.521921895
           1,     0.545794395
           1,     0.536363877
           1,     0.490511129
           1,     0.393459077
           1,     0.341499765
           1,     0.359215931
           1,     0.379446789
           1,     0.389367908
           1,     0.400196633
           1,     0.415091507
           1,     0.409490528
           1,     0.368408465
           1,     0.343374584
           1,     0.357143440
           1,     0.388750746
           1,     0.421225084
           1,     0.448249886
           1,     0.455591173
           1,     0.459114506
           1,     0.480056028
           1,     0.516369222
           1,     0.485550924
           1,     0.377995973
           1,     0.324633174
           1,     0.321758186
           1,     0.332328718
           1,     0.344787189
           1,     0.366633794
           1,     0.404941251
           1,     0.428669085
           1,     0.425559159
           1,     0.398491025
           1,     0.383185462
           1,     0.372160367
           1,     0.371173153
           1,     0.356294545
           1,     0.339352179
           1,     0.304365068
           1,     0.287441489
           1,     0.299629029
           1,     0.319070815
           1,     0.320238604
           1,     0.302405608
           1,     0.301264454
           1,     0.314499522
           1,     0.329264018
           1,     0.330754560
           1,     0.310547581
           1,     0.277358587
           1,     0.250746398
           1,     0.257883402
           1,     0.267366495
           1,     0.269818516
           1,     0.280998316
           1,     0.294255601
           1,     0.308016632
           1,     0.313768602
           1,     0.311730125
           1,     0.301192943
           1,     0.294304811
           1,     0.290287978
           1,     0.285245531
           1,     0.291718534
           1,     0.281435973
           1,     0.269073508
           1,     0.263344373
           1,     0.268991725
           1,     0.246529696
           1,     0.251466664
           1,     0.277584682
           1,     0.297609381
           1,     0.292195847
           1,     0.266286779
           1,     0.247848483
           1,     0.230699028
           1,     0.228068815
           1,     0.233114554
           1,     0.241194800
           1,     0.250132419
           1,     0.250120374
           1,     0.253079456
           1,     0.245753199
           1,     0.238695063
           1,     0.195668466
           1,     0.172453963
           1,     0.169791409
           1,     0.178007742
           1,     0.180620707
           1,     0.183195183
           1,     0.183397908
           1,     0.178966139
           1,     0.182335922
           1,     0.188479453
           1,     0.191277694
           1,     0.192440329
           1,     0.187903130
           1,     0.188902068
           1,     0.192544435
           1,     0.189797842
           1,     0.166651171
           1,     0.147427018
           1,     0.139320763
           1,     0.138452863
           1,     0.136042539
           1,     0.132717451
           1,     0.131705688
           1,     0.144169744
           1,     0.138249407
           1,     0.128642117
           1,     0.130180104
           1,     0.131401661
           1,     0.131176979
           1,     0.131779055
           1,     0.130471661
           1,     0.127325412
           1,     0.121450627
           1,     0.114104607
           1,     0.112233735
           1,     0.111723125
           1,     0.111497843
           1,     0.111699381
           1,     0.113495567
           1,     0.114170873
           1,     0.113811422
           1,     0.112938141
           1,     0.112421958
           1,     0.110842040
           1,     0.110380461
           1,     0.110108062
           1,     0.108838778
           1,     0.109207484
           1,     0.109928689
           1,     0.111069484
           1,     0.112089204
           1,     0.113110181
           1,     0.116280138
           1,     0.119635247
           1,     0.112577505
           1,     0.111928567
           1,     0.113715954
           1,     0.117463212
           1,     0.121717378
           1,     0.127973767
           1,     0.134503733
           1,     0.128559286
           1,     0.126664551
           1,     0.132423007
           1,     0.139929561
           1,     0.119873203
           1,     0.112958471
           1,     0.110925548
           1,     0.106115181
           1,     0.104352281
           1,     0.103106062
           1,     0.102599294
           1,     0.103173004
           1,     0.103900534
           1,     0.104494412
           1,     0.105395788
           1,     0.105303771
           1,     0.105082543
           1,     0.103616280
           1,     0.103745501
           1,     0.103504667
           1,     0.102766230
           1,     0.102123147
           1,     0.103666294
           1,     0.104382358
           1,     0.104673910
           1,     0.105297219
           1,     0.102468941
           1,     0.103205950
           1,     0.103583925
           1,     0.102529366
           1,     0.101600610
           1,     0.102010223
           1,     0.102448753
           1,     0.102824621
           1,     0.103497374
           1,     0.102910837
           1,     0.101878610
           1,     0.100933645
           1,     0.100728340
           1,     0.101580915
           1,     0.102270814
           1,     0.102012860
           1,     0.100323054
           1,     0.100766704
           1,     0.101678636
           1,     0.101770241
           1,     0.103390528
           1,     0.106572240
           1,     0.107920873
           1,     0.108525415
           1,     0.109154022
           1,     0.110007775
           1,     0.111437691
           1,     0.111766261
           1,     0.111728362
           1,     0.109625581
           1,     0.105001878
           1,     0.102706965
           1,     0.103356339
           1,     0.105152972
           1,     0.108348963
           1,     0.110582428
           1,     0.111443452
           1,     0.113383997
           1,     0.114762056
           1,     0.115420456
           1,     0.115449650
           1,     0.115492308
           1,     0.115530917
           1,     0.113928805
           1,     0.110617889
           1,     0.112249129
           1,     0.112383716
           1,     0.112901907
           1,     0.113440816
           1,     0.115125351
           1,     0.114924981
           1,     0.126909744
           1,     0.149094581
           1,     0.169070871
           1,     0.167014093
           1,     0.166520570
           1,     0.151696917
           1,     0.153267655
           1,     0.165371149
           1,     0.183176776
           1,     0.206837588
           1,     0.219020722
           1,     0.235703014
           1,     0.253713488
           1,     0.278049639
           1,     0.278258199
           1,     0.245053394
           1,     0.254360921
           1,     0.244367047
           1,     0.229125162
           1,     0.253007496
           1,     0.259108236
           1,     0.242208873
           1,     0.244167827
           1,     0.238872130
           1,     0.230140924
           1,     0.218985462
           1,     0.211924322
           1,     0.195598624
           1,     0.199011648
           1,     0.223790667
           1,     0.251407823
           1,     0.290792928
           1,     0.318549969
           1,     0.343243953
           1,     0.362103816
           1,     0.382465978
           1,     0.397989461
           1,     0.411107350
           1,     0.417216270
           1,     0.409455363
           1,     0.428876942
           1,     0.478127096
           1,     0.469619275
           1,     0.391619913
           1,     0.397347550
           1,     0.468745451
           1,     0.501428635
           1,     0.454665254
           1,     0.399725329
           1,     0.362539022
           1,     0.355730463
           1,     0.348173094
           1,     0.350040985
           1,     0.374824719
           1,     0.407317093
           1,     0.444390886
           1,     0.452750986
           1,     0.424830700
           1,     0.428475813
           1,     0.417688228
           1,     0.445659366
           1,     0.466549465
           1,     0.449967174
           1,     0.474460567
           1,     0.500703819
           1,     0.531577151
           1,     0.563225119
           1,     0.558396197
           1,     0.542271044
           1,     0.515744309
           1,     0.522713843
           1,     0.565187277
           1,     0.596359493
           1,     0.634939716
           1,     0.627793139
           1,     0.612734896
           1,     0.553008453
           1,     0.528618318
           1,     0.481901040
           1,     0.482723357
           1,     0.530333212
           1,     0.572721213
           1,     0.598057663
           1,     0.577145498
           1,     0.570725847
           1,     0.595014925
           1,     0.640828315
           1,     0.671997582
           1,     0.713932246
           1,     0.764559922
           1,     0.797898254
           1,     0.806053629
           1,     0.778932152
           1,     0.651377609
           1,     0.552752177
           1,     0.487332492
           1,     0.487652794
           1,     0.530288427
           1,     0.560653732
           1,     0.585259463
           1,     0.598351334
           1,     0.613418828
           1,     0.622071848
           1,     0.650920927
           1,     0.621599883
           1,     0.555442650
           1,     0.549422267
           1,     0.619592703
           1,     0.654989003
           1,     0.639942198
           1,     0.635265769
           1,     0.641436314
           1,     0.647719352
           1,     0.635645750
           1,     0.636504003
           1,     0.651413734
           1,     0.611653411
           1,     0.546621274
           1,     0.509574491
           1,     0.532300387
           1,     0.544009136
           1,     0.558292325
           1,     0.577889682
           1,     0.648506832
           1,     0.753598375
           1,     0.847592353
           1,     0.832037766
           1,     0.745371621
           1,     0.717524010
           1,     0.753177783
           1,     0.750402625
           1,     0.841465252
           1,     0.879558334
           1,     0.904886382
           1,     0.935099183
           1,     0.874304516
           1,     0.909307014
           1,     0.937458011
           1,     0.930766934
           1,     0.944922604
           1,     0.769540199
           1,     0.692542350
           1,     0.634562998
           1,     0.582662202
           1,     0.598401595
           1,     0.650829779
           1,     0.696780936
           1,     0.662968549
           1,     0.628085979
           1,     0.657691946
           1,     0.704703437
           1,     0.719435188
           1,     0.764679658
           1,     0.753495672
           1,     0.718520450
           1,     0.737655825
           1,     0.698178795
           1,     0.674931462
           1,     0.654372132
           1,     0.633004710
           1,     0.640564764
           1,     0.645507236
           1,     0.658641233
           1,     0.653299357
           1,     0.652318243
           1,     0.647360116
           1,     0.652546137
           1,     0.669083261
           1,     0.618451444
           1,     0.599502523
           1,     0.631355934
           1,     0.646440547
           1,     0.669820208
           1,     0.701041974
           1,     0.698832986
           1,     0.682214769
           1,     0.659862640
           1,     0.540960416
           1,     0.523727545
           1,     0.521087606
           1,     0.530146446
           1,     0.566674929
           1,     0.540883510
           1,     0.524227302
           1,     0.511899631
           1,     0.536464066
           1,     0.521677268
           1,     0.521722877
           1,     0.530600207
           1,     0.514751790
           1,     0.519001313
           1,     0.514686922
           1,     0.568155827
           1,     0.619917507
           1,     0.629273368
           1,     0.527540337
           1,     0.457866399
           1,     0.447227926
           1,     0.446096914
           1,     0.473353895
           1,     0.504816319
           1,     0.515145645
           1,     0.523584889
           1,     0.540898090
           1,     0.492555362
           1,     0.437503395
           1,     0.420841529
           1,     0.409071446
           1,     0.408783734
           1,     0.421629283
           1,     0.426127013
           1,     0.430792094
           1,     0.444616174
           1,     0.441173523
           1,     0.429402926
           1,     0.409526763
           1,     0.397301018
           1,     0.384358460
           1,     0.353236180
           1,     0.324385074
           1,     0.309585657
           1,     0.314021740
           1,     0.318297031
           1,     0.328498248
           1,     0.305422102
           1,     0.294533132
           1,     0.288653248
           1,     0.271795173
           1,     0.259570925
           1,     0.276653282
           1,     0.308295664
           1,     0.316858593
           1,     0.309698299
           1,     0.300826410
           1,     0.282125591
           1,     0.246625490
           1,     0.227657462
           1,     0.207907515
           1,     0.203440098
           1,     0.213504033
           1,     0.223136546
           1,     0.221956415
           1,     0.214667179
           1,     0.200690998
           1,     0.197117752
           1,     0.204762561
           1,     0.221272926
           1,     0.233495762
           1,     0.239949378
           1,     0.240270434
           1,     0.229048528
           1,     0.215486847
           1,     0.211080203
           1,     0.218202390
           1,     0.187846228
           1,     0.167862778
           1,     0.171413357
           1,     0.161685521
           1,     0.156721286
           1,     0.150090753
           1,     0.149193388
           1,     0.159927132
           1,     0.182940398
           1,     0.174578967
           1,     0.160689701
           1,     0.151605126
           1,     0.150835690
           1,     0.148650304
           1,     0.146202271
           1,     0.155071528
           1,     0.153728772
           1,     0.154126169
           1,     0.162371256
           1,     0.169952731
           1,     0.159729164
           1,     0.146989241
           1,     0.140329025
           1,     0.137581231
           1,     0.145887329
           1,     0.168044854
           1,     0.168883240
           1,     0.167250486
           1,     0.164585453
           1,     0.155203638
           1,     0.158581648
           1,     0.159532813
           1,     0.146904908
           1,     0.140236105
           1,     0.137977024
           1,     0.139701545
           1,     0.153834351
           1,     0.165539247
           1,     0.165349592
           1,     0.158198001
           1,     0.157620768
           1,     0.156877473
           1,     0.155527259
           1,     0.141022267
           1,     0.137825549
           1,     0.141161927
           1,     0.151126474
           1,     0.159067578
           1,     0.161938638
           1,     0.149228180
           1,     0.138067452
           1,     0.136889090
           1,     0.135875931
           1,     0.134340126
           1,     0.133380973
           1,     0.132936060
           1,     0.129691943
           1,     0.131422559
           1,     0.131926608
           1,     0.130986189
           1,     0.129539198
           1,     0.128577443
           1,     0.129007405
           1,     0.131576107
           1,     0.131983892
           1,     0.134625674
           1,     0.139853343
           1,     0.153356312
           1,     0.174406214
           1,     0.187473882
           1,     0.197318748
           1,     0.215275224
           1,     0.236640425
           1,     0.254868476
           1,     0.260095095
           1,     0.247956480
           1,     0.232265368
           1,     0.212372375
           1,     0.207877816
           1,     0.207447074
           1,     0.195047573
           1,     0.174347561
           1,     0.174034216
           1,     0.170157619
           1,     0.183715442
           1,     0.199380523
           1,     0.196571219
           1,     0.189725645
           1,     0.172855105
           1,     0.153090660
           1,     0.149083703
           1,     0.146060542
           1,     0.145698970
           1,     0.162054806
           1,     0.183076259
           1,     0.201427245
           1,     0.221152902
           1,     0.237474164
           1,     0.270481192
           1,     0.297806457
           1,     0.289247213
           1,     0.272233338
           1,     0.267963835
           1,     0.286585498
           1,     0.292802948
           1,     0.304141442
           1,     0.325965068
           1,     0.313231650
           1,     0.282262225
           1,     0.278146712
           1,     0.296681641
           1,     0.299248184
           1,     0.297592093
           1,     0.308258098
           1,     0.311731895
           1,     0.277243614
           1,     0.289808116
           1,     0.332654621
           1,     0.365288951
           1,     0.411287580
           1,     0.449202960
           1,     0.421399180
           1,     0.349530440
           1,     0.322421033
           1,     0.314004463
           1,     0.308166011
           1,     0.311072958
           1,     0.330611972
           1,     0.328848967
           1,     0.334070861
           1,     0.372293839
           1,     0.371053967
           1,     0.380762951
           1,     0.418744021
           1,     0.382912267
           1,     0.324550889
           1,     0.341790915
           1,     0.364717114
           1,     0.386811990
           1,     0.387218257
           1,     0.392165033
           1,     0.337061207
           1,     0.338427131
           1,     0.352317386
           1,     0.334269020
           1,     0.306907520
           1,     0.317207433
           1,     0.341033752
           1,     0.357731196
           1,     0.357449273
           1,     0.356450739
           1,     0.340761633
           1,     0.302426924
           1,     0.328305682
           1,     0.362380639
           1,     0.406770293
           1,     0.479276391
           1,     0.443188379
           1,     0.398562517
           1,     0.404745876
           1,     0.429128780
           1,     0.433157148
           1,     0.463358236
           1,     0.497900933
           1,     0.539142915
           1,     0.593905170
           1,     0.652215428
           1,     0.666300562
           1,     0.681160020
           1,     0.617905608
           1,     0.522267224
           1,     0.514709614
           1,     0.511695851
           1,     0.522942383
           1,     0.530985809
           1,     0.525778746
           1,     0.537950016
           1,     0.568741664
           1,     0.549586069
           1,     0.535202671
           1,     0.549756234
           1,     0.541482354
           1,     0.503433278
           1,     0.505812268
           1,     0.536517025
           1,     0.577793566
           1,     0.623054472
           1,     0.659396357
           1,     0.592751090
           1,     0.600677349
           1,     0.656667123
           1,     0.695472633
           1,     0.721215809
           1,     0.704131358
           1,     0.660061917
           1,     0.621613239
           1,     0.508205335
           1,     0.490861580
           1,     0.527121782
           1,     0.606251127
           1,     0.680374572
           1,     0.677368702
           1,     0.684485979
           1,     0.640583369
           1,     0.539478226
           1,     0.523782564
           1,     0.512071875
           1,     0.518040175
           1,     0.544812275
           1,     0.590772988
           1,     0.631094043
           1,     0.702309035
           1,     0.801326898
           1,     0.896829145
           1,     0.911351278
           1,     0.734601415
           1,     0.679279500
           1,     0.709394447
           1,     0.751900576
           1,     0.688601766
           1,     0.674375493
           1,     0.718623163
           1,     0.724764252
           1,     0.730210610
           1,     0.722983556
           1,     0.728037604
           1,     0.739473699
           1,     0.758366329
           1,     0.767347642
           1,     0.748348071
           1,     0.773803692
           1,     0.834365253
           1,     0.715596551
           1,     0.502462623
           1,     0.437274065
           1,     0.445024424
           1,     0.480260787
           1,     0.546030781
           1,     0.606743114
           1,     0.572914162
           1,     0.545680408
           1,     0.556395428
           1,     0.575903563
           1,     0.592209347
           1,     0.626907233
           1,     0.649982728
           1,     0.607148487
           1,     0.585500339
           1,     0.615823216
           1,     0.678478907
           1,     0.635148275
           1,     0.599980259
           1,     0.641366628
           1,     0.694047299
           1,     0.730738825
           1,     0.768578585
           1,     0.759874057
           1,     0.744497782
           1,     0.751193494
           1,     0.821018275
           1,     0.866935198
           1,     0.803263231
           1,     0.779943684
           1,     0.632619355
           1,     0.532990874
           1,     0.549629080
           1,     0.567514960
           1,     0.575363885
           1,     0.594678786
           1,     0.632132159
           1,     0.710813339
           1,     0.773590818
           1,     0.810049284
           1,     0.838869205
           1,     0.721650114
           1,     0.627607995
           1,     0.572817080
           1,     0.551784659
           1,     0.565010089
           1,     0.546069325
           1,     0.494056263
           1,     0.502557568
           1,     0.500096871
           1,     0.489475669
           1,     0.450474202
           1,     0.436620131
           1,     0.467673408
           1,     0.489007173
           1,     0.490024400
           1,     0.505729584
           1,     0.558327801
           1,     0.602547909
           1,     0.588646302
           1,     0.546320288
           1,     0.527440928
           1,     0.555808805
           1,     0.568616169
           1,     0.560844438
           1,     0.611258618
           1,     0.649501287
           1,     0.644868243
           1,     0.623994838
           1,     0.620409815
           1,     0.598171360
           1,     0.541448896
           1,     0.524989883
           1,     0.530579240
           1,     0.546318979
           1,     0.497718326
           1,     0.480377219
           1,     0.485552818
           1,     0.509379421
           1,     0.521086593
           1,     0.532010341
           1,     0.557105192
           1,     0.575338799
           1,     0.568956915
           1,     0.573614789
           1,     0.555512711
           1,     0.503080354
           1,     0.498837191
           1,     0.486175892
           1,     0.483033319
           1,     0.481139617
           1,     0.489166697
           1,     0.512654229
           1,     0.507014328
           1,     0.481579298
           1,     0.466458434
           1,     0.465392584
           1,     0.455595617
           1,     0.464196940
           1,     0.458328157
           1,     0.452579188
           1,     0.445276163
           1,     0.411450774
           1,     0.396678339
           1,     0.381534454
           1,     0.360878930
           1,     0.361997949
           1,     0.354105989
           1,     0.364909987
           1,     0.370257331
           1,     0.357693738
           1,     0.349649667
           1,     0.286968616
           1,     0.258707969
           1,     0.237500639
           1,     0.245974248
           1,     0.288598516
           1,     0.286391727
           1,     0.288547176
           1,     0.318949314
           1,     0.330882517
           1,     0.328910167
           1,     0.332293075
           1,     0.340760630
           1,     0.349624673
           1,     0.359536642
           1,     0.376071070
           1,     0.379704523
           1,     0.348374065
           1,     0.321040044
           1,     0.307368114
           1,     0.307494454
           1,     0.277027723
           1,     0.231344197
           1,     0.215962064
           1,     0.203994918
           1,     0.195575125
           1,     0.190159815
           1,     0.183076817
           1,     0.176684716
           1,     0.174515465
           1,     0.175927534
           1,     0.179400356
           1,     0.198384603
           1,     0.213635210
           1,     0.230225909
           1,     0.245735017
           1,     0.251235249
           1,     0.235707634
           1,     0.225392233
           1,     0.217442625
           1,     0.228498669
           1,     0.240179132
           1,     0.246044831
           1,     0.245144191
           1,     0.225689194
           1,     0.200415033
           1,     0.181631736
           1,     0.191578086
           1,     0.225340723
           1,     0.245897916
           1,     0.257890934
           1,     0.259767836
           1,     0.240383017
           1,     0.219901289
           1,     0.195911380
           1,     0.185090232
           1,     0.200003751
           1,     0.215779634
           1,     0.222795928
           1,     0.221897530
           1,     0.218010127
           1,     0.217836732
           1,     0.216096034
           1,     0.210781114
           1,     0.203669875
           1,     0.200832733
           1,     0.210416369
           1,     0.224244583
           1,     0.232705653
           1,     0.241917269
           1,     0.239999081
           1,     0.229403425
           1,     0.198840027
           1,     0.206617950
           1,     0.200890417
           1,     0.195578328
           1,     0.186434542
           1,     0.171377078
           1,     0.159343553
           1,     0.156406782
           1,     0.159592934
           1,     0.162607158
           1,     0.161341831
           1,     0.162383874
           1,     0.193219742
           1,     0.217710519
           1,     0.227766946
           1,     0.235620792
           1,     0.247574825
           1,     0.221395351
           1,     0.210029523
           1,     0.230879344
           1,     0.257723869
           1,     0.271543203
           1,     0.291360854
           1,     0.319870435
           1,     0.312956441
           1,     0.300226837
           1,     0.254850448
           1,     0.224914766
           1,     0.218597537
           1,     0.210273069
           1,     0.225870169
           1,     0.231009859
           1,     0.246652609
           1,     0.265882751
           1,     0.301330021
           1,     0.314134412
           1,     0.313626240
           1,     0.284177167
           1,     0.222723771
           1,     0.205260958
           1,     0.190750048
           1,     0.181661733
           1,     0.189576521
           1,     0.177641814
           1,     0.180390552
           1,     0.191917278
           1,     0.212209444
           1,     0.246253555
           1,     0.282862958
           1,     0.317563558
           1,     0.330853039
           1,     0.313898253
           1,     0.298722087
           1,     0.309953094
           1,     0.309342369
           1,     0.261574130
           1,     0.256761780
           1,     0.291646832
           1,     0.333153656
           1,     0.370478139
           1,     0.372751241
           1,     0.382021889
           1,     0.368495790
           1,     0.327259785
           1,     0.299334999
           1,     0.240263233
           1,     0.267653265
           1,     0.295806371
           1,     0.305059190
           1,     0.332906311
           1,     0.353353525
           1,     0.356973288
           1,     0.354202094
           1,     0.362145139
           1,     0.379184358
           1,     0.374092629
           1,     0.364398143
           1,     0.370094473
           1,     0.368519275
           1,     0.398880348
           1,     0.402911262
           1,     0.364696965
           1,     0.367093275
           1,     0.376700996
           1,     0.394875345
           1,     0.406979254
           1,     0.412959641
           1,     0.462305519
           1,     0.507667094
           1,     0.540062870
           1,     0.543292471
           1,     0.505828371
           1,     0.524434884
           1,     0.537318262
           1,     0.521502903
           1,     0.518341778
           1,     0.563096380
           1,     0.536080876
           1,     0.445429528
           1,     0.430656528
           1,     0.447925299
           1,     0.475331732
           1,     0.456521826
           1,     0.432853033
           1,     0.486078453
           1,     0.531109660
           1,     0.547069570
           1,     0.543627887
           1,     0.563152801
           1,     0.595301906
           1,     0.555132062
           1,     0.534617246
           1,     0.538805857
           1,     0.532077278
           1,     0.495417461
           1,     0.419572991
           1,     0.393686889
           1,     0.419517205
           1,     0.502027872
           1,     0.516207105
           1,     0.416180458
           1,     0.436875294
           1,     0.504963201
           1,     0.552974862
           1,     0.556950195
           1,     0.532665268
           1,     0.514961550
           1,     0.519445773
           1,     0.565800840
           1,     0.610642633
           1,     0.637955877
           1,     0.601376815
           1,     0.650196766
           1,     0.667361980
           1,     0.583521338
           1,     0.471679690
           1,     0.502638482
           1,     0.586655039
           1,     0.707425726
           1,     0.779429832
           1,     0.855259091
           1,     0.799850517
           1,     0.681435540
           1,     0.713238323
           1,     0.805682053
           1,     0.854907207
           1,     0.879009639
           1,     0.973593434
           1,     1.089506503
