           1     0.844210503
           1     0.834740930
           1     0.827276467
           1     0.700192843
           1     0.578139839
           1     0.483773725
           1     0.425193827
           1     0.389982078
           1     0.359958867
           1     0.332775249
           1     0.304351701
           1     0.279700407
           1     0.257243503
           1     0.242271466
           1     0.239513339
           1     0.258994123
           1     0.243703953
           1     0.227236914
           1     0.212572473
           1     0.214941125
           1     0.247590863
           1     1.167183751
           1     1.234252763
           1     1.325222992
           1     1.384265577
           1     1.198610776
           1     0.998864885
           1     0.818717384
           1     0.671273926
           1     0.560247188
           1     0.740844207
           1     0.832224544
           1     0.790585834
           1     1.159788232
           1     1.636907460
           1     1.920484491
           1     1.923107780
           1     1.926721296
           1     1.930076249
           1     1.933564509
           1     1.936663232
           1     1.939143773
           1     1.940958887
           1     1.900483747
           1     1.733764092
           1     1.790655031
           1     1.944102971
           1     1.951681270
           1     1.960477006
           1     1.966035075
           1     1.969644833
           1     1.972215884
           1     1.974518454
           1     1.976056878
           1     1.969470097
           1     1.977838188
           1     1.978602931
           1     1.979120011
           1     1.938220224
           1     1.842522236
           1     1.712438942
           1     1.600285198
           1     1.513912000
           1     1.427568823
           1     1.330018664
           1     1.201860973
           1     1.078690075
           1     0.969434412
           1     0.871404489
           1     0.786317175
           1     0.702789610
           1     0.634584486
           1     0.591312566
           1     0.562530538
           1     0.531343532
           1     0.497446518
           1     0.471660824
           1     0.451285381
           1     0.434161874
           1     0.420522376
           1     0.408686134
           1     0.397507474
           1     0.387433149
           1     0.410229913
           1     1.328801389
           1     1.700858652
           1     1.735809022
           1     1.763765727
           1     1.732285169
           1     1.610792837
           1     1.480747856
           1     1.363937377
           1     1.263501346
           1     1.214387191
           1     1.144267075
           1     1.044126873
           1     0.924475485
           1     0.820261416
           1     0.734195372
           1     0.851010563
           1     0.930244339
           1     0.815054155
           1     0.725489932
           1     0.806565286
           1     0.917505648
           1     0.908406642
           1     1.227686293
           1     1.170690081
           1     1.098670121
           1     1.082682087
           1     1.293395385
           1     1.235086629
           1     1.167618381
           1     1.087648856
           1     0.996349969
           1     0.974922587
           1     0.897646950
           1     0.818355936
           1     0.761469331
           1     0.708471855
           1     0.650523517
           1     0.599409976
           1     0.557595581
           1     0.524153049
           1     0.498162471
           1     0.468553084
           1     0.436470407
           1     0.414254640
           1     0.405414810
           1     0.447328389
           1     0.424742807
           1     0.400725532
           1     0.467747539
           1     0.656406771
           1     0.771357390
           1     1.314666825
           1     1.595632873
           1     1.656770157
           1     1.788716533
           1     1.960995258
           1     1.974689490
           1     1.996302532
           1     1.999898528
           1     1.999900282
           1     1.999902542
           1     1.999905188
           1     1.999908106
           1     1.999911205
           1     1.999914427
           1     1.999917730
           1     1.999921079
           1     1.999924442
           1     1.999927792
           1     1.999931098
           1     1.999934331
           1     1.999937465
           1     1.990507923
           1     1.999943430
           1     1.999948089
           1     1.999957312
           1     1.999971218
           1     1.999990447
           1     2.000000000
           1     2.000000000
           1     2.000000000
           1     2.000000000
           1     2.000000000
           1     2.000000000
           1     2.000000000
           1     2.000000000
           1     2.000000000
           1     2.000000000
           1     2.000000000
           1     2.000000000
           1     2.000000000
           1     2.000000000
           1     2.000000000
           1     2.000000000
           1     2.000000000
           1     2.000000000
           1     2.000000000
           1     2.000000000
           1     2.000000000
           1     2.000000000
           1     2.000000000
           1     2.000000000
           1     2.000000000
           1     2.000000000
           1     2.000000000
           1     2.000000000
           1     2.000000000
           1     2.000000000
           1     2.000000000
           1     2.000000000
           1     2.000000000
           1     2.000000000
           1     2.000000000
           1     2.000000000
           1     2.000000000
           1     2.000000000
           1     2.000000000
           1     2.000000000
           1     2.000000000
           1     2.000000000
           1     2.000000000
           1     2.000000000
           1     2.000000000
           1     2.000000000
           1     2.000000000
           1     2.000000000
           1     2.000000000
           1     2.000000000
           1     2.000000000
           1     2.000000000
           1     2.000000000
           1     2.000000000
           1     2.000000000
           1     2.000000000
           1     2.000000000
           1     2.000000000
           1     2.000000000
           1     2.000000000
           1     2.000000000
           1     2.000000000
           1     2.000000000
           1     2.000000000
           1     2.000000000
           1     2.000000000
           1     2.000000000
           1     2.000000000
           1     2.000000000
           1     2.000000000
           1     2.000000000
           1     2.000000000
           1     2.000000000
           1     2.000000000
           1     2.000000000
           1     2.000000000
           1     2.000000000
           1     2.000000000
           1     2.000000000
           1     2.000000000
           1     2.000000000
           1     2.000000000
           1     2.000000000
           1     2.000000000
           1     2.000000000
           1     2.000000000
           1     2.000000000
           1     2.000000000
           1     2.000000000
           1     2.000000000
           1     2.000000000
           1     2.000000000
           1     2.000000000
           1     2.000000000
           1     2.000000000
           1     2.000000000
           1     2.000000000
           1     2.000000000
           1     2.000000000
           1     2.000000000
           1     2.000000000
           1     2.000000000
           1     2.000000000
           1     2.000000000
           1     2.000000000
           1     2.000000000
           1     2.000000000
           1     2.000000000
           1     2.000000000
           1     2.000000000
           1     2.000000000
           1     2.000000000
           1     2.000000000
           1     2.000000000
           1     2.000000000
           1     2.000000000
           1     2.000000000
           1     2.000000000
           1     2.000000000
           1     2.000000000
           1     2.000000000
           1     2.000000000
           1     2.000000000
           1     2.000000000
           1     2.000000000
           1     2.000000000
           1     2.000000000
           1     2.000000000
           1     2.000000000
           1     2.000000000
           1     2.000000000
           1     2.000000000
           1     2.000000000
           1     2.000000000
           1     2.000000000
           1     2.000000000
           1     2.000000000
           1     2.000000000
           1     1.973266885
           1     1.899192367
           1     1.784045810
           1     1.657423939
           1     1.508098818
           1     1.369047507
           1     1.276897738
           1     1.219796762
           1     1.167654046
           1     1.064177252
           1     0.955602816
           1     0.839988733
           1     0.765313873
           1     0.720882666
           1     0.691920318
           1     0.674852941
           1     0.659650104
           1     0.646430173
           1     0.633104161
           1     0.616975661
           1     0.601861408
           1     0.586264076
           1     0.571454365
           1     0.580861482
           1     0.698290172
           1     0.657972526
           1     0.613151160
           1     0.587941097
           1     0.598032266
           1     1.138543158
           1     1.320729482
           1     1.244362407
           1     1.177960900
           1     1.352330982
           1     1.299270016
           1     1.122299790
           1     0.933886328
           1     0.836887579
           1     1.260831009
           1     1.756212938
           1     1.704918582
           1     1.505654550
           1     1.470573417
           1     1.526133164
           1     1.399665931
           1     1.218216413
           1     1.025756679
           1     0.833652958
           1     0.673549124
           1     0.575750815
           1     0.529983501
           1     0.616073029
           1     0.792025872
           1     0.666745847
           1     0.569075573
           1     0.494775131
           1     0.453237985
           1     0.423493568
           1     0.405623488
           1     0.395197152
           1     0.388776185
           1     0.389765005
           1     0.394315002
           1     0.377242151
           1     0.508144326
           1     1.172821907
           1     1.097059776
           1     0.927511461
           1     0.740603802
           1     0.578367977
           1     0.471183420
           1     0.399692170
           1     0.365052376
           1     0.342618851
           1     0.319230048
           1     0.300615290
           1     0.288176621
           1     0.280961491
           1     0.274041091
           1     0.267318127
           1     0.260506209
           1     0.252521726
           1     0.242620289
           1     0.234263311
           1     0.228348401
           1     0.221606863
           1     0.215301610
           1     0.212264673
           1     0.210962752
           1     0.209088179
           1     0.205459320
           1     0.202398175
           1     0.201207198
           1     0.199211110
           1     0.196570142
           1     0.200737931
           1     0.200351177
           1     0.198724559
           1     0.197024247
           1     0.195050202
           1     0.192753807
           1     0.190380541
           1     0.188301036
           1     0.185992364
           1     0.197633781
           1     0.729122018
           1     0.629303921
           1     0.553316894
           1     0.496008924
           1     0.455813197
           1     0.415933824
           1     0.408437030
           1     0.476122237
           1     0.433684654
           1     0.397221931
           1     0.371890782
           1     1.286201274
           1     1.520163206
           1     1.596003950
           1     1.499304840
           1     1.280117507
           1     1.100775993
           1     1.339727273
           1     1.618908783
           1     1.593854137
           1     1.495584024
           1     1.350325485
           1     1.210911201
           1     1.088013895
           1     0.973247734
           1     0.874401203
           1     1.043706614
           1     0.974044278
           1     0.928331718
           1     0.876153753
           1     0.760434892
           1     0.646677329
           1     0.565488104
           1     0.506870585
           1     0.469767982
           1     0.446468024
           1     0.422195523
           1     0.498729764
           1     0.995738195
           1     0.924102959
           1     0.835220065
           1     0.754112807
           1     0.673263377
           1     0.592291749
           1     0.517322572
           1     0.472322850
           1     0.530701517
           1     0.757148721
           1     0.789594117
           1     0.712446504
           1     0.650891109
           1     0.688123583
           1     0.790559563
           1     0.719393217
           1     0.650499973
           1     0.571885826
           1     0.506624735
           1     0.485626031
           1     0.494554394
           1     0.456969593
           1     0.424189194
           1     0.401995285
           1     0.539514098
           1     1.184213506
           1     1.240320461
           1     1.273946849
           1     1.168825852
           1     1.075933490
           1     0.988562565
           1     0.907985746
           1     0.827072828
           1     0.751850654
           1     0.687464063
           1     0.628244346
           1     0.583189734
           1     0.542220898
           1     0.736484181
           1     1.223837088
           1     1.162140576
           1     1.093847469
           1     1.037536204
           1     0.976828531
           1     0.901376471
           1     0.828205418
           1     0.747758582
           1     0.667157667
           1     0.592519106
           1     0.536764059
           1     0.653211894
           1     0.733419412
           1     0.687342268
           1     0.666864997
           1     0.659532187
           1     0.630559632
           1     0.626195553
           1     0.629036764
           1     0.607951131
           1     0.708994641
           1     1.311966590
           1     1.513105837
           1     1.784870617
           1     1.940906335
           1     1.977978834
           1     1.990952437
           1     1.994700317
           1     1.973299418
           1     1.931977901
           1     1.898252254
           1     1.867977908
           1     1.829440196
           1     1.788979389
           1     1.840189832
           1     1.960665913
           1     2.000000000
           1     2.000000000
           1     2.000000000
           1     2.000000000
           1     2.000000000
           1     2.000000000
           1     2.000000000
           1     2.000000000
           1     2.000000000
           1     2.000000000
           1     2.000000000
           1     2.000000000
           1     2.000000000
           1     2.000000000
           1     2.000000000
           1     2.000000000
           1     2.000000000
           1     2.000000000
           1     2.000000000
           1     2.000000000
           1     2.000000000
           1     2.000000000
           1     2.000000000
           1     2.000000000
           1     2.000000000
           1     2.000000000
           1     2.000000000
           1     2.000000000
           1     2.000000000
           1     2.000000000
           1     2.000000000
           1     2.000000000
           1     2.000000000
           1     2.000000000
           1     2.000000000
           1     2.000000000
           1     2.000000000
           1     2.000000000
           1     2.000000000
           1     2.000000000
           1     2.000000000
           1     2.000000000
           1     2.000000000
           1     2.000000000
           1     2.000000000
           1     2.000000000
           1     2.000000000
           1     2.000000000
           1     2.000000000
           1     2.000000000
           1     2.000000000
           1     2.000000000
           1     2.000000000
           1     2.000000000
           1     2.000000000
           1     2.000000000
           1     2.000000000
           1     2.000000000
           1     2.000000000
           1     2.000000000
           1     2.000000000
           1     2.000000000
           1     2.000000000
           1     2.000000000
           1     2.000000000
           1     2.000000000
           1     2.000000000
           1     2.000000000
           1     2.000000000
           1     2.000000000
           1     2.000000000
           1     2.000000000
           1     2.000000000
           1     2.000000000
           1     2.000000000
           1     2.000000000
           1     2.000000000
           1     2.000000000
           1     2.000000000
           1     2.000000000
           1     2.000000000
           1     2.000000000
           1     2.000000000
           1     2.000000000
           1     2.000000000
           1     2.000000000
           1     2.000000000
           1     2.000000000
           1     2.000000000
           1     2.000000000
           1     2.000000000
           1     2.000000000
           1     2.000000000
           1     2.000000000
           1     2.000000000
           1     2.000000000
           1     2.000000000
           1     2.000000000
           1     2.000000000
           1     2.000000000
           1     2.000000000
           1     2.000000000
           1     2.000000000
           1     2.000000000
           1     2.000000000
           1     2.000000000
           1     2.000000000
           1     2.000000000
           1     2.000000000
           1     2.000000000
           1     2.000000000
           1     2.000000000
           1     2.000000000
           1     2.000000000
           1     2.000000000
           1     2.000000000
           1     2.000000000
           1     2.000000000
           1     2.000000000
           1     2.000000000
           1     2.000000000
           1     2.000000000
           1     2.000000000
           1     2.000000000
           1     2.000000000
           1     2.000000000
           1     2.000000000
           1     2.000000000
           1     2.000000000
           1     2.000000000
           1     2.000000000
           1     2.000000000
           1     2.000000000
           1     2.000000000
           1     2.000000000
           1     2.000000000
           1     2.000000000
           1     2.000000000
           1     2.000000000
           1     2.000000000
           1     2.000000000
           1     2.000000000
           1     2.000000000
           1     2.000000000
           1     2.000000000
           1     2.000000000
           1     2.000000000
           1     2.000000000
           1     2.000000000
           1     2.000000000
           1     2.000000000
           1     2.000000000
           1     2.000000000
           1     2.000000000
           1     2.000000000
           1     2.000000000
           1     2.000000000
           1     2.000000000
           1     2.000000000
           1     2.000000000
           1     1.972567757
           1     1.853188697
           1     1.724310022
           1     1.596952853
           1     1.469536552
           1     1.290945783
           1     1.144373235
           1     1.086376928
           1     1.002846177
           1     0.910212589
           1     1.107378852
           1     1.806046933
           1     2.000000000
           1     2.000000000
           1     2.000000000
           1     2.000000000
           1     2.000000000
           1     2.000000000
           1     2.000000000
           1     2.000000000
           1     1.963483149
           1     2.000000000
           1     2.000000000
           1     2.000000000
           1     2.000000000
           1     2.000000000
           1     2.000000000
           1     1.917782987
           1     1.816779311
           1     1.696862515
           1     1.519356625
           1     1.331981358
           1     1.152215503
           1     1.024012730
           1     0.926741566
           1     0.850511060
           1     0.823263846
           1     0.760328821
           1     0.772111179
           1     0.806597217
           1     1.376627530
           1     1.811046586
           1     2.000000000
           1     2.000000000
           1     2.000000000
           1     2.000000000
           1     2.000000000
           1     1.934403310
           1     1.799308837
           1     1.649007396
           1     1.468084146
           1     1.300159603
           1     1.115175526
           1     0.943212988
           1     0.815452132
           1     0.742039835
           1     0.703591706
           1     0.965872839
           1     1.879290629
           1     1.992436666
           1     2.000000000
           1     1.960037837
           1     1.772470427
           1     1.576058167
           1     1.443803624
           1     1.285681504
           1     1.082466549
           1     0.952461661
           1     1.221192925
           1     1.044551249
           1     0.872745053
           1     0.764179156
           1     1.089402147
           1     1.627671430
           1     1.406288637
           1     1.200512219
           1     0.998144650
           1     0.831866571
           1     0.716516016
           1     0.615745435
           1     0.558152641
           1     0.624574674
           1     0.699460488
           1     0.637133435
           1     0.574358681
           1     0.537453086
           1     0.503768984
           1     0.475025725
           1     0.455085790
           1     0.440283994
           1     0.488002865
           1     0.630732901
           1     0.653528652
           1     0.625501706
           1     0.735937562
           1     0.636257133
           1     0.552040690
           1     0.492245996
           1     0.445331155
           1     0.407111015
           1     0.380633834
           1     0.356756583
           1     0.339320154
           1     0.329680578
           1     0.333078117
           1     0.328375369
           1     0.323406206
           1     0.394956879
           1     0.380948089
           1     0.351113495
           1     0.328019790
           1     0.311187097
           1     0.301640246
           1     0.294656104
           1     0.288590341
           1     0.281832196
           1     0.275340898
           1     0.269020718
           1     0.265938547
           1     0.261679960
           1     0.259750813
           1     0.258212381
           1     0.254015822
           1     0.251221169
           1     0.247054790
           1     0.242651942
           1     0.238485254
           1     0.234050683
           1     0.231010167
           1     0.229641557
           1     0.228542716
           1     0.226943469
           1     0.226036035
           1     0.225241916
           1     0.224014436
           1     0.222642264
           1     0.221132657
           1     0.218995301
           1     0.217181170
           1     0.216347952
           1     0.215116763
           1     0.214936208
           1     0.214634534
           1     0.213936053
           1     0.213225226
           1     0.212607353
           1     0.273614430
           1     0.412182925
           1     0.461633004
           1     0.507763666
           1     0.468525913
           1     0.437717014
           1     0.410068836
           1     0.418930989
           1     0.424341010
           1     0.401938477
           1     0.380067844
           1     0.357104956
           1     0.371504392
           1     0.448870058
           1     0.431812931
           1     0.408753160
           1     0.385450765
           1     0.362976734
           1     0.345230347
           1     0.330682437
           1     0.322650919
           1     0.319978810
           1     0.359748054
           1     0.341879072
           1     0.329570716
           1     0.323339808
           1     0.315581827
           1     0.306181021
           1     0.297567506
           1     0.289728953
           1     0.281280886
           1     0.271551918
           1     0.263559899
           1     0.257223548
           1     0.253281580
           1     0.252290364
           1     0.251127032
           1     0.250672944
           1     0.261547029
           1     0.261009371
           1     0.256400524
           1     0.254111754
           1     0.299772089
           1     0.299171512
           1     0.642532244
           1     1.110066452
           1     1.052303345
           1     1.010870236
           1     0.953280188
           1     0.904289262
           1     1.294067378
           1     1.662161941
           1     1.908242211
           1     1.964384565
           1     1.989625937
           1     2.000000000
           1     2.000000000
           1     2.000000000
           1     2.000000000
           1     2.000000000
           1     2.000000000
           1     2.000000000
           1     2.000000000
           1     2.000000000
           1     2.000000000
           1     2.000000000
           1     2.000000000
           1     2.000000000
           1     2.000000000
           1     2.000000000
           1     2.000000000
           1     2.000000000
           1     2.000000000
           1     2.000000000
           1     2.000000000
           1     2.000000000
           1     2.000000000
           1     2.000000000
           1     2.000000000
           1     2.000000000
           1     2.000000000
           1     2.000000000
           1     2.000000000
           1     2.000000000
           1     2.000000000
           1     2.000000000
           1     2.000000000
           1     2.000000000
           1     2.000000000
           1     2.000000000
           1     2.000000000
           1     2.000000000
           1     2.000000000
           1     2.000000000
           1     2.000000000
           1     2.000000000
           1     2.000000000
           1     2.000000000
           1     2.000000000
           1     2.000000000
           1     2.000000000
           1     2.000000000
           1     2.000000000
           1     2.000000000
           1     2.000000000
           1     2.000000000
           1     2.000000000
           1     2.000000000
           1     2.000000000
           1     2.000000000
           1     2.000000000
           1     2.000000000
           1     2.000000000
           1     2.000000000
           1     2.000000000
           1     2.000000000
           1     2.000000000
           1     2.000000000
           1     2.000000000
           1     2.000000000
           1     2.000000000
           1     2.000000000
           1     2.000000000
           1     2.000000000
           1     2.000000000
           1     2.000000000
           1     2.000000000
           1     2.000000000
           1     2.000000000
           1     2.000000000
           1     2.000000000
           1     2.000000000
           1     2.000000000
           1     2.000000000
           1     2.000000000
           1     2.000000000
           1     2.000000000
           1     2.000000000
           1     2.000000000
           1     2.000000000
           1     2.000000000
           1     2.000000000
           1     2.000000000
           1     2.000000000
           1     2.000000000
           1     2.000000000
           1     2.000000000
           1     2.000000000
           1     2.000000000
           1     2.000000000
           1     2.000000000
           1     2.000000000
           1     2.000000000
           1     2.000000000
           1     2.000000000
           1     2.000000000
           1     2.000000000
           1     2.000000000
           1     2.000000000
           1     2.000000000
           1     2.000000000
           1     2.000000000
           1     2.000000000
           1     2.000000000
           1     2.000000000
           1     2.000000000
           1     2.000000000
           1     2.000000000
           1     2.000000000
           1     2.000000000
           1     2.000000000
           1     2.000000000
           1     2.000000000
           1     2.000000000
           1     2.000000000
           1     2.000000000
           1     2.000000000
           1     2.000000000
           1     2.000000000
           1     2.000000000
           1     2.000000000
           1     2.000000000
           1     2.000000000
           1     2.000000000
           1     2.000000000
           1     2.000000000
           1     2.000000000
           1     2.000000000
           1     2.000000000
           1     2.000000000
           1     2.000000000
           1     2.000000000
           1     1.985950650
           1     1.980092180
           1     1.989377251
           1     1.974064980
           1     1.950745459
           1     1.996921386
           1     2.000000000
           1     2.000000000
           1     2.000000000
           1     2.000000000
           1     2.000000000
           1     2.000000000
           1     2.000000000
           1     2.000000000
           1     2.000000000
           1     2.000000000
           1     2.000000000
           1     2.000000000
           1     2.000000000
           1     2.000000000
           1     2.000000000
           1     2.000000000
           1     2.000000000
           1     2.000000000
           1     2.000000000
           1     2.000000000
           1     2.000000000
           1     2.000000000
           1     2.000000000
           1     2.000000000
           1     2.000000000
           1     2.000000000
           1     2.000000000
           1     2.000000000
           1     2.000000000
           1     2.000000000
           1     2.000000000
           1     2.000000000
           1     2.000000000
           1     2.000000000
           1     2.000000000
           1     2.000000000
           1     2.000000000
           1     2.000000000
           1     2.000000000
           1     1.996884348
           1     1.877803938
           1     1.722490294
           1     1.572944304
           1     1.811120869
           1     2.000000000
           1     1.942002520
           1     1.865535315
           1     1.941310245
           1     1.944771789
           1     1.959224821
           1     2.000000000
           1     2.000000000
           1     2.000000000
           1     2.000000000
           1     2.000000000
           1     2.000000000
           1     2.000000000
           1     2.000000000
           1     2.000000000
           1     2.000000000
           1     2.000000000
           1     2.000000000
           1     1.990363076
           1     1.909202255
           1     1.762481718
           1     1.619655998
           1     1.515256976
           1     1.417665654
           1     1.279021218
           1     1.151597306
           1     1.078708785
           1     1.034174823
           1     0.965455874
           1     0.876805857
           1     0.812231314
           1     0.771519366
           1     0.741890442
           1     1.146026345
           1     1.282169362
           1     1.204498025
           1     1.052025537
           1     0.921263465
           1     0.853194358
           1     0.806953341
           1     0.760748033
           1     0.721135486
           1     0.692303627
           1     0.669834966
           1     0.651487935
           1     0.735080060
           1     0.755251024
           1     0.708146038
           1     0.669910899
           1     1.799268375
           1     2.000000000
           1     2.000000000
           1     1.970625616
           1     1.864847194
           1     1.750277099
           1     1.600796333
           1     1.444396340
           1     1.309669014
           1     1.208712291
           1     1.236112889
           1     1.061084100
           1     0.874231278
           1     1.117931891
           1     1.979796756
           1     2.000000000
           1     2.000000000
           1     2.000000000
           1     2.000000000
           1     2.000000000
           1     2.000000000
           1     2.000000000
           1     2.000000000
           1     2.000000000
           1     2.000000000
           1     1.953112171
           1     1.881457832
           1     1.850587896
           1     1.769757904
           1     1.702978452
           1     1.596900902
           1     1.678119618
           1     1.748496989
           1     1.668481950
           1     1.536763118
           1     1.396135025
           1     1.241477068
           1     1.079593615
           1     0.957978871
           1     0.858014551
           1     0.765156780
           1     0.715863134
           1     0.687085025
           1     0.658899464
           1     1.064982136
           1     1.285723682
           1     1.168329374
           1     1.054835845
           1     0.940199908
           1     0.814732183
           1     0.727857361
           1     0.677692625
           1     0.639015638
           1     0.607508593
           1     0.633022101
           1     1.216323622
           1     1.358784412
           1     1.263758628
           1     1.168496297
           1     1.071833541
           1     1.163677501
           1     1.339938305
           1     1.254215848
           1     1.151521567
           1     1.044046865
           1     0.956796800
           1     0.862761530
           1     0.762585819
           1     0.681333012
           1     0.629756364
           1     0.594146316
           1     0.570882870
           1     0.549239792
           1     0.654985427
           1     0.966369289
           1     0.874296448
           1     0.781359457
           1     0.710825615
           1     0.663494662
           1     0.619829783
           1     0.595746352
           1     1.159268833
           1     1.032046447
           1     0.930773632
           1     0.975835779
           1     1.349183256
           1     1.292646924
           1     1.238946546
           1     1.147981281
           1     1.055130422
           1     0.983288580
           1     0.901691953
           1     0.821556756
           1     0.747460010
           1     0.679572943
           1     0.624420158
           1     0.574613417
           1     0.525720343
           1     0.493576452
           1     0.510808995
           1     0.509067208
           1     0.484965704
           1     0.469013967
           1     0.457319551
           1     0.447294011
           1     0.437962604
           1     0.427127183
           1     0.419941155
           1     0.417737893
           1     0.416614114
           1     0.415452162
           1     0.412273637
           1     0.407575957
           1     0.404583670
           1     0.402424345
           1     0.400295785
           1     0.399161497
           1     0.399076621
           1     0.398454641
           1     0.397639818
           1     0.396918249
           1     0.396529645
           1     0.395605572
           1     0.394677934
           1     0.446964840
           1     0.486154225
           1     0.497433467
           1     0.602671741
           1     0.698034822
           1     0.742614203
           1     0.709279434
           1     0.679219919
           1     0.658401616
           1     0.629290021
           1     0.596318045
           1     0.570168675
           1     0.547184954
           1     0.527720106
           1     0.518610975
           1     0.513783750
           1     0.506498783
           1     0.506006352
           1     1.745834233
           1     2.000000000
           1     2.000000000
           1     2.000000000
           1     2.000000000
           1     2.000000000
           1     2.000000000
           1     2.000000000
           1     2.000000000
           1     2.000000000
           1     2.000000000
           1     2.000000000
           1     2.000000000
           1     2.000000000
           1     2.000000000
           1     2.000000000
           1     2.000000000
           1     2.000000000
           1     2.000000000
           1     2.000000000
           1     2.000000000
           1     2.000000000
           1     2.000000000
           1     2.000000000
           1     2.000000000
           1     2.000000000
           1     2.000000000
           1     2.000000000
           1     2.000000000
           1     2.000000000
           1     2.000000000
           1     2.000000000
           1     2.000000000
           1     2.000000000
           1     2.000000000
           1     2.000000000
           1     2.000000000
           1     2.000000000
           1     2.000000000
           1     2.000000000
           1     2.000000000
           1     2.000000000
           1     2.000000000
           1     2.000000000
           1     2.000000000
           1     2.000000000
           1     2.000000000
           1     2.000000000
           1     2.000000000
           1     2.000000000
           1     2.000000000
           1     2.000000000
           1     2.000000000
           1     2.000000000
           1     2.000000000
           1     2.000000000
           1     2.000000000
           1     2.000000000
           1     2.000000000
           1     2.000000000
           1     2.000000000
           1     2.000000000
           1     2.000000000
           1     2.000000000
           1     2.000000000
           1     2.000000000
           1     2.000000000
           1     2.000000000
           1     2.000000000
           1     2.000000000
           1     2.000000000
           1     2.000000000
           1     2.000000000
           1     2.000000000
           1     2.000000000
           1     2.000000000
           1     2.000000000
           1     2.000000000
           1     2.000000000
           1     2.000000000
           1     2.000000000
           1     2.000000000
           1     2.000000000
           1     2.000000000
           1     2.000000000
           1     2.000000000
           1     2.000000000
           1     2.000000000
           1     2.000000000
           1     2.000000000
           1     2.000000000
           1     2.000000000
           1     2.000000000
           1     2.000000000
           1     2.000000000
           1     2.000000000
           1     2.000000000
           1     2.000000000
           1     2.000000000
           1     2.000000000
           1     2.000000000
           1     2.000000000
           1     2.000000000
           1     2.000000000
           1     2.000000000
           1     2.000000000
           1     2.000000000
           1     2.000000000
           1     2.000000000
           1     2.000000000
           1     2.000000000
           1     2.000000000
           1     2.000000000
           1     2.000000000
           1     2.000000000
           1     2.000000000
           1     2.000000000
           1     2.000000000
           1     2.000000000
           1     2.000000000
           1     2.000000000
           1     2.000000000
           1     2.000000000
           1     2.000000000
           1     2.000000000
           1     2.000000000
           1     2.000000000
           1     2.000000000
           1     2.000000000
           1     2.000000000
           1     2.000000000
           1     2.000000000
           1     2.000000000
           1     2.000000000
           1     2.000000000
           1     2.000000000
           1     2.000000000
           1     2.000000000
           1     2.000000000
           1     2.000000000
           1     2.000000000
           1     2.000000000
           1     2.000000000
           1     2.000000000
           1     2.000000000
           1     2.000000000
           1     2.000000000
           1     2.000000000
           1     2.000000000
           1     2.000000000
           1     2.000000000
           1     2.000000000
           1     2.000000000
           1     2.000000000
           1     2.000000000
           1     2.000000000
           1     2.000000000
           1     2.000000000
           1     2.000000000
           1     2.000000000
           1     1.997232810
           1     1.948012451
           1     1.871182660
           1     1.771619947
           1     1.680786219
           1     1.615874867
           1     1.584095355
           1     1.557887733
           1     1.838818894
           1     1.813000793
           1     1.811699169
           1     1.875959102
           1     1.830931082
           1     1.724152075
           1     2.000000000
           1     2.000000000
           1     2.000000000
           1     2.000000000
           1     2.000000000
           1     2.000000000
           1     2.000000000
           1     2.000000000
           1     1.969058712
           1     1.845963052
           1     1.688044244
           1     1.537278898
           1     1.369239480
           1     1.193068025
           1     1.088940218
           1     1.064922736
           1     1.086632975
           1     1.036101434
           1     0.933250165
           1     0.820953494
           1     0.743013445
           1     0.692342120
           1     0.660965888
           1     0.648404546
           1     0.633758851
           1     0.615458836
           1     0.598742458
           1     0.580517135
           1     0.562009796
           1     0.544607093
