           1     6.490104003
           1     5.556628787
           1     9.221073119
           1     9.396218551
           1     9.558818769
           1     9.217932707
           1     6.990291542
           1     8.522050167
           1     6.394266836
           1     4.658529476
           1     2.341040866
           1     5.930968081
           1     6.750025737
           1     4.464819154
           1     5.541381294
           1     5.165694006
           1     3.629465961
           1     2.411025547
           1     1.137948482
           1     0.782210454
           1     1.388216916
           1     3.835573607
           1     8.610328467
           1     5.016446424
           1     6.470839614
           1     7.991654844
           1     6.968328525
           1     6.733134989
           1     5.309121696
           1     5.988013247
           1     5.026767260
           1     7.539528520
           1     6.588993476
           1     6.236231545
           1     2.784807431
           1     5.657630508
           1     5.259659722
           1     6.213244156
           1     5.377656919
           1     6.604500329
           1     5.501097745
           1     7.168373110
           1     7.961505428
           1     7.884353103
           1     7.893399014
           1     7.709145135
           1     3.040564032
           1     3.424119925
           1     6.784194051
           1     5.670052351
           1     6.830148572
           1     7.170844107
           1     9.279282770
           1     8.632562713
           1     7.911766442
           1     2.086321001
           1     8.198426117
           1     7.710746893
           1     6.686053622
           1     8.992155306
           1     8.663402383
           1     7.156518300
           1     7.103523690
           1     6.240089653
           1     7.051721291
           1     7.519689509
           1     7.601301480
           1     8.166576053
           1     8.019314981
           1     7.724472542
           1     7.107266941
           1     6.959296433
           1     6.679556032
           1     6.315716451
           1     5.608790762
           1     5.301839714
           1     2.983506214
           1     2.688474231
           1     6.386862167
           1     6.668359326
           1     6.359317341
           1     6.354052310
           1     5.189833381
           1     4.757295547
           1     2.215625257
           1     6.601642759
           1     3.985078644
           1     6.029901299
           1     5.446166727
           1     7.200926371
           1     7.127659531
           1     7.066736527
           1     6.337640458
           1     6.064741902
           1     6.964259885
           1     6.925126103
           1     6.637469230
           1     6.446682427
           1     5.916947510
           1     0.594364375
           1     5.814638263
           1     5.972453545
           1     4.361968274
           1     1.184930890
           1     4.517688721
           1     3.258118972
           1     2.795918181
           1     4.258115363
           1     5.949444096
           1     5.263850352
           1     4.572998806
           1     4.651188541
           1     4.832108269
           1     5.424422661
           1     4.732645280
           1     5.600754304
           1     6.000997817
           1     5.761718800
           1     4.671547652
           1     5.615677578
           1     5.320715391
           1     5.160254946
           1     4.931377679
           1     4.971325992
           1     3.974864610
           1     4.931811620
           1     4.622713628
           1     4.209309142
           1     3.077870070
           1     5.103394404
           1     4.445230992
           1     4.302255861
           1     0.674115712
           1     1.388523250
           1     2.163176966
           1     0.976829404
           1     1.683844748
           1     2.090438058
           1     2.032016095
           1     0.627090450
           1     0.782200266
           1     1.125355137
           1     3.658355735
           1     4.183141223
           1     4.708972914
           1     4.433856537
           1     4.434611099
           1     3.334476856
           1     3.416523154
           1     4.421653352
           1     4.389824481
           1     4.300705628
           1     4.351122278
           1     4.425554926
           1     4.361490787
           1     4.130011928
           1     3.162494550
           1    -0.368315574
           1     2.581044764
           1     1.561132636
           1     1.529838096
           1     1.357774928
           1     0.744140498
           1     0.898032571
           1     1.543797660
           1     1.245221387
           1     1.461725481
           1     2.669145156
           1     3.284249967
           1     4.389455321
           1     3.800164184
           1     2.473355793
           1     2.312405776
           1     3.138595970
           1     4.676576171
           1     3.835491221
           1     4.274959590
           1     2.749232739
           1     3.950301291
           1     3.826860379
           1     3.976545025
           1     3.709927514
           1     2.277871152
           1     3.502271120
           1     1.041906410
           1     0.337651847
           1     1.261143638
           1     2.760952898
           1     2.569520210
           1     3.377217608
           1     4.551514503
           1     4.434897690
           1     4.377094082
           1     4.482171461
           1     2.339997544
           1     4.509268150
           1     2.246539466
           1     1.917238289
           1     3.245049494
           1     4.426293643
           1     3.857868379
           1     4.871642858
           1     3.918048384
           1     4.204291989
           1     4.198233641
           1     4.251623525
           1     4.059367910
           1     4.973112929
           1     4.658366791
           1     2.555014375
           1     3.955494345
           1     5.070741839
           1     4.101018040
           1     3.848819555
           1     1.793856567
           1     4.112315711
           1     5.010662737
           1     1.674774046
           1     3.044277060
           1     5.724531360
           1     5.626207654
           1     5.577857109
           1     4.533826078
           1     1.620939260
           1     1.907209171
           1     4.894723681
           1     5.493823174
           1     5.847982686
           1     5.713194116
           1     5.592836008
           1     4.361441628
           1     5.606939820
           1     5.524250737
           1     5.953307682
           1     6.100145459
           1     6.130926904
           1     6.184515947
           1     6.377790795
           1     6.449010105
           1     6.095983513
           1     1.150849301
           1     3.197735615
           1     5.183483290
           1     6.399613767
           1     6.775249729
           1     2.903930256
           1     3.921339062
           1     6.780038819
           1     4.124189163
           1     2.664729701
           1     6.381324498
           1     2.974136344
           1     6.115310812
           1     6.591286126
           1     7.445342706
           1     7.566952266
           1     7.710344170
           1     7.849976772
           1     1.774351090
           1     4.697369845
           1     1.204225974
           1     3.945505588
           1     8.081001942
           1     7.571086053
           1     7.818443237
           1     5.618606438
           1     7.747822487
           1     7.954964837
           1     8.584020611
           1     7.366788099
           1     4.924406612
           1     6.901749700
           1     8.428473685
           1     8.616970610
           1     8.914010896
           1     8.601590767
           1     5.836229453
           1     7.114406532
           1     8.878327443
           1     3.441486114
           1     7.378780556
           1     8.391607814
           1     5.627944740
           1     8.380381908
           1     9.100433079
           1     4.743796503
           1     4.696605979
           1     5.002824144
           1     7.824331931
           1     9.100025616
           1     9.543767017
           1     9.605411093
           1     9.885103328
           1     9.867355728
           1     8.745098895
           1     4.534951583
           1     7.354624356
           1     9.647664839
           1     9.147799188
           1    10.375761193
           1    10.167621119
           1    10.629212394
           1     9.129548102
           1    10.905790013
           1    10.836010978
           1     6.996885033
           1    10.414157417
           1     7.415026469
           1    10.940504257
           1    11.166206686
           1     9.965334958
           1     8.677888867
           1     8.091280151
           1     7.365900796
           1     9.664252465
           1     8.302339602
           1    10.609466582
           1    10.880114987
           1    10.072542332
           1    10.443510260
           1     8.917981344
           1     6.925781081
           1     4.223402485
           1     3.124642887
           1    10.203432478
           1     9.544430624
           1     8.433888773
           1     5.849865304
           1     3.434206223
           1     5.397880478
           1     7.591325425
           1     8.304855981
           1     7.748738794
           1     8.306832334
           1    10.941101996
           1    10.753332341
           1     6.865542321
           1    11.003753505
           1     2.718088629
           1     6.832500550
           1    11.749733518
           1    11.379731897
           1     4.922403296
           1     8.537514181
           1    12.524367533
           1    12.574137245
           1    12.550654280
           1    11.468190770
           1     8.363171254
           1     4.390839819
           1     3.178959119
           1     3.117159585
           1     8.852739589
           1     7.284770768
           1     4.668657592
           1     2.763754096
           1     7.771461776
           1     7.937081065
           1     7.760295668
           1     7.695994419
           1     6.960493840
           1     6.383448890
           1     4.609308547
           1     4.210314093
           1     2.957734820
           1     6.444149455
           1    11.146414425
           1    11.332225884
           1    11.033647431
           1     9.530147425
           1     7.125070009
           1     2.674612899
           1     5.681042710
           1     8.197943455
           1     5.927478186
           1     6.499240981
           1     5.496727616
           1     3.357074921
           1     2.699458288
           1     2.305272406
           1     1.920160195
           1    -0.109027289
           1    -1.234113929
           1     1.368816704
           1     0.120015377
           1    -0.577415679
           1     1.023336749
           1     1.891136561
           1     0.635440639
           1    -0.985534958
           1    -2.318573145
           1     1.032636879
           1     2.176203674
           1     0.842066344
           1    -0.856432673
           1     5.032027720
           1     3.460452160
           1     2.912208588
           1     2.462801854
           1     2.251282016
           1     0.732581979
           1    -0.218510732
           1     0.198907311
           1     0.548900138
           1     2.371719584
           1     7.196350138
           1     7.132916195
           1     6.007080508
           1     4.360874472
           1     5.170049262
           1     3.497797128
           1     3.840290459
           1     5.684954384
           1     6.485150532
           1     4.732566034
           1     4.594122302
           1     0.874821205
           1     3.817838600
           1     7.999539928
           1     9.247703900
           1     8.099982823
           1     7.470911726
           1     5.743292206
           1     3.987167348
           1     5.978098757
           1     9.860922373
           1    10.014347645
           1     7.948361532
           1     8.473727546
           1     7.290301045
           1     7.272688356
           1     6.908457628
           1     6.430236088
           1     5.780076246
           1     7.082311731
           1     8.460299698
           1     7.027640361
           1     5.965492972
           1     7.045453537
           1     5.494099543
           1     5.227347988
           1     4.349498088
           1     4.620974694
           1     4.467095967
           1     8.401294906
           1     7.632626579
           1     7.295962651
           1     7.283775769
           1     6.363111622
           1     6.198584234
           1     5.088041275
           1     4.656956191
           1     6.609840300
           1     6.932324367
           1     5.734623164
           1     4.838427070
           1     1.456580005
           1     7.066320261
           1     6.450856987
           1     7.941604519
           1     7.654349857
           1     6.997763790
           1     2.785118444
           1     7.156216389
           1     6.680443931
           1     6.090905726
           1     5.343620459
           1     0.977211757
           1     4.737716098
           1     2.385446684
           1     7.298197749
           1     7.299167765
           1     7.264948045
           1     6.757936619
           1     7.002901663
           1     6.832832662
           1     5.652033690
           1     6.363300552
           1     5.300189583
           1     5.212910913
           1     6.152702586
           1     3.444640383
           1     3.177709755
           1     6.250665928
           1     6.522275317
           1     4.861364279
           1     6.286052213
           1     6.338051028
           1     6.280926829
           1     6.083735275
           1     5.734762456
           1     5.164250413
           1     5.114923518
           1     2.763303110
           1     5.543202640
           1     4.556660747
           1     3.231132307
           1     4.950755743
           1     3.845491088
           1     3.329770766
           1     3.311594414
           1     4.011387462
           1     1.407251839
           1     2.293929081
           1     0.848499292
           1     2.365360263
           1     4.453852252
           1     5.191694449
           1     2.997586991
           1     5.167215304
           1     5.113343381
           1     5.105254583
           1     4.561157423
           1     4.923398506
           1     5.326183647
           1     5.103168705
           1     0.955289672
           1     2.215669076
           1     2.976571591
           1     2.405952188
           1     1.334068301
           1     4.014965580
           1     1.947832907
           1     4.367676981
           1     4.880741615
           1     4.633854780
           1     4.317123426
           1     4.239767634
           1     3.303319404
           1     1.353833074
           1     1.876912067
           1     2.208986049
           1     4.771415741
           1     4.804516651
           1     4.895096262
           1     4.666572065
           1     1.562851017
           1     1.318497191
           1     3.540852146
           1     3.976804834
           1     4.124540595
           1     3.757318004
           1     0.402661525
           1     2.235346344
           1     1.307858310
           1     2.271468220
           1     3.574406707
           1     3.803831601
           1     3.527472054
           1     4.609866341
           1     2.695387902
           1     2.876168205
           1     4.274566223
           1     2.975511178
           1     4.962580243
           1     4.591894935
           1     0.763415196
           1     2.084375597
           1     4.104488004
           1     4.876563360
           1     4.828594259
           1     2.229200765
           1     5.227456369
           1     5.361057898
           1     5.350219341
           1     4.170356098
           1     3.420055212
           1     2.827349612
           1     0.622261029
           1     1.501591737
           1     1.279743983
           1     2.910916838
           1     3.286945251
           1     3.835280726
           1     2.018532870
           1     3.410496063
           1     4.742887750
           1     5.354934195
           1     5.806812325
           1     6.019720007
           1     5.373253295
           1     1.047984250
           1     2.990995915
           1     3.594450177
           1     3.573139158
           1     4.264145065
           1     5.699737784
           1     6.147436292
           1     2.724330785
           1    -0.302871513
           1     2.757945767
           1     6.083997591
           1     6.010384092
           1     3.640193724
           1     3.855120435
           1     4.835867772
           1     6.229253775
           1     4.476204569
           1     1.777370010
           1     3.189706332
           1     0.390950456
           1     2.448774992
           1     4.473962400
           1     4.410935345
           1     4.791357251
           1     6.831127893
           1     2.425527521
           1     3.620157215
           1     5.925559446
           1     6.649028226
           1     6.101464408
           1     8.083648265
           1     6.516647964
           1     2.330925695
           1     8.011392612
           1     8.172161689
           1     7.128141871
           1     6.611410723
           1     5.810290958
           1     4.047831954
           1     5.390380897
           1     2.202867209
           1     3.394982847
           1     3.419448247
           1     3.073113815
           1     4.582931035
           1     4.993243628
           1     9.162597120
           1     6.650644275
           1     7.070014473
           1     3.425345008
           1     5.550341302
           1     5.526498218
           1     7.613077456
           1     3.225364513
           1     9.285306809
           1     6.084974341
           1     9.800093873
           1     2.434352530
           1     3.092374289
           1     7.397101360
           1     4.083139427
           1     5.234499952
           1     7.405962476
           1     9.433352501
           1     3.990775998
           1     9.482937558
           1     5.119673558
           1    10.002384441
           1     8.871122958
           1     8.715820198
           1    10.111003457
           1     5.174238621
           1    10.793127973
           1    10.641449670
           1     9.662566731
           1     4.196425369
           1     8.364491993
           1     9.144687835
           1     8.766129057
           1     7.159737270
           1    10.878869732
           1     3.145553021
           1     6.959517985
           1    11.278341574
           1     6.504235350
           1     4.757744950
           1     9.444394255
           1     2.486389236
           1     6.605467976
           1     7.878277124
           1    12.053953612
           1    12.075222096
           1    10.741990452
           1     8.467633065
           1    10.959838054
           1     9.984579518
           1    11.222434876
           1    11.373033113
           1    11.333758988
           1    11.426985687
           1    11.706735966
           1    10.955870250
           1     9.509623423
           1     5.694449290
           1    12.728065362
           1    10.832149165
           1     9.092299205
           1     4.473288145
           1     3.476146572
           1     3.689726987
           1     8.224821851
           1    11.931968308
           1     9.945112114
           1    11.870594976
           1    12.377906706
           1    12.087299490
           1    10.694647760
           1     7.320501971
           1     2.721317187
           1     7.320264637
           1     3.295004746
           1     9.815599033
           1    11.697447304
           1    12.540982346
           1    10.947290499
           1    10.371926935
           1    10.197015244
           1     9.411057129
           1    11.232370955
           1     9.732526613
           1    12.345525158
           1    11.659511971
           1     8.958107453
           1     8.009182866
           1     6.296613327
           1     5.762201309
           1     7.352813832
           1    -0.709448978
           1     7.466672787
           1     1.345355849
           1    12.221870493
           1    11.500317127
           1    10.451553886
           1    11.034317198
           1    12.160133850
           1    11.607508233
           1    10.426066636
           1     8.298315385
           1     5.491075229
           1     7.195674740
           1     6.652563607
           1     5.867429606
           1     4.692357271
           1     7.869269946
           1     1.958224503
           1     3.130752034
           1     9.063335324
           1    12.684958896
           1    11.597962593
           1    11.584117301
           1    10.999402215
           1     5.442146949
           1     9.778740036
           1    10.654609451
           1     8.157978208
           1    10.396347283
           1    12.616826065
           1    11.759982762
           1     7.016559606
           1     5.093571912
           1    10.566847218
           1     9.628278608
           1     9.603927296
           1     9.973292006
           1     9.279556518
           1     8.586356373
           1     9.285370520
           1     9.361636466
           1     7.076119628
           1     8.906942712
           1    10.250121183
           1     6.742046434
           1     9.012152307
           1     7.674289570
           1     5.371188195
           1     1.009745596
           1    -0.291094235
           1     1.580040772
           1     1.545553961
           1     5.581765393
           1     0.567406990
           1     4.806697354
           1     2.865655122
           1     2.182655960
           1    -0.304651367
           1     0.961063012
           1     3.301368068
           1     0.818306457
           1    -0.493887576
           1    -0.090057839
           1     0.197548811
           1     3.853352781
           1     4.831074185
           1     4.954856755
           1     6.775060901
           1     6.016034579
           1     4.240369767
           1     2.672325434
           1     5.618950908
           1     3.947698915
           1     2.690650806
           1     1.175780423
           1     2.495124003
           1     0.048518646
           1     2.557163443
           1     1.802872540
           1     1.797277124
           1     2.155026022
           1     2.715518433
           1     4.265866679
           1     2.491831200
           1     2.639404513
           1     2.799243307
           1     2.257161100
           1     1.995870601
           1     2.591859788
           1     2.555382664
           1     2.234479112
           1     1.541763698
           1     3.627088416
           1     3.088110617
           1     1.581411779
           1     1.870585469
           1     0.965067018
           1     0.134546966
           1     0.786028775
           1     1.931477976
           1     2.099508627
           1     4.985996504
           1     5.163676579
           1     5.156668306
           1     2.966227548
           1     2.503488093
           1     2.821593322
           1     6.258573990
           1     3.021505918
           1     5.880390656
           1     6.217132735
           1     5.893522862
           1     5.199306234
           1     3.037460407
           1     5.391091352
           1     5.041294649
           1     2.080555303
           1     1.315538785
           1     2.019959032
           1     6.043997153
           1     6.672560794
           1     5.703097060
           1     5.722413091
           1     4.574362773
           1     3.504346177
           1     3.145434135
           1     3.353957879
           1     3.077214960
           1     5.565961841
           1     5.574324034
           1     5.388191378
           1     4.371467067
           1     5.153708948
           1     4.595500149
           1     4.369929994
           1     4.134315896
           1     3.446841894
           1     2.853486926
           1     3.777257507
           1     3.687641626
           1     4.318018145
           1     4.542576194
           1     4.661554578
           1     4.824897114
           1     3.668128679
           1     4.707608408
           1     4.461832322
           1     4.110688633
           1     3.040127495
           1     3.832239769
           1     0.464796414
           1     5.471425032
           1     3.595967918
           1     5.163341686
           1     4.540091789
           1     3.516110461
           1     0.202078333
           1     0.631643472
           1     3.561415430
           1     4.551108481
           1     1.974526194
           1     4.245633297
           1     3.962875461
           1     3.319853013
           1     4.898109252
           1     0.717061073
           1     1.941458644
           1     3.851948837
           1     4.984870476
           1     4.702110677
           1     4.430342117
           1     2.367286384
           1     0.470151283
           1     2.660974980
           1     3.578860362
           1     2.644554682
           1     1.202551583
           1     1.729032380
           1     1.143664177
           1     3.082108498
           1     4.718368360
           1     0.657464436
           1     1.396272604
           1     1.578926540
           1     2.643911224
           1     4.714236469
           1     3.897428271
           1     1.009401374
           1     1.018441573
           1     2.125863783
           1     4.516031215
           1     4.463876839
           1     1.834121373
           1     2.592081316
           1     4.472794391
           1     2.102609593
           1     3.853540398
           1     3.530430555
           1     1.461552863
           1     2.971585200
           1     4.186734715
           1     2.160408475
           1     3.755307467
           1     2.573434865
           1     1.528872329
           1     2.345099972
           1     3.080787433
           1     3.866452960
           1     4.957821467
           1     4.715133284
           1     2.154264613
           1     4.481562890
           1     5.065700164
           1     5.186266617
           1     5.283659963
           1     5.273335480
           1     2.369817320
           1     0.369821752
           1     1.305867335
           1     2.984031594
           1     3.764801939
           1     1.882678386
           1     2.523183433
           1     2.980071587
           1     5.494270385
           1     4.306267413
           1     3.568681936
           1     1.624590800
           1     2.664620314
           1     3.877494832
           1     2.763206609
           1     4.241504719
           1     3.917094113
           1     3.786989076
           1     2.245724027
           1     3.959654323
           1     5.032670649
           1     1.949057192
           1     2.170041871
           1     5.946956099
           1     5.129952647
           1     5.240324653
           1     4.757064592
           1     3.225981937
           1     4.969161776
           1     3.340221243
           1     6.444525886
           1     6.345258652
           1     7.193431203
           1     7.144406979
           1     6.876270963
           1     6.960563433
           1     7.302444438
           1     2.313425032
           1     0.806194251
           1     4.412100188
           1     6.541502208
           1     6.630333366
           1     2.870061891
           1     3.062078899
           1     5.288246014
           1     3.534916923
           1     4.491272393
           1     2.011960839
           1     4.542586079
           1     4.066876017
           1     1.432536304
           1     4.677781297
           1     3.944888029
           1     3.627608447
           1     4.810071661
           1     6.233842043
           1     8.759437438
           1     7.612404213
           1     8.975573035
           1     9.094097762
           1     8.721856834
           1     7.839716853
           1     6.700704831
           1     7.761835595
           1     7.910950485
           1     8.994448830
           1     1.729938944
           1     6.848591746
           1     3.909027468
           1     7.707219159
           1     1.815177067
           1     8.830793008
           1     8.032473067
           1     9.930712649
           1     7.802644081
           1    10.248632722
           1     5.867075143
           1     6.990769102
           1    10.415367014
           1     9.475115067
           1     9.672616107
           1     8.859696796
           1     7.574123803
           1     7.474991211
           1     8.667097407
           1    10.384923315
           1     7.948039141
           1     6.105818769
           1     9.895267095
           1     9.482812761
           1     5.374289305
           1     4.854542904
           1    10.266068920
           1     3.246150956
           1     9.862050861
           1    10.114998509
           1     1.222763291
           1    11.009219134
           1    11.134444769
           1    11.828368887
           1     9.558655984
           1     4.027507904
           1     7.616322290
           1     9.943298766
           1     8.071840273
           1     3.704596250
           1     6.602624787
           1     7.601558315
           1     7.988939091
           1    10.277057021
           1    10.264827661
           1     1.500110860
           1     8.785255295
           1     6.405368064
           1     3.588647234
           1    11.279308804
           1    12.496500768
           1    11.901905174
           1     8.857022149
           1     1.279501737
           1    10.104555241
           1    10.599643955
           1    12.413365020
           1    12.471166915
           1    12.207570547
           1    11.712056114
           1    11.110210558
           1     9.358446417
           1     8.226033324
           1     9.898179798
           1     5.901153449
           1     2.668138937
           1    12.264534120
           1    11.460863789
           1    10.418067043
           1     8.690814105
           1     8.733157660
           1     6.143253577
           1     8.945057249
           1     9.599526310
           1     1.168788033
           1     8.111076072
           1     8.213265906
           1     5.859241157
           1     7.248626666
           1    13.060359635
           1    12.601283025
           1    11.695000105
           1    10.811148262
           1     9.994776029
           1    13.050224674
           1    11.963086377
           1    10.575243592
           1     9.204804552
           1     6.814285440
           1    11.499981123
           1    11.944244881
           1    11.636663668
           1    11.295718256
           1    11.790687543
           1    11.633486732
           1    10.257974344
           1     5.950494687
           1     8.921879112
           1     8.541916338
           1     2.344479147
           1     3.330344645
           1    12.597605636
           1    13.097664556
           1    10.907939469
           1     9.787256206
           1     8.595219670
           1     7.032790417
           1     6.843373510
           1     5.149746143
           1     2.320810274
           1     3.990739316
           1     2.340235840
           1    10.391828546
           1     8.074973528
           1     8.002636965
           1     2.172886804
           1     9.223825556
           1     9.388923704
           1     8.700431820
           1     8.617693112
           1     8.001475498
           1    10.518979736
           1     7.947464645
           1     8.628678452
           1     5.338050432
           1     9.705193964
           1     8.923451951
           1     6.361049524
           1     0.148605149
           1     2.148180878
           1     1.636540182
           1     6.564093840
           1     9.819136967
           1     9.700873446
           1     4.609123205
           1     8.164421760
           1     9.817842546
           1     9.936678231
           1    10.277479411
           1    10.086301068
           1     9.974636751
           1     4.594902814
           1    11.227167715
           1     9.855203345
           1     8.690319041
           1     5.746197876
           1     2.548355352
           1     6.219872894
           1     8.603460864
           1     8.349794841
           1     6.103526185
           1     7.155343468
           1     8.195558359
           1     7.688957875
           1     7.818224864
           1     5.252305078
           1     4.946962016
           1     6.788021011
           1     7.031528838
           1     1.663667789
           1    10.354489696
           1     9.962313685
           1     9.674865380
           1     9.597917735
           1     9.003652463
           1     7.899718955
           1     5.449610729
           1     4.499587949
           1     4.310571377
           1     3.463246265
           1     0.935450040
           1     8.350019190
           1     9.459650364
           1     7.855487757
           1     8.161267883
           1     4.937923545
           1     6.116984021
           1     8.125179271
           1     8.991883148
           1     9.002482364
           1     7.994300160
           1     8.294378788
           1     7.784162626
           1     6.684528236
           1     6.611507079
           1     7.179040585
           1     5.164863830
           1     5.077218952
           1     1.632804390
           1     7.524627987
           1     7.742860094
           1     7.043811405
           1     6.177767333
           1     5.297074554
           1     4.851307826
           1     3.483834075
           1     5.950104810
           1     6.564822000
           1     5.799881824
           1     2.230678012
           1     2.130057099
           1     5.240542394
           1     3.829974263
           1     6.769408641
           1     7.030331738
           1     6.908837434
           1     6.621692217
           1     6.237335137
           1     5.520381451
           1     5.426923378
           1     4.074590899
           1     4.815624198
           1     5.379084135
           1     4.715632415
           1     4.056963548
           1     5.326699961
           1     5.005761613
           1     5.097594860
           1     5.128365087
           1     4.919351416
           1     0.000000000
           1     0.000000000
           1     0.000000000
           1     0.000000000
           1     0.000000000
           1     0.000000000
           1     0.000000000
           1     0.000000000
           1     0.000000000
           1     0.000000000
           1     0.000000000
           1     0.000000000
           1     0.000000000
           1     0.000000000
           1     0.000000000
           1     0.000000000
           1     0.000000000
           1     0.000000000
           1     0.000000000
           1     0.000000000
           1     0.000000000
           1     0.000000000
           1     0.000000000
           1     0.000000000
           1     0.000000000
           1     0.000000000
           1     0.000000000
           1     0.000000000
           1     0.000000000
           1     0.000000000
           1     0.000000000
           1     0.000000000
           1     0.000000000
           1     0.000000000
           1     0.000000000
           1     0.000000000
           1     0.000000000
           1    -0.783258431
           1     0.000000000
           1     0.000000000
           1     0.000000000
           1     0.000000000
           1     0.000000000
           1     0.000000000
           1     0.000000000
           1     0.000000000
           1     0.000000000
           1     0.000000000
           1     0.000000000
           1     0.000000000
           1     0.000000000
           1     0.000000000
           1     0.000000000
           1     0.000000000
           1     0.000000000
           1     0.000000000
           1     0.000000000
           1     0.000000000
           1     0.000000000
           1     0.000000000
           1     0.000000000
           1     0.000000000
           1     0.000000000
           1     0.000000000
           1     0.000000000
           1     0.000000000
           1     0.000000000
           1     0.000000000
           1     0.000000000
           1     0.000000000
           1     0.000000000
           1     0.000000000
           1     0.000000000
           1     0.000000000
           1     0.000000000
           1     0.000000000
           1     0.000000000
           1     0.000000000
           1     0.000000000
           1     0.000000000
           1     0.000000000
           1     0.000000000
           1     0.000000000
           1     0.000000000
           1     0.000000000
           1     0.000000000
           1     0.000000000
           1     0.000000000
           1     0.000000000
           1     0.000000000
           1    -0.007885995
           1     0.000000000
           1     0.000000000
           1     0.000000000
           1     0.000000000
           1     0.000000000
           1     0.000000000
           1     0.000000000
           1     0.000000000
           1     0.000000000
           1     0.000000000
           1     0.000000000
           1     0.000000000
           1     0.000000000
           1     0.000000000
           1     0.000000000
           1     0.000000000
           1     0.000000000
           1     0.000000000
           1     0.000000000
           1     0.000000000
           1     0.000000000
           1     0.000000000
           1     0.000000000
           1     0.000000000
           1     0.000000000
           1     0.000000000
           1     0.000000000
           1     0.000000000
           1     0.000000000
           1     0.000000000
           1     0.000000000
           1     0.000000000
           1     0.000000000
           1     0.000000000
           1     0.000000000
           1     0.000000000
           1     0.000000000
           1     0.000000000
           1     0.000000000
           1     0.000000000
           1     0.000000000
           1     0.000000000
           1     0.000000000
           1     0.000000000
           1     0.000000000
           1     0.000000000
           1     0.000000000
           1     0.000000000
           1     0.000000000
           1     0.000000000
           1     0.000000000
           1     0.000000000
           1     0.000000000
           1     0.000000000
           1     0.000000000
           1     0.000000000
           1     0.000000000
           1     0.000000000
           1     0.000000000
           1     0.000000000
           1     0.000000000
           1     0.000000000
           1     0.000000000
           1     0.000000000
           1     0.000000000
           1     0.000000000
           1     0.000000000
           1     0.000000000
           1     0.000000000
           1     0.000000000
           1     0.000000000
           1     0.000000000
           1     0.000000000
           1     0.000000000
           1     0.000000000
           1     0.000000000
           1     0.000000000
           1     0.000000000
           1     0.000000000
           1     0.000000000
           1     0.000000000
           1     0.000000000
           1     0.000000000
           1     0.000000000
           1     0.000000000
           1     0.000000000
           1     0.000000000
           1     0.000000000
           1     0.000000000
           1     0.000000000
           1     0.000000000
           1     0.000000000
           1     0.000000000
           1     0.000000000
           1     0.000000000
           1     0.000000000
           1     0.000000000
           1     0.000000000
           1     0.000000000
           1     0.000000000
           1     0.000000000
           1     0.000000000
           1     0.000000000
           1     0.000000000
           1     0.000000000
           1     0.000000000
           1     0.000000000
           1     0.000000000
           1     0.000000000
           1     0.000000000
           1     0.000000000
           1     0.000000000
           1     0.000000000
           1     0.000000000
           1     0.000000000
           1     0.000000000
           1     0.000000000
           1     0.000000000
           1     0.000000000
           1     0.000000000
           1     0.000000000
           1     0.000000000
           1     0.000000000
           1     0.000000000
           1     0.000000000
           1     0.000000000
           1     0.000000000
           1     0.000000000
           1     0.000000000
           1     0.000000000
           1     0.000000000
           1     0.000000000
           1     0.000000000
           1     0.000000000
           1     0.000000000
           1     0.000000000
           1     0.000000000
           1     0.000000000
           1     0.000000000
           1     0.000000000
           1     0.000000000
           1     0.000000000
           1     0.000000000
           1     0.000000000
           1     0.000000000
           1     0.000000000
           1     0.000000000
           1     0.000000000
           1     0.000000000
           1     0.000000000
