           1     1.027344572
           1     0.675161352
           1     0.987336951
           1     1.251652867
           1     1.936723948
           1     1.924225505
           1     1.239204896
           1     1.720941522
           1     2.529320537
           1     2.943117496
           1     3.332059974
           1     1.961029260
           1     1.652323707
           1     2.350742077
           1     1.604400302
           1     1.806325706
           1     2.573057171
           1     2.948427182
           1     3.449830059
           1     3.626374975
           1     2.532774920
           1     1.577667432
           1     2.374462375
           1     1.834466167
           1     2.046183338
           1     2.584845038
           1     2.893153016
           1     2.644933784
           1     2.378083749
           1     2.770051077
           1     2.427064680
           1     2.472587826
           1     2.571458291
           1     2.013807198
           1     1.028963415
           1     1.038944159
           1     1.091530119
           1     1.528873837
           1     1.055411138
           1     1.264116701
           1     0.772290505
           1     1.284292133
           1     1.767887299
           1     2.118511787
           1     2.371657368
           1     2.544654494
           1     1.936924931
           1     1.972116014
           1     2.321364824
           1     2.080504065
           1     2.109118346
           1     1.397800514
           1     1.703373399
           1     2.456165519
           1     2.436160460
           1     1.536524050
           1     2.423290472
           1     2.375523705
           1     1.290045051
           1     1.427403582
           1     1.765452761
           1     1.866045127
           1     1.962522721
           1     2.046957562
           1     2.411003377
           1     2.402564503
           1     1.757664161
           1     1.861042903
           1     1.972317033
           1     2.453206643
           1     2.730877301
           1     2.636408949
           1     2.542178415
           1     2.386034753
           1     2.499033680
           1     3.090339506
           1     3.970407754
           1     3.832481809
           1     2.231307561
           1     1.912279308
           1     2.136197766
           1     2.182022264
           1     2.481581451
           1     2.707459567
           1     1.355910076
           1     1.675229257
           1     1.653122049
           1     1.966070035
           1     1.335123857
           1     1.748261256
           1     1.924873289
           1     1.944297962
           1     1.690139938
           1     1.475002100
           1     1.366130053
           1     1.748049265
           1     1.943950159
           1     1.938478736
           1     2.483169908
           1     1.424578352
           1     2.116130583
           1     2.279933615
           1     1.802895168
           1     1.011586344
           1     1.313755229
           1     1.241371503
           1     1.232205339
           1     1.450616507
           1     1.609104345
           1     1.401166085
           1     1.249378433
           1     1.618744886
           1     1.634044170
           1     1.891485242
           1     1.835996632
           1     1.120533328
           1     1.018759765
           1     1.067022218
           1     1.012097762
           1     1.151510415
           1     1.313275877
           1     1.332378162
           1     1.418957598
           1     1.396794355
           1     1.199732251
           1     1.450554680
           1     1.709814643
           1     1.850737546
           1     1.210357415
           1     1.137541605
           1     1.433706022
           1     1.513374059
           1     0.856285349
           1     0.714600239
           1     0.770821926
           1     0.680001196
           1     0.414488848
           1     0.392171885
           1     0.369799119
           1     0.389667796
           1     0.443953222
           1     0.470309778
           1     0.639913511
           1     0.680419877
           1     0.697035654
           1     0.709742254
           1     0.659932564
           1     0.577343732
           1     0.544796802
           1     0.625202753
           1     0.588129433
           1     0.606250050
           1     0.784331320
           1     0.921177223
           1     1.036616717
           1     1.281165071
           1     0.974132505
           1     0.895349667
           1     0.456244183
           1     0.440687150
           1     0.516706267
           1     0.470570332
           1     0.488204344
           1     0.415372640
           1     0.410670131
           1     0.520619301
           1     0.524209373
           1     0.475059917
           1     0.466968632
           1     0.715129182
           1     0.564611970
           1     0.414274681
           1     0.425385643
           1     0.447801240
           1     0.652390968
           1     0.532543957
           1     0.529245816
           1     0.357063132
           1     0.399547815
           1     0.440372573
           1     0.500760067
           1     0.440022959
           1     0.341852555
           1     0.428443226
           1     0.346365890
           1     0.386004837
           1     0.354488524
           1     0.414860265
           1     0.418394902
           1     0.472473896
           1     0.517072305
           1     0.593673648
           1     0.604015046
           1     0.725716651
           1     0.470286636
           1     0.613473532
           1     0.420208772
           1     0.338980536
           1     0.470456372
           1     0.880795101
           1     0.578910448
           1     0.547880618
           1     0.500921224
           1     0.603243351
           1     0.498357858
           1     0.406095162
           1     0.500696088
           1     0.727682077
           1     0.834937060
           1     0.619258425
           1     0.654780771
           1     0.787571714
           1     0.710000469
           1     0.613545020
           1     0.438491593
           1     0.512778122
           1     0.634991239
           1     0.426829696
           1     0.502608676
           1     0.938999895
           1     0.818152194
           1     0.825179389
           1     1.055755592
           1     0.300182611
           1     0.259881423
           1     0.445509350
           1     0.581870352
           1     0.773399170
           1     0.749031751
           1     0.732197129
           1     0.526965253
           1     0.553262649
           1     0.577717707
           1     0.691669946
           1     0.666047091
           1     0.648520037
           1     0.675342444
           1     0.745746352
           1     0.781907659
           1     0.785642648
           1     0.553668720
           1     0.493749754
           1     0.750388942
           1     0.958637124
           1     1.093055132
           1     0.711909528
           1     0.771828905
           1     1.054603197
           1     0.957417004
           1     0.514908548
           1     0.625513684
           1     0.461496128
           1     0.516036001
           1     0.677066416
           1     0.883072511
           1     1.038493250
           1     1.344029725
           1     1.565392856
           1     0.863405948
           1     0.559733407
           1     0.433147206
           1     0.405085639
           1     0.879229971
           1     1.122127831
           1     1.616676573
           1     1.444288948
           1     1.621256929
           1     1.280470734
           1     1.080318959
           1     1.205315387
           1     0.568663687
           1     0.631251574
           1     0.891649815
           1     1.074184651
           1     1.555040053
           1     2.201831985
           1     1.581065213
           1     1.055428404
           1     1.583941861
           1     1.614438301
           1     1.134601867
           1     1.001968401
           1     0.903853520
           1     1.127432145
           1     1.321201437
           1     0.951542594
           1     0.535671609
           1     0.682935721
           1     1.726921211
           1     1.234744891
           1     1.833201890
           1     1.338971137
           1     1.426023670
           1     1.391103048
           1     1.185349792
           1     0.693423682
           1     0.680495236
           1     1.358424958
           1     1.150979124
           1     1.212879821
           1     1.250515990
           1     1.821000134
           1     2.565454148
           1     1.911461838
           1     2.212250380
           1     2.166722542
           1     2.014881251
           1     0.724500468
           1     1.327340621
           1     2.199711661
           1     3.400541574
           1     4.337129835
           1     3.856759980
           1     4.049735153
           1     3.669432268
           1     4.469491813
           1     2.676214186
           1     2.653677820
           1     3.370382901
           1     3.112625914
           1     3.685247071
           1     5.070006065
           1     4.887305383
           1     2.809313977
           1     2.672120543
           1     3.476003226
           1     4.283143628
           1     4.601587322
           1     4.438972879
           1     2.534949748
           1     2.120523082
           1     2.599935913
           1     2.254820073
           1     1.285946532
           1     2.538354050
           1     3.680487754
           1     4.047410056
           1     2.038739292
           1     0.649686157
           1     0.603527477
           1     1.833134704
           1     2.799830226
           1     1.368015395
           1     1.197772520
           1     2.348891576
           1     2.501865480
           1     2.459647274
           1     3.677734014
           1     5.446992382
           1     6.493865952
           1     6.381141514
           1     5.108265359
           1     5.191458140
           1     5.863217495
           1     6.382593233
           1     6.658125721
           1     4.678156752
           1     4.056586774
           1     3.882867223
           1     2.538028033
           1     3.263359429
           1     4.068192711
           1     5.628465746
           1     4.707476910
           1     2.578252640
           1     1.659003133
           1     2.238886247
           1     3.108017545
           1     3.988018915
           1     4.298331439
           1     5.161659189
           1     6.477061983
           1     3.925992848
           1     3.122369311
           1     3.892434167
           1     3.120936280
           1     3.271026000
           1     4.884545930
           1     5.399291031
           1     5.616310131
           1     5.931926552
           1     6.803795412
           1     6.602976907
           1     5.393603995
           1     6.322454326
           1     6.703999721
           1     5.235996623
           1     3.954445381
           1     5.567432474
           1     6.868863843
           1     7.262041047
           1     4.978725169
           1     5.173674705
           1     6.197110992
           1     5.939524356
           1     3.081618663
           1     3.927032644
           1     4.514561839
           1     4.705382746
           1     4.818069637
           1     5.720754731
           1     5.955537055
           1     5.846437201
           1     5.578489639
           1     4.801983081
           1     4.957297109
           1     4.837794211
           1     5.100062538
           1     4.687161919
           1     5.207583629
           1     5.713626362
           1     4.387717858
           1     4.397865213
           1     4.077593694
           1     4.675517457
           1     3.113428134
           1     1.845946021
           1     2.886558112
           1     3.675522104
           1     3.696714258
           1     3.925615745
           1     4.284277689
           1     3.208589599
           1     2.192857066
           1     0.806434446
           1     1.253364248
           1     2.109854740
           1     1.974047888
           1     2.446279559
           1     2.509288877
           1     2.777384391
           1     2.185928999
           1     1.459699313
           1     1.408644535
           1     2.135255720
           1     3.182344269
           1     3.220939148
           1     3.601012152
           1     3.596006475
           1     3.496747324
           1     4.255718097
           1     4.717593245
           1     2.853954675
           1     0.787525207
           1     1.123855066
           1     1.428091858
           1     1.786092759
           1     2.151979597
           1     2.450902181
           1     3.630781347
           1     3.553434385
           1     2.680498600
           1     2.244431181
           1     2.059563313
           1     2.051905183
           1     2.134076612
           1     1.519969951
           1     1.606237609
           1     1.104545330
           1     1.288121330
           1     1.684742862
           1     2.142423976
           1     1.498194244
           1     1.626486854
           1     1.680069177
           1     2.034416158
           1     2.221814679
           1     1.823611483
           1     1.221199858
           1     0.941312007
           1     0.975541716
           1     1.421479475
           1     1.441132423
           1     1.485631173
           1     1.697797386
           1     1.887741618
           1     2.032911550
           1     1.888404652
           1     1.688147066
           1     1.572695417
           1     1.611429244
           1     1.423819294
           1     1.377123309
           1     1.726353725
           1     1.330879366
           1     1.176912385
           1     1.322952843
           1     1.446563872
           1     1.024453965
           1     1.536797841
           1     2.050367044
           1     1.934262246
           1     1.571520975
           1     1.021929065
           1     1.068232644
           1     0.933268926
           1     0.984736631
           1     1.237621723
           1     1.334641116
           1     1.379444182
           1     1.263087638
           1     1.479775552
           1     1.069867754
           1     1.071496581
           1     0.539998381
           1     0.582434711
           1     0.644079749
           1     0.910839241
           1     0.756661625
           1     0.917489311
           1     0.843277771
           1     0.799859586
           1     0.920876116
           1     0.975469671
           1     1.066785209
           1     0.931245239
           1     0.808465534
           1     0.947053320
           1     0.962093353
           1     0.824480844
           1     0.507788700
           1     0.641527147
           1     0.376758246
           1     0.592474239
           1     0.791460734
           1     0.768787928
           1     0.764367478
           1     0.853154819
           1     0.427407089
           1     0.348080294
           1     0.365801278
           1     0.426519819
           1     0.886301145
           1     1.331808237
           1     1.097045156
           1     0.741862912
           1     0.395443732
           1     0.304029785
           1     0.431713660
           1     0.496765557
           1     0.625776502
           1     0.809501989
           1     0.594531062
           1     0.583296062
           1     0.535993266
           1     0.515953679
           1     0.557432861
           1     0.572168266
           1     0.534729023
           1     0.602598095
           1     0.492735442
           1     0.531709027
           1     0.633134198
           1     0.603273292
           1     0.741243383
           1     0.754089940
           1     0.705001787
           1     0.523714893
           1     0.526172443
           1     0.637632238
           1     0.653667586
           1     0.605945328
           1     0.733041533
           1     0.821075919
           1     0.803449212
           1     0.566956749
           1     0.632047490
           1     0.806657845
           1     0.772379668
           1     0.289989043
           1     0.302024560
           1     0.294867845
           1     0.298897291
           1     0.344713080
           1     0.274576140
           1     0.298354707
           1     0.432724221
           1     0.577307701
           1     0.838654126
           1     0.987470555
           1     0.776596934
           1     0.571872672
           1     0.407912774
           1     0.500441959
           1     0.489137062
           1     0.418527786
           1     0.592778101
           1     0.933434384
           1     0.769167009
           1     1.058542725
           1     0.446827248
           1     0.563179351
           1     0.659907458
           1     0.576274664
           1     0.422090529
           1     0.426885776
           1     0.623984024
           1     0.510926794
           1     0.516035695
           1     0.845441831
           1     0.454559294
           1     0.404050606
           1     0.375216326
           1     0.388291007
           1     0.503153907
           1     0.741313139
           1     0.415994792
           1     0.356510758
           1     0.490436206
           1     0.602879692
           1     0.605218496
           1     1.130945231
           1     0.807980564
           1     0.511278694
           1     0.927135383
           1     0.963341315
           1     0.942006023
           1     1.071349565
           1     0.869440921
           1     0.783558765
           1     0.596834905
           1     0.325251748
           1     0.357027510
           1     0.491807600
           1     0.603428957
           1     0.614945053
           1     0.782211429
           1     1.120967974
           1     1.502425078
           1     2.175375804
           1     1.230357422
           1     0.828066991
           1     1.330856694
           1     1.080738311
           1     0.515459450
           1     0.962705430
           1     0.781400157
           1     1.305402177
           1     0.968737507
           1     1.034318824
           1     1.164398504
           1     0.959132014
           1     1.088538907
           1     1.313328279
           1     1.573615716
           1     0.934894731
           1     1.109053100
           1     0.626388532
           1     1.046698462
           1     1.229085123
           1     1.609140827
           1     2.023640350
           1     1.691344615
           1     2.268806405
           1     2.411412876
           1     2.855304597
           1     1.797026474
           1     1.317673595
           1     1.938324241
           1     1.270452618
           1     1.271212837
           1     2.308469769
           1     1.539018461
           1     1.335058067
           1     1.627878713
           1     1.598989190
           1     0.935257322
           1     1.243090661
           1     0.915761226
           1     0.917630632
           1     1.157117038
           1     1.980729206
           1     2.326115865
           1     3.376632884
           1     3.087234221
           1     3.730755288
           1     3.489296492
           1     3.866498273
           1     3.862834916
           1     3.842360385
           1     3.704478431
           1     3.429223377
           1     4.337627050
           1     5.931068853
           1     3.433545643
           1     2.438315848
           1     3.610519717
           1     6.073353853
           1     4.878151324
           1     2.834609997
           1     1.918393914
           1     1.697489973
           1     2.248667981
           1     1.969772866
           1     2.497366592
           1     3.202258574
           1     3.880103637
           1     4.542492148
           1     3.688364860
           1     2.646521006
           1     3.409804489
           1     2.781527132
           1     4.164606486
           1     3.952744003
           1     3.590673441
           1     4.250667714
           1     4.766262289
           1     5.406051915
           1     5.685415894
           1     4.535780445
           1     4.148959208
           1     3.351536721
           1     4.684876014
           1     5.600187734
           1     6.263708588
           1     6.801625617
           1     5.177452523
           1     5.850992396
           1     2.763290938
           1     3.899529871
           1     1.817503896
           1     3.954270078
           1     4.838303544
           1     5.741900094
           1     5.290561948
           1     4.250920739
           1     4.548222087
           1     5.420410752
           1     6.611053906
           1     6.562500089
           1     7.657767810
           1     8.111754194
           1     8.072895549
           1     7.568786114
           1     6.664922759
           1     2.691752072
           1     2.187745687
           1     1.642154885
           1     3.177871790
           1     4.035571422
           1     4.531073123
           1     5.131037220
           1     4.750796929
           1     5.038441639
           1     5.326002695
           1     5.440020911
           1     4.015711512
           1     2.846900290
           1     3.945123652
           1     6.140036196
           1     5.572021961
           1     4.776807848
           1     4.624632675
           1     4.992298897
           1     4.926883299
           1     4.545921322
           1     4.933746614
           1     5.023402214
           1     3.757213339
           1     2.318170059
           1     2.609461371
           1     3.944619367
           1     3.454695471
           1     4.501664642
           1     4.810839076
           1     6.801357120
           1     8.159087352
           1     8.423681587
           1     7.136935592
           1     4.241875514
           1     6.363978878
           1     5.930954471
           1     6.926923893
           1     8.200244121
           1     7.987289406
           1     8.407830916
           1     7.504203439
           1     6.919465184
           1     7.818719357
           1     7.847370908
           1     7.786329657
           1     7.389146030
           1     2.821378112
           1     4.617240541
           1     2.441711346
           1     2.709580868
           1     4.458553869
           1     5.330981135
           1     5.770008564
           1     3.858375894
           1     4.496936133
           1     5.265348021
           1     6.074829753
           1     5.615385816
           1     6.799103759
           1     5.003433667
           1     5.480460554
           1     5.679449271
           1     3.834693450
           1     4.866895977
           1     3.955269927
           1     3.690871388
           1     4.586405389
           1     4.466859907
           1     4.718798019
           1     4.550786950
           1     4.445781950
           1     4.437134758
           1     4.675415654
           1     4.773330018
           1     3.169086682
           1     3.987095904
           1     4.766217999
           1     4.616696678
           1     5.171335533
           1     5.522837095
           1     5.116472512
           1     4.702776365
           1     3.638368048
           1     1.642825343
           1     2.784250714
           1     2.564330818
           1     3.638709249
           1     3.810896620
           1     2.574539609
           1     2.983380362
           1     2.605104351
           1     3.569176657
           1     2.989374591
           1     3.017103452
           1     3.368103188
           1     2.462194894
           1     3.267318416
           1     3.064961269
           1     4.807661980
           1     5.189502016
           1     4.288568746
           1     1.641641669
           1     1.846868138
           1     1.905466057
           1     2.354036419
           1     3.073802790
           1     3.371522248
           1     3.145193543
           1     3.645486221
           1     3.409471251
           1     1.936095752
           1     1.925953249
           1     1.969749968
           1     1.795770323
           1     2.052977169
           1     2.286510428
           1     2.300210075
           1     2.360698745
           1     2.606183853
           1     2.404773891
           1     2.034033122
           1     1.850411609
           1     1.834199909
           1     1.602158330
           1     1.343948727
           1     1.040018226
           1     1.100520081
           1     1.334334960
           1     1.439064063
           1     1.565096922
           1     0.924647166
           1     1.217916698
           1     0.959992824
           1     0.913301080
           1     0.848771088
           1     1.467126623
           1     1.705518356
           1     1.518315349
           1     1.266585480
           1     1.166863708
           1     0.890751660
           1     0.658405922
           1     0.609938896
           1     0.584260677
           1     0.664415746
           1     0.839748660
           1     0.984373332
           1     0.782262743
           1     0.711007226
           1     0.570516251
           1     0.747095263
           1     0.872746660
           1     1.146401973
           1     1.153137485
           1     1.127658831
           1     0.983870520
           1     0.825456191
           1     0.700139043
           1     0.828959511
           1     0.847594832
           1     0.521220902
           1     0.560156045
           1     0.719992745
           1     0.457145209
           1     0.473224799
           1     0.390195729
           1     0.627465075
           1     1.026703304
           1     0.928420309
           1     0.584317395
           1     0.487414496
           1     0.471933088
           1     0.679147050
           1     0.730569469
           1     0.631604793
           1     0.677531100
           1     0.571663016
           1     0.618378794
           1     0.760184783
           1     0.749147994
           1     0.518317700
           1     0.457401100
           1     0.430863566
           1     0.462127903
           1     0.837063212
           1     0.928249951
           1     0.732078047
           1     0.672613867
           1     0.641317468
           1     0.500548049
           1     0.745809577
           1     0.632029259
           1     0.416443889
           1     0.457072117
           1     0.591820220
           1     0.818450975
           1     0.934083201
           1     0.885014734
           1     0.672715461
           1     0.583192531
           1     0.660915254
           1     0.608411917
           1     0.583690026
           1     0.430327722
           1     0.557061845
           1     0.594933388
           1     0.800991030
           1     0.756939549
           1     0.729675679
           1     0.451991498
           1     0.425787091
           1     0.560363515
           1     0.467282663
           1     0.529023017
           1     0.565891332
           1     0.547066831
           1     0.435718318
           1     0.631578526
           1     0.660492137
           1     0.553219545
           1     0.506569284
           1     0.670852822
           1     0.670260235
           1     0.738186640
           1     0.737846064
           1     0.613552116
           1     0.694608427
           1     0.889161171
           1     1.175359690
           1     1.128737594
           1     1.237532836
           1     1.604975007
           1     1.721855728
           1     1.767290516
           1     1.718221144
           1     1.066161621
           1     0.914472964
           1     0.760432514
           1     0.924175426
           1     0.925880815
           1     0.643850009
           1     0.545606084
           1     0.749715524
           1     0.631418062
           1     1.117404471
           1     0.955383239
           1     0.842852738
           1     0.753063034
           1     0.517719358
           1     0.473068065
           1     0.571537865
           1     0.712232348
           1     0.755642041
           1     0.901024958
           1     1.239730980
           1     1.286786986
           1     1.530542501
           1     1.749589876
           1     2.412597479
           1     2.206611294
           1     1.442518737
           1     1.369835399
           1     1.351902804
           1     2.143824663
           1     1.448644903
           1     2.296647891
           1     1.958874593
           1     1.694751555
           1     0.927947959
           1     1.542489700
           1     1.828675168
           1     1.587084422
           1     1.552470721
           1     2.000531691
           1     1.563320987
           1     0.952213183
           1     2.036616676
           1     2.584447702
           1     2.962162049
           1     4.157777425
           1     3.845947318
           1     2.212820185
           1     1.043948250
           1     1.486738465
           1     1.339044694
           1     1.309755798
           1     1.776708091
           1     2.141163224
           1     1.700957522
           1     1.851131074
           1     3.089936189
           1     1.832910363
           1     2.705141630
           1     3.510428298
           1     1.298169415
           1     1.462721471
           1     2.046805624
           1     2.404536050
           1     2.632744990
           1     2.166945450
           1     2.342054206
           1     1.250406503
           1     1.823334407
           1     1.903633665
           1     1.258993426
           1     1.178335620
           1     1.778157301
           1     2.191837437
           1     2.457522592
           1     1.710641805
           1     2.168883510
           1     1.192601050
           1     1.118018093
           1     2.125762803
           1     2.761323037
           1     3.686146826
           1     5.677941266
           1     1.563549725
           1     2.231516244
           1     2.494812867
           1     3.014353307
           1     2.972483924
           1     3.688875861
           1     4.424765792
           1     4.936777584
           1     6.263447993
           1     6.815041594
           1     5.863487013
           1     6.513208233
           1     2.728955688
           1     2.512324195
           1     2.914524877
           1     3.056640638
           1     3.196261331
           1     3.555208415
           1     3.130900476
           1     4.078459028
           1     4.479290504
           1     2.692675766
           1     3.418512225
           1     3.893021077
           1     2.813471273
           1     2.449710378
           1     3.288349109
           1     3.869530968
           1     4.780792635
           1     5.559308097
           1     5.351399336
           1     3.049171090
           1     4.458402548
           1     5.714330427
           1     6.074183762
           1     5.764464930
           1     4.801846087
           1     3.928507976
           1     2.718100393
           1     1.585652382
           1     2.419151864
           1     3.685646415
           1     5.402631443
           1     6.337642640
           1     4.655116968
           1     5.951641560
           1     3.060690105
           1     1.622947630
           1     2.635357585
           1     2.440095055
           1     2.912810339
           1     3.748229627
           1     4.851533949
           1     5.362476304
           1     6.874607414
           1     8.028950728
           1     8.668816030
           1     7.613975585
           1     2.401288211
           1     4.629643787
           1     5.141261175
           1     6.001820132
           1     2.781949062
           1     4.848602679
           1     5.305490658
           1     5.003427282
           1     5.066120118
           1     4.747671086
           1     5.072935972
           1     4.969976928
           1     5.798432648
           1     4.846280832
           1     5.255687300
           1     5.784072652
           1     6.968507923
           1     2.208436150
           1     0.733444251
           1     1.051361686
           1     1.735600935
           1     2.822034582
           1     4.520260323
           1     4.585850943
           1     2.437679838
           1     2.915310243
           1     3.109104007
           1     3.554058667
           1     3.817801014
           1     4.656060334
           1     4.018306199
           1     2.969021415
           1     3.119927406
           1     4.323036719
           1     5.364774823
           1     2.717312541
           1     3.178103998
           1     4.741989262
           1     5.496708862
           1     5.572023682
           1     6.193991221
           1     5.093948215
           1     5.025907949
           1     5.470624316
           1     7.150687829
           1     6.806672558
           1     5.119479328
           1     4.653547477
           1     1.383894723
           1     1.935485293
           1     2.465930127
           1     2.897696543
           1     2.952192940
           1     3.690352578
           1     4.608542316
           1     6.249609992
           1     6.675836630
           1     6.775765672
           1     6.319865026
           1     2.673380792
           1     2.302000947
           1     2.108078124
           1     2.336181911
           1     2.784931038
           1     2.006654592
           1     1.842389226
           1     2.352754267
           1     2.286226768
           1     2.002308037
           1     1.534344048
           1     1.878219619
           1     2.505413311
           1     2.592236590
           1     2.539056394
           1     3.262522323
           1     3.862317067
           1     4.641930915
           1     2.904075623
           1     2.615954630
           1     2.749222249
           1     3.405780818
           1     3.230620939
           1     3.248789262
           1     4.582688216
           1     4.628314294
           1     3.760149099
           1     3.459132433
           1     3.505408637
           1     2.629863936
           1     2.036696048
           1     2.349843921
           1     2.817616213
           1     2.604688888
           1     1.752813267
           1     2.210069763
           1     2.334921695
           1     2.807276268
           1     2.697523337
           1     3.131675217
           1     3.440829698
           1     3.570489120
           1     3.067705400
           1     3.510625064
           1     2.332686909
           1     2.161633834
           1     2.302804559
           1     2.156587768
           1     2.419043614
           1     2.394854316
           1     2.503682630
           1     2.976406351
           1     2.525716029
           1     2.106981758
           1     2.008545857
           1     2.086904224
           1     2.161757914
           1     2.272865269
           1     2.119042929
           1     2.036612784
           1     1.930528406
           1     1.425968323
           1     1.495421832
           1     1.301610740
           1     1.264858714
           1     1.456247173
           1     1.266797520
           1     1.636457782
           1     1.615271546
           1     1.213208159
           1     1.251388803
           1     0.536635181
           1     0.589950605
           1     0.530840346
           1     0.930352556
           1     1.429253608
           1     1.035110665
           1     1.244296048
           1     1.683607480
           1     1.498969110
           1     1.372987717
           1     1.433826229
           1     1.570057025
           1     1.587727638
           1     1.700754579
           1     1.892591083
           1     1.739762353
           1     1.050376466
           1     0.989738298
           1     1.015971342
           1     0.996229148
           1     0.670525686
           1     0.502135190
           1     0.518006219
           1     0.520166944
           1     0.591719690
           1     0.670483002
           1     0.588458082
           1     0.391831081
           1     0.529193689
           1     0.800836101
           1     0.827492231
           1     0.866991120
           1     0.950251877
           1     1.147353698
           1     1.170904223
           1     1.022962450
           1     0.698961175
           1     0.680625269
           1     0.671903692
           1     1.021575917
           1     1.001514633
           1     1.034323353
           1     0.871352546
           1     0.584316217
           1     0.472862288
           1     0.581384692
           1     0.812912064
           1     1.256618919
           1     1.217231466
           1     1.249886112
           1     1.028155751
           1     0.692010676
           1     0.547655412
           1     0.666592520
           1     0.824004709
           1     0.895606051
           1     1.004007848
           1     0.866940165
           1     0.838987153
           1     0.797652769
           1     0.706520585
           1     0.754943212
           1     0.660083751
           1     0.609529687
           1     0.682580053
           1     0.819872912
           1     0.978742585
           1     1.000492719
           1     1.113359555
           1     0.916303224
           1     0.588871008
           1     0.604130359
           1     0.813597176
           1     0.584021912
           1     0.587262368
           1     0.519980618
           1     0.373744837
           1     0.261582732
           1     0.444257082
           1     0.768057024
           1     0.836359439
           1     0.529014467
           1     0.863710729
           1     1.116110454
           1     1.184283048
           1     0.960151800
           1     1.133986007
           1     1.188350434
           1     0.573761900
           1     0.791953370
           1     1.177327604
           1     1.346278284
           1     1.400554055
           1     1.641786540
           1     1.914933413
           1     1.249184468
           1     1.164811669
           1     0.604460492
           1     0.780937053
           1     0.503076239
           1     0.747029820
           1     0.866758456
           1     0.834045846
           1     1.156086002
           1     1.290858807
           1     1.934395621
           1     1.376411146
           1     1.276625197
           1     0.677020183
           1     0.429799657
           1     0.515090664
           1     0.589551013
           1     0.623368253
           1     0.633047324
           1     0.421232504
           1     0.766151071
           1     0.664338681
           1     0.947308087
           1     1.476251111
           1     1.619080523
           1     1.966977080
           1     1.528444406
           1     1.125278126
           1     1.003712289
           1     1.373329627
           1     1.208343010
           1     0.630072378
           1     1.024043732
           1     1.510186099
           1     1.951575300
           1     2.262462199
           1     1.817302605
           1     1.943787165
           1     1.328014881
           1     0.985620167
           1     0.669764513
           1     0.528132215
           1     1.161268290
           1     1.218133217
           1     1.390801854
           1     1.675927739
           1     1.554535356
           1     1.638370620
           1     1.262545744
           1     1.677445603
           1     1.776992811
           1     1.570648200
           1     1.261619611
           1     1.368935345
           1     1.368626824
           1     2.073309751
           1     1.490624029
           1     0.964547905
           1     1.450389966
           1     1.456877189
           1     1.953940871
           1     1.678574683
           1     1.798539612
           1     2.679461624
           1     2.944365695
           1     3.108824622
           1     2.433956183
           1     2.004605724
           1     2.667339550
           1     2.512559922
           1     2.134899534
           1     2.181124071
           1     3.443041448
           1     1.626165327
           1     1.226101588
           1     1.348664366
           1     1.854356267
           1     2.123912957
           1     1.378646317
           1     1.877336070
           1     2.507041428
           1     2.883428579
           1     2.534295201
           1     2.540145200
           1     2.757298000
           1     2.956304660
           1     2.050699396
           1     1.999940472
           1     2.224603957
           1     1.928033229
           1     1.416322316
           1     0.915799681
           1     1.074125960
           1     1.668570698
           1     3.090022266
           1     1.855766042
           1     0.839501326
           1     2.136189584
           1     2.776589144
           1     3.103681386
           1     2.432666743
           1     1.962336345
           1     2.005490735
           1     2.139867615
           1     3.125097025
           1     3.365909459
           1     2.861022040
           1     2.415519167
           1     3.478964536
           1     2.896421403
           1     1.411890775
           1     0.906841445
           1     2.076965376
           1     3.103655776
           1     4.563167833
           1     4.330190539
           1     5.162193101
           1     2.841006923
           1     2.272764073
           1     3.173453465
           1     4.255658403
           1     4.132648434
           1     4.148968019
           1     4.855339266
           1     5.199786816
