           1     1.027344572     0.269195897     0.411555378
           1     0.675161352     0.181145050     0.330274361
           1     0.987336951     0.191237376     0.302349854
           1     1.251652867     0.218879856     0.308004380
           1     1.936723948     0.329699284     0.338674709
           1     1.924225505     0.302017102     0.363865195
           1     1.239204896     0.266469642     0.335598180
           1     1.720941522     0.257163964     0.331260580
           1     2.529320537     0.401090673     0.378325832
           1     2.943117496     0.480544803     0.426726054
           1     3.332059974     0.602731560     0.477152878
           1     1.961029260     0.290245750     0.442053651
           1     1.652323707     0.220440778     0.381583300
           1     2.350742077     0.329570588     0.401759464
           1     1.604400302     0.301899211     0.392564705
           1     1.806325706     0.311568692     0.367482808
           1     2.573057171     0.400951503     0.397133852
           1     2.948427182     0.482091369     0.438001740
           1     3.449830059     0.633210701     0.490943317
           1     3.626374975     0.699621025     0.527737713
           1     2.532774920     0.574886653     0.500583290
           1     1.577667432     0.431637675     0.419560054
           1     2.374462375     0.491719699     0.421607832
           1     1.834466167     0.448477812     0.411723801
           1     2.046183338     0.473703191     0.396579695
           1     2.584845038     0.546905728     0.420538115
           1     2.893153016     0.658584620     0.449770556
           1     2.644933784     0.600653879     0.448741528
           1     2.378083749     0.544700481     0.441378186
           1     2.770051077     0.574173689     0.441887496
           1     2.427064680     0.532491479     0.451085065
           1     2.472587826     0.527789229     0.431532646
           1     2.571458291     0.536563817     0.442963770
           1     2.013807198     0.475690284     0.425411683
           1     1.028963415     0.299997798     0.365034147
           1     1.038944159     0.272786268     0.315359467
           1     1.091530119     0.286294167     0.301562580
           1     1.528873837     0.389463933     0.315708364
           1     1.055411138     0.269208336     0.311651084
           1     1.264116701     0.300950938     0.293717579
           1     0.772290505     0.205368804     0.277873270
           1     1.284292133     0.292923067     0.270438630
           1     1.767887299     0.384492081     0.303025321
           1     2.118511787     0.485049657     0.330653788
           1     2.371657368     0.536284577     0.355499249
           1     2.544654494     0.557435438     0.374054291
           1     1.936924931     0.497578134     0.372813703
           1     1.972116014     0.512691175     0.365649796
           1     2.321364824     0.507987646     0.383942158
           1     2.080504065     0.478847178     0.382713270
           1     2.109118346     0.498657911     0.379296365
           1     1.397800514     0.334774890     0.353547774
           1     1.703373399     0.328737709     0.339112365
           1     2.456165519     0.469382443     0.369231846
           1     2.436160460     0.480835846     0.392404725
           1     1.536524050     0.411316629     0.372741066
           1     2.423290472     0.464087650     0.383539832
           1     2.375523705     0.475587347     0.398739688
           1     1.290045051     0.289701331     0.361709812
           1     1.427403582     0.268812515     0.333528291
           1     1.765452761     0.356076674     0.342710449
           1     1.866045127     0.402255202     0.353810913
           1     1.962522721     0.414532004     0.363072805
           1     2.046957562     0.446663110     0.369845272
           1     2.411003377     0.515413763     0.386976140
           1     2.402564503     0.498822189     0.401056910
           1     1.757664161     0.351746783     0.381053400
           1     1.861042903     0.337848402     0.367746382
           1     1.972317033     0.343407693     0.369710592
           1     2.453206643     0.436566274     0.387798096
           1     2.730877301     0.493279795     0.417311564
           1     2.636408949     0.433187034     0.415851831
           1     2.542178415     0.440480228     0.423065504
           1     2.386034753     0.438278032     0.418416919
           1     2.499033680     0.455995288     0.419746498
           1     3.090339506     0.529402471     0.437714007
           1     3.970407754     0.719757620     0.485863102
           1     3.832481809     0.686180692     0.521679786
           1     2.231307561     0.370482246     0.466263617
           1     1.912279308     0.313746778     0.421378491
           1     2.136197766     0.313434963     0.403769561
           1     2.182022264     0.356588053     0.404230310
           1     2.481581451     0.445307452     0.417390562
           1     2.707459567     0.463249709     0.436549134
           1     1.355910076     0.331601862     0.384488330
           1     1.675229257     0.343746859     0.358966154
           1     1.653122049     0.391316617     0.359926714
           1     1.966070035     0.405830887     0.367816708
           1     1.335123857     0.305237663     0.348744979
           1     1.748261256     0.364182269     0.345565258
           1     1.924873289     0.393230466     0.357132738
           1     1.944297962     0.386096097     0.364517630
           1     1.690139938     0.359814602     0.355306463
           1     1.475002100     0.313169084     0.347019878
           1     1.366130053     0.275745773     0.325111497
           1     1.748049265     0.366874361     0.336997435
           1     1.943950159     0.411556194     0.352635054
           1     1.938478736     0.392510084     0.357894852
           1     2.483169908     0.481443139     0.376690081
           1     1.424578352     0.383564121     0.358263297
           1     2.116130583     0.465718902     0.358651107
           1     2.279933615     0.475116715     0.377552112
           1     1.802895168     0.410799924     0.373090144
           1     1.011586344     0.276431985     0.326411590
           1     1.313755229     0.300833589     0.311536334
           1     1.241371503     0.309262703     0.308615963
           1     1.232205339     0.312670301     0.302186046
           1     1.450616507     0.339267293     0.307671984
           1     1.609104345     0.338894230     0.316369911
           1     1.401166085     0.309068911     0.312836776
           1     1.249378433     0.285020545     0.302298039
           1     1.618744886     0.364428533     0.308481516
           1     1.634044170     0.372226311     0.318719196
           1     1.891485242     0.418106199     0.329287209
           1     1.835996632     0.417445861     0.339891884
           1     1.120533328     0.236322113     0.314400778
           1     1.018759765     0.200645259     0.279838216
           1     1.067022218     0.213646605     0.269596733
           1     1.012097762     0.222499169     0.264641104
           1     1.151510415     0.246177057     0.265763177
           1     1.313275877     0.277506176     0.275294045
           1     1.332378162     0.285779146     0.279196988
           1     1.418957598     0.297007258     0.284391936
           1     1.396794355     0.291789033     0.288705954
           1     1.199732251     0.283551171     0.281648281
           1     1.450554680     0.299624319     0.283561584
           1     1.709814643     0.346141210     0.297677006
           1     1.850737546     0.357558883     0.311792872
           1     1.210357415     0.282603538     0.295653103
           1     1.137541605     0.222560746     0.275996107
           1     1.433706022     0.290176686     0.278333556
           1     1.513374059     0.307209751     0.286083626
           1     0.856285349     0.242785448     0.265203016
           1     0.714600239     0.194900248     0.237672630
           1     0.770821926     0.202443933     0.226870453
           1     0.680001196     0.185503011     0.218256365
           1     0.414488848     0.107884006     0.190600216
           1     0.392171885     0.100517672     0.169733810
           1     0.369799119     0.093260781     0.155760848
           1     0.389667796     0.108394158     0.146852105
           1     0.443953222     0.126425812     0.147700297
           1     0.470309778     0.136217210     0.148634242
           1     0.639913511     0.155250907     0.155713719
           1     0.680419877     0.160096666     0.161824018
           1     0.697035654     0.156392761     0.165832428
           1     0.709742254     0.168085044     0.169573312
           1     0.659932564     0.154223443     0.170443676
           1     0.577343732     0.145334130     0.165806281
           1     0.544796802     0.138222943     0.160085460
           1     0.625202753     0.144757149     0.161345857
           1     0.588129433     0.132895070     0.160186451
           1     0.606250050     0.135527663     0.157167388
           1     0.784331320     0.188803428     0.165209123
           1     0.921177223     0.222151758     0.176921595
           1     1.036616717     0.253587300     0.189116632
           1     1.281165071     0.331230069     0.201628379
           1     0.974132505     0.254172107     0.204788810
           1     0.895349667     0.254276620     0.201022836
           1     0.456244183     0.110003411     0.182085470
           1     0.440687150     0.117617007     0.159925447
           1     0.516706267     0.139766602     0.156718106
           1     0.470570332     0.128912484     0.152096818
           1     0.488204344     0.139190503     0.146551606
           1     0.415372640     0.112841645     0.141915555
           1     0.410670131     0.109600289     0.133840402
           1     0.520619301     0.146158913     0.137286987
           1     0.524209373     0.145910167     0.141726315
           1     0.475059917     0.120197520     0.138175611
           1     0.466968632     0.111769624     0.134134025
           1     0.715129182     0.169565900     0.141569926
           1     0.564611970     0.140026504     0.146647974
           1     0.414274681     0.105315558     0.136337366
           1     0.425385643     0.109885900     0.131244735
           1     0.447801240     0.112377307     0.130579043
           1     0.652390968     0.141343696     0.134889447
           1     0.532543957     0.122496369     0.137915597
           1     0.529245816     0.114129518     0.135723096
           1     0.357063132     0.081337807     0.125310768
           1     0.399547815     0.076102389     0.119498762
           1     0.440372573     0.093679417     0.119480410
           1     0.500760067     0.108987425     0.125424878
           1     0.440022959     0.093044543     0.123303567
           1     0.341852555     0.083128310     0.117987817
           1     0.428443226     0.101860844     0.113938321
           1     0.346365890     0.093659101     0.106324710
           1     0.386004837     0.108963789     0.107792589
           1     0.354488524     0.093024363     0.105505847
           1     0.414860265     0.103105713     0.109933706
           1     0.418394902     0.107909107     0.110450471
           1     0.472473896     0.106232012     0.115128722
           1     0.517072305     0.102328920     0.115149946
           1     0.593673648     0.143224214     0.122972644
           1     0.604015046     0.142655908     0.125476877
           1     0.725716651     0.177474008     0.134144667
           1     0.470286636     0.125577402     0.131139234
           1     0.613473532     0.135889575     0.130498845
           1     0.420208772     0.111039121     0.125257561
           1     0.338980536     0.087208388     0.113628506
           1     0.470456372     0.114130911     0.113315923
           1     0.880795101     0.230373608     0.132584294
           1     0.578910448     0.128212846     0.135591427
           1     0.547880618     0.104096712     0.128755717
           1     0.500921224     0.117486238     0.127309098
           1     0.603243351     0.143550919     0.129068478
           1     0.498357858     0.105542175     0.129347149
           1     0.406095162     0.075517114     0.117682072
           1     0.500696088     0.116880315     0.118450354
           1     0.727682077     0.168151263     0.129998354
           1     0.834937060     0.199361922     0.141818218
           1     0.619258425     0.166129351     0.142974285
           1     0.654780771     0.159053041     0.143051369
           1     0.787571714     0.174253180     0.148026457
           1     0.710000469     0.168502177     0.151177099
           1     0.613545020     0.139129801     0.147692284
           1     0.438491593     0.111655429     0.137969937
           1     0.512778122     0.110668227     0.131574867
           1     0.634991239     0.127059568     0.133610903
           1     0.426829696     0.112522989     0.129522057
           1     0.502608676     0.122499392     0.126757038
           1     0.938999895     0.187860727     0.138931193
           1     0.818152194     0.176700515     0.151714541
           1     0.825179389     0.174845143     0.150398463
           1     1.055755592     0.245276304     0.165101031
           1     0.300182611     0.069015107     0.137143490
           1     0.259881423     0.059514159     0.111996696
           1     0.445509350     0.075497651     0.108234230
           1     0.581870352     0.112941272     0.115017033
           1     0.773399170     0.165695318     0.130400867
           1     0.749031751     0.157884167     0.138085643
           1     0.732197129     0.146620542     0.145167878
           1     0.526965253     0.111875919     0.139818606
           1     0.553262649     0.099884381     0.133805950
           1     0.577717707     0.114691141     0.133499143
           1     0.691669946     0.135988571     0.138051676
           1     0.666047091     0.119299076     0.140366952
           1     0.648520037     0.119819020     0.139296940
           1     0.675342444     0.125986374     0.140306428
           1     0.745746352     0.139307748     0.144925319
           1     0.781907659     0.146632406     0.148974530
           1     0.785642648     0.157808846     0.151757640
           1     0.553668720     0.146550594     0.146066187
           1     0.493749754     0.118860802     0.136662400
           1     0.750388942     0.171820565     0.142447216
           1     0.958637124     0.194700312     0.157900136
           1     1.093055132     0.211871251     0.166723973
           1     0.711909528     0.171389396     0.166993267
           1     0.771828905     0.182109567     0.163396125
           1     1.054603197     0.210539507     0.171951977
           1     0.957417004     0.222400343     0.180220105
           1     0.514908548     0.122052615     0.162486290
           1     0.625513684     0.103840332     0.153484715
           1     0.461496128     0.106737049     0.143818260
           1     0.516036001     0.082653367     0.136647125
           1     0.677066416     0.112040860     0.138117036
           1     0.883072511     0.160273273     0.152190260
           1     1.038493250     0.201040655     0.164958059
           1     1.344029725     0.268215612     0.181998593
           1     1.565392856     0.303092060     0.200747027
           1     0.863405948     0.213223668     0.191879929
           1     0.559733407     0.107323484     0.170867825
           1     0.433147206     0.103990026     0.141024341
           1     0.405085639     0.080735902     0.127178352
           1     0.879229971     0.126909482     0.131181761
           1     1.122127831     0.207685247     0.156124423
           1     1.616676573     0.309192717     0.186466547
           1     1.444288948     0.287700566     0.199846277
           1     1.621256929     0.296890056     0.213868361
           1     1.280470734     0.238236240     0.218788609
           1     1.080318959     0.178745552     0.207109003
           1     1.205315387     0.236693163     0.208085118
           1     0.568663687     0.106206527     0.184704203
           1     0.631251574     0.101911733     0.151507168
           1     0.891649815     0.127974631     0.163781133
           1     1.074184651     0.174291855     0.177418818
           1     1.555040053     0.277515727     0.199190647
           1     2.201831985     0.407238322     0.229484592
           1     1.581065213     0.312521550     0.240457495
           1     1.055428404     0.199500728     0.223247348
           1     1.583941861     0.261438753     0.228736451
           1     1.614438301     0.358877936     0.239007906
           1     1.134601867     0.204061632     0.236398081
           1     1.001968401     0.154725633     0.214211610
           1     0.903853520     0.172746821     0.205675535
           1     1.127432145     0.173946105     0.208087006
           1     1.321201437     0.195480310     0.212550180
           1     0.951542594     0.185408939     0.211311055
           1     0.535671609     0.097457778     0.180420019
           1     0.682935721     0.130572790     0.171293179
           1     1.726921211     0.290939813     0.196364357
           1     1.234744891     0.191832244     0.216558450
           1     1.833201890     0.290873599     0.226139015
           1     1.338971137     0.210785824     0.237716029
           1     1.426023670     0.213823959     0.231139719
           1     1.391103048     0.209066821     0.234291392
           1     1.185349792     0.182604524     0.226366426
           1     0.693423682     0.124371284     0.205676715
           1     0.680495236     0.088360604     0.168802533
           1     1.358424958     0.197968519     0.193424272
           1     1.150979124     0.157756031     0.203606525
           1     1.212879821     0.144493515     0.202111121
           1     1.250515990     0.168826390     0.208359243
           1     1.821000134     0.276132344     0.230189924
           1     2.565454148     0.426482067     0.263122381
           1     1.911461838     0.281383676     0.275309902
           1     2.212250380     0.330884428     0.275183256
           1     2.166722542     0.395181341     0.290312484
           1     2.014881251     0.282085666     0.300633924
           1     0.724500468     0.109169488     0.248254848
           1     1.327340621     0.159461609     0.233443126
           1     2.199711661     0.263266903     0.261967273
           1     3.400541574     0.429681994     0.314503624
           1     4.337129835     0.569045538     0.367078567
           1     3.856759980     0.484172546     0.386857128
           1     4.049735153     0.491294087     0.409140361
           1     3.669432268     0.373563410     0.400449581
           1     4.469491813     0.514149324     0.426392138
           1     2.676214186     0.290414367     0.411174665
           1     2.653677820     0.265569794     0.376270816
           1     3.370382901     0.322463379     0.389131773
           1     3.112625914     0.292799018     0.384228403
           1     3.685247071     0.409766657     0.405755985
           1     5.070006065     0.585294888     0.454186535
           1     4.887305383     0.635566578     0.489136902
           1     2.809313977     0.404841763     0.447640928
           1     2.672120543     0.295863419     0.394806922
           1     3.476003226     0.375901643     0.406910574
           1     4.283143628     0.455890218     0.439565280
           1     4.601587322     0.548434811     0.471284112
           1     4.438972879     0.616615930     0.475852382
           1     2.534949748     0.386351646     0.438587231
           1     2.120523082     0.316151414     0.399777367
           1     2.599935913     0.372580635     0.394962605
           1     2.254820073     0.345346848     0.389795435
           1     1.285946532     0.186515303     0.341405168
           1     2.538354050     0.321409861     0.345200863
           1     3.680487754     0.480617171     0.391352550
           1     4.047410056     0.607886610     0.437138238
           1     2.038739292     0.249595936     0.404005572
           1     0.649686157     0.111605267     0.298334508
           1     0.603527477     0.076748566     0.242233729
           1     1.833134704     0.204956364     0.258782844
           1     2.799830226     0.375038253     0.312264558
           1     1.368015395     0.229272138     0.311886331
           1     1.197772520     0.171756830     0.271904912
           1     2.348891576     0.264356706     0.292839580
           1     2.501865480     0.293948061     0.328425134
           1     2.459647274     0.294767778     0.336698034
           1     3.677734014     0.417261027     0.368916978
           1     5.446992382     0.608096957     0.439899042
           1     6.493865952     0.754202383     0.522901061
           1     6.381141514     0.747473290     0.575572025
           1     5.108265359     0.603239213     0.577624248
           1     5.191458140     0.556810095     0.544167083
           1     5.863217495     0.642109313     0.570064501
           1     6.382593233     0.733022674     0.612368325
           1     6.658125721     0.785760785     0.651267042
           1     4.678156752     0.419365555     0.602300717
           1     4.056586774     0.371675196     0.546522032
           1     3.882867223     0.339114543     0.523192423
           1     2.538028033     0.279728796     0.469018259
           1     3.263359429     0.351663451     0.455867866
           1     4.068192711     0.426652926     0.476267901
           1     5.628465746     0.571972284     0.528059090
           1     4.707476910     0.547505961     0.543470065
           1     2.578252640     0.367578774     0.488358411
           1     1.659003133     0.243631416     0.413209754
           1     2.238886247     0.263676475     0.387764020
           1     3.108017545     0.373764892     0.416056718
           1     3.988018915     0.438516050     0.451232703
           1     4.298331439     0.445069404     0.475206248
           1     5.161659189     0.535491707     0.507603942
           1     6.477061983     0.695090017     0.577403965
           1     3.925992848     0.426549263     0.564640213
           1     3.122369311     0.242839158     0.469020911
           1     3.892434167     0.326119932     0.475779624
           1     3.120936280     0.320440212     0.462227847
           1     3.271026000     0.344084835     0.451157581
           1     4.884545930     0.431677000     0.486338342
           1     5.399291031     0.556589688     0.532489787
           1     5.616310131     0.576324341     0.564554073
           1     5.931926552     0.594160430     0.588440973
           1     6.803795412     0.776455827     0.650966156
           1     6.602976907     0.838374856     0.726171812
           1     5.393603995     0.546471147     0.675299551
           1     6.322454326     0.681388443     0.667622305
           1     6.703999721     0.756267285     0.712097060
           1     5.235996623     0.536658581     0.677520715
           1     3.954445381     0.424001458     0.600524961
           1     5.567432474     0.608696307     0.613798724
           1     6.868863843     0.797381934     0.687212689
           1     7.262041047     0.914996742     0.772427781
           1     4.978725169     0.533823604     0.713202392
           1     5.173674705     0.491063341     0.654246926
           1     6.197110992     0.674457550     0.679190347
           1     5.939524356     0.736090120     0.730063413
           1     3.081618663     0.257423370     0.605311785
           1     3.927032644     0.344052225     0.562599630
           1     4.514561839     0.404718257     0.575508826
           1     4.705382746     0.427105565     0.587951026
           1     4.818069637     0.452987842     0.601630446
           1     5.720754731     0.593664897     0.644324514
           1     5.955537055     0.662190559     0.674107595
           1     5.846437201     0.654343131     0.689060224
           1     5.578489639     0.607406737     0.699172356
           1     4.801983081     0.512828510     0.652599790
           1     4.957297109     0.531098264     0.639797944
           1     4.837794211     0.513759209     0.625729608
           1     5.100062538     0.543036906     0.632741573
           1     4.687161919     0.553626416     0.628196786
           1     5.207583629     0.548529472     0.624549074
           1     5.713626362     0.633075165     0.656227685
           1     4.387717858     0.519117989     0.635567688
           1     4.397865213     0.480121191     0.606818080
           1     4.077593694     0.411548736     0.574871870
           1     4.675517457     0.464587848     0.586246848
           1     3.113428134     0.409771543     0.556053325
           1     1.845946021     0.319929646     0.486681779
           1     2.886558112     0.426145826     0.473160577
           1     3.675522104     0.474723383     0.499797429
           1     3.696714258     0.459943286     0.510226623
           1     3.925615745     0.510725085     0.521921895
           1     4.284277689     0.567111315     0.545794395
           1     3.208589599     0.452867957     0.536363877
           1     2.192857066     0.330688422     0.490511129
           1     0.806434446     0.121972544     0.393459077
           1     1.253364248     0.136580848     0.341499765
           1     2.109854740     0.255565392     0.359215931
           1     1.974047888     0.293261760     0.379446789
           1     2.446279559     0.332327426     0.389367908
           1     2.509288877     0.349927638     0.400196633
           1     2.777384391     0.391453095     0.415091507
           1     2.185928999     0.307407619     0.409490528
           1     1.459699313     0.211772426     0.368408465
           1     1.408644535     0.216381468     0.343374584
           1     2.135255720     0.297532827     0.357143440
           1     3.182344269     0.375006730     0.388750746
           1     3.220939148     0.427232505     0.421225084
           1     3.601012152     0.457199060     0.448249886
           1     3.596006475     0.387190364     0.455591173
           1     3.496747324     0.394076642     0.459114506
           1     4.255718097     0.458061038     0.480056028
           1     4.717593245     0.503513030     0.516369222
           1     2.853954675     0.357509164     0.485550924
           1     0.787525207     0.122748108     0.377995973
           1     1.123855066     0.133996367     0.324633174
           1     1.428091858     0.193048577     0.321758186
           1     1.786092759     0.237216533     0.332328718
           1     2.151979597     0.287777385     0.344787189
           1     2.450902181     0.349776769     0.366633794
           1     3.630781347     0.418531403     0.404941251
           1     3.553434385     0.410406315     0.428669085
           1     2.680498600     0.337454773     0.425559159
           1     2.244431181     0.294040246     0.398491025
           1     2.059563313     0.285917089     0.383185462
           1     2.051905183     0.299900362     0.372160367
           1     2.134076612     0.319713558     0.371173153
           1     1.519969951     0.271664282     0.356294545
           1     1.606237609     0.214489076     0.339352179
           1     1.104545330     0.149278562     0.304365068
           1     1.288121330     0.153500900     0.287441489
           1     1.684742862     0.213659448     0.299629029
           1     2.142423976     0.270727375     0.319070815
           1     1.498194244     0.251361733     0.320238604
           1     1.626486854     0.185529540     0.302405608
           1     1.680069177     0.207221731     0.301264454
           1     2.034416158     0.256231296     0.314499522
           1     2.221814679     0.292277578     0.329264018
           1     1.823611483     0.309203258     0.330754560
           1     1.221199858     0.185724627     0.310547581
           1     0.941312007     0.161197572     0.277358587
           1     0.975541716     0.114462079     0.250746398
           1     1.421479475     0.189348424     0.257883402
           1     1.441132423     0.193328025     0.267366495
           1     1.485631173     0.205585051     0.269818516
           1     1.697797386     0.235075302     0.280998316
           1     1.887741618     0.262099928     0.294255601
           1     2.032911550     0.305180487     0.308016632
           1     1.888404652     0.269150454     0.313768602
           1     1.688147066     0.260194113     0.311730125
           1     1.572695417     0.222650521     0.301192943
           1     1.611429244     0.216919039     0.294304811
           1     1.423819294     0.229334604     0.290287978
           1     1.377123309     0.230899388     0.285245531
           1     1.726353725     0.245514976     0.291718534
           1     1.330879366     0.178632883     0.281435973
           1     1.176912385     0.183469870     0.269073508
           1     1.322952843     0.194967251     0.263344373
           1     1.446563872     0.205120368     0.268991725
           1     1.024453965     0.129003559     0.246529696
           1     1.536797841     0.212801705     0.251466664
           1     2.050367044     0.294520905     0.277584682
           1     1.934262246     0.292130242     0.297609381
           1     1.571520975     0.242438349     0.292195847
           1     1.021929065     0.171718334     0.266286779
           1     1.068232644     0.145755008     0.247848483
           1     0.933268926     0.140950688     0.230699028
           1     0.984736631     0.167153153     0.228068815
           1     1.237621723     0.180086182     0.233114554
           1     1.334641116     0.208840387     0.241194800
           1     1.379444182     0.225672809     0.250132419
           1     1.263087638     0.208812890     0.250120374
           1     1.479775552     0.232564498     0.253079456
           1     1.069867754     0.192346539     0.245753199
           1     1.071496581     0.180798055     0.238695063
           1     0.539998381     0.096268170     0.195668466
           1     0.582434711     0.096873594     0.172453963
           1     0.644079749     0.093683960     0.169791409
           1     0.910839241     0.128301405     0.178007742
           1     0.756661625     0.128886596     0.180620707
           1     0.917489311     0.132413661     0.183195183
           1     0.843277771     0.120064984     0.183397908
           1     0.799859586     0.111848854     0.178966139
           1     0.920876116     0.142025222     0.182335922
           1     0.975469671     0.149512074     0.188479453
           1     1.066785209     0.159914946     0.191277694
           1     0.931245239     0.142101429     0.192440329
           1     0.808465534     0.150717338     0.187903130
           1     0.947053320     0.166338012     0.188902068
           1     0.962093353     0.159662577     0.192544435
           1     0.824480844     0.144349014     0.189797842
           1     0.507788700     0.087115258     0.166651171
           1     0.641527147     0.097527927     0.147427018
           1     0.376758246     0.057670244     0.139320763
           1     0.592474239     0.080815195     0.138452863
           1     0.791460734     0.128654044     0.136042539
           1     0.768787928     0.125578667     0.132717451
           1     0.764367478     0.124976316     0.131705688
           1     0.853154819     0.132199293     0.144169744
           1     0.427407089     0.058794531     0.138249407
           1     0.348080294     0.053247205     0.128642117
           1     0.365801278     0.055816884     0.130180104
           1     0.426519819     0.068465075     0.131401661
           1     0.886301145     0.130941728     0.131176979
           1     1.331808237     0.245957488     0.131779055
           1     1.097045156     0.193139307     0.130471661
           1     0.741862912     0.115600194     0.127325412
           1     0.395443732     0.068326339     0.121450627
           1     0.304029785     0.050514047     0.114104607
           1     0.431713660     0.058857682     0.112233735
           1     0.496765557     0.070509651     0.111723125
           1     0.625776502     0.095124218     0.111497843
           1     0.809501989     0.136298505     0.111699381
           1     0.594531062     0.117493202     0.113495567
           1     0.583296062     0.104997640     0.114170873
           1     0.535993266     0.101033108     0.113811422
           1     0.515953679     0.091343337     0.112938141
           1     0.557432861     0.083925774     0.112421958
           1     0.572168266     0.086353603     0.110842040
           1     0.534729023     0.083334616     0.110380461
           1     0.602598095     0.085792904     0.110108062
           1     0.492735442     0.084201632     0.108838778
           1     0.531709027     0.091669446     0.109207484
           1     0.633134198     0.095926052     0.109928689
           1     0.603273292     0.106810559     0.111069484
           1     0.741243383     0.112096673     0.112089204
           1     0.754089940     0.122126899     0.113110181
           1     0.705001787     0.135152960     0.116280138
           1     0.523714893     0.084478606     0.119635247
           1     0.526172443     0.070375428     0.112577505
           1     0.637632238     0.093631423     0.111928567
           1     0.653667586     0.092312960     0.113715954
           1     0.605945328     0.117003569     0.117463212
           1     0.733041533     0.098568052     0.121717378
           1     0.821075919     0.120300515     0.127973767
           1     0.803449212     0.122747043     0.134503733
           1     0.566956749     0.085441922     0.128559286
           1     0.632047490     0.106204772     0.126664551
           1     0.806657845     0.137407777     0.132423007
           1     0.772379668     0.142945051     0.139929561
           1     0.289989043     0.044597828     0.119873203
           1     0.302024560     0.050112792     0.112958471
           1     0.294867845     0.038117221     0.110925548
           1     0.298897291     0.041348463     0.106115181
           1     0.344713080     0.040549550     0.104352281
           1     0.274576140     0.038493275     0.103106062
           1     0.298354707     0.035070629     0.102599294
           1     0.432724221     0.048729271     0.103173004
           1     0.577307701     0.074106166     0.103900534
           1     0.838654126     0.125413950     0.104494412
           1     0.987470555     0.155341772     0.105395788
           1     0.776596934     0.120872598     0.105303771
           1     0.571872672     0.107010468     0.105082543
           1     0.407912774     0.061997599     0.103616280
           1     0.500441959     0.080728307     0.103745501
           1     0.489137062     0.080762997     0.103504667
           1     0.418527786     0.053482136     0.102766230
           1     0.592778101     0.069063840     0.102123147
           1     0.933434384     0.125885520     0.103666294
           1     0.769167009     0.139578025     0.104382358
           1     1.058542725     0.211992167     0.104673910
           1     0.446827248     0.070640511     0.105297219
           1     0.563179351     0.061743761     0.102468941
           1     0.659907458     0.084871281     0.103205950
           1     0.576274664     0.094763734     0.103583925
           1     0.422090529     0.055831674     0.102529366
           1     0.426885776     0.049060431     0.101600610
           1     0.623984024     0.068607853     0.102010223
           1     0.510926794     0.073987408     0.102448753
           1     0.516035695     0.093294432     0.102824621
           1     0.845441831     0.149000419     0.103497374
           1     0.454559294     0.079001391     0.102910837
           1     0.404050606     0.062727237     0.101878610
           1     0.375216326     0.047386566     0.100933645
           1     0.388291007     0.052083169     0.100728340
           1     0.503153907     0.073864222     0.101580915
           1     0.741313139     0.095013698     0.102270814
           1     0.415994792     0.066910643     0.102012860
           1     0.356510758     0.046452293     0.100323054
           1     0.490436206     0.049416307     0.100766704
           1     0.602879692     0.067018506     0.101678636
           1     0.605218496     0.073877424     0.101770241
           1     1.130945231     0.154580833     0.103390528
           1     0.807980564     0.119227920     0.106572240
           1     0.511278694     0.090635399     0.107920873
           1     0.927135383     0.111819177     0.108525415
           1     0.963341315     0.114980713     0.109154022
           1     0.942006023     0.134710434     0.110007775
           1     1.071349565     0.161252562     0.111437691
           1     0.869440921     0.134758328     0.111766261
           1     0.783558765     0.129204723     0.111728362
           1     0.596834905     0.083418342     0.109625581
           1     0.325251748     0.048088129     0.105001878
           1     0.357027510     0.048815145     0.102706965
           1     0.491807600     0.075916116     0.103356339
           1     0.603428957     0.100549551     0.105152972
           1     0.614945053     0.094752074     0.108348963
           1     0.782211429     0.122761182     0.110582428
           1     1.120967974     0.132391719     0.111443452
           1     1.502425078     0.237379890     0.113383997
           1     2.175375804     0.368519044     0.114762056
           1     1.230357422     0.228543852     0.115420456
           1     0.828066991     0.131443748     0.115449650
           1     1.330856694     0.225123501     0.115492308
           1     1.080738311     0.156432530     0.115530917
           1     0.515459450     0.085868747     0.113928805
           1     0.962705430     0.111617058     0.110617889
           1     0.781400157     0.116310669     0.112249129
           1     1.305402177     0.157903590     0.112383716
           1     0.968737507     0.186216197     0.112901907
           1     1.034318824     0.183746877     0.113440816
           1     1.164398504     0.168546958     0.115125351
           1     0.959132014     0.174571145     0.114924981
           1     1.088538907     0.182604836     0.126909744
           1     1.313328279     0.193268719     0.149094581
           1     1.573615716     0.192279940     0.169070871
           1     0.934894731     0.149663384     0.167014093
           1     1.109053100     0.121545979     0.166520570
           1     0.626388532     0.088079798     0.151696917
           1     1.046698462     0.104006964     0.153267655
           1     1.229085123     0.147069644     0.165371149
           1     1.609140827     0.208955974     0.183176776
           1     2.023640350     0.249870751     0.206837588
           1     1.691344615     0.250416710     0.219020722
           1     2.268806405     0.256372040     0.235703014
           1     2.411412876     0.281060318     0.253713488
           1     2.855304597     0.359327881     0.278049639
           1     1.797026474     0.250235949     0.278258199
           1     1.317673595     0.163884292     0.245053394
           1     1.938324241     0.236202845     0.254360921
           1     1.270452618     0.153982841     0.244367047
           1     1.271212837     0.181505883     0.229125162
           1     2.308469769     0.281640496     0.253007496
           1     1.539018461     0.240001305     0.259108236
           1     1.335058067     0.180830092     0.242208873
           1     1.627878713     0.167862874     0.244167827
           1     1.598989190     0.220163160     0.238872130
           1     0.935257322     0.135534983     0.230140924
           1     1.243090661     0.145879177     0.218985462
           1     0.915761226     0.147546071     0.211924322
           1     0.917630632     0.117793808     0.195598624
           1     1.157117038     0.142913367     0.199011648
           1     1.980729206     0.208474849     0.223790667
           1     2.326115865     0.253033254     0.251407823
           1     3.376632884     0.419447339     0.290792928
           1     3.087234221     0.400620755     0.318549969
           1     3.730755288     0.427465510     0.343243953
           1     3.489296492     0.405554358     0.362103816
           1     3.866498273     0.428033077     0.382465978
           1     3.862834916     0.426397173     0.397989461
           1     3.842360385     0.440515363     0.411107350
           1     3.704478431     0.409231451     0.417216270
           1     3.429223377     0.359023572     0.409455363
           1     4.337627050     0.477470829     0.428876942
           1     5.931068853     0.655923620     0.478127096
           1     3.433545643     0.375888456     0.469619275
           1     2.438315848     0.204702090     0.391619913
           1     3.610519717     0.335303747     0.397347550
           1     6.073353853     0.589989068     0.468745451
           1     4.878151324     0.527775636     0.501428635
           1     2.834609997     0.375320762     0.454665254
           1     1.918393914     0.259455058     0.399725329
           1     1.697489973     0.207099089     0.362539022
           1     2.248667981     0.218831531     0.355730463
           1     1.969772866     0.212947898     0.348173094
           1     2.497366592     0.259065714     0.350040985
           1     3.202258574     0.336421064     0.374824719
           1     3.880103637     0.411968899     0.407317093
           1     4.542492148     0.510237889     0.444390886
           1     3.688364860     0.458909530     0.452750986
           1     2.646521006     0.352208382     0.424830700
           1     3.409804489     0.384172745     0.428475813
           1     2.781527132     0.373230939     0.417688228
           1     4.164606486     0.446545646     0.445659366
           1     3.952744003     0.393142114     0.466549465
           1     3.590673441     0.341722238     0.449967174
           1     4.250667714     0.445741227     0.474460567
           1     4.766262289     0.504924810     0.500703819
           1     5.406051915     0.578743373     0.531577151
           1     5.685415894     0.618440820     0.563225119
           1     4.535780445     0.482116117     0.558396197
           1     4.148959208     0.467742887     0.542271044
           1     3.351536721     0.318673520     0.515744309
           1     4.684876014     0.421667328     0.522713843
           1     5.600187734     0.516895219     0.565187277
           1     6.263708588     0.573932278     0.596359493
           1     6.801625617     0.640183638     0.634939716
           1     5.177452523     0.515290154     0.627793139
           1     5.850992396     0.566717431     0.612734896
           1     2.763290938     0.391591412     0.553008453
           1     3.899529871     0.429667403     0.528618318
           1     1.817503896     0.259672664     0.481901040
           1     3.954270078     0.386369668     0.482723357
           1     4.838303544     0.508959789     0.530333212
           1     5.741900094     0.620127637     0.572721213
           1     5.290561948     0.568012205     0.598057663
           1     4.250920739     0.434038433     0.577145498
           1     4.548222087     0.447663926     0.570725847
           1     5.420410752     0.556780776     0.595014925
           1     6.611053906     0.720108044     0.640828315
           1     6.562500089     0.751262963     0.671997582
           1     7.657767810     0.804327279     0.713932246
           1     8.111754194     0.813537905     0.764559922
           1     8.072895549     0.781958794     0.797898254
           1     7.568786114     0.732216970     0.806053629
           1     6.664922759     0.585838322     0.778932152
           1     2.691752072     0.359184059     0.651377609
           1     2.187745687     0.295943432     0.552752177
           1     1.642154885     0.194611394     0.487332492
           1     3.177871790     0.317828708     0.487652794
           1     4.035571422     0.441333735     0.530288427
           1     4.531073123     0.475348159     0.560653732
           1     5.131037220     0.518293423     0.585259463
           1     4.750796929     0.535716090     0.598351334
           1     5.038441639     0.548478056     0.613418828
           1     5.326002695     0.520102349     0.622071848
           1     5.440020911     0.541390354     0.650920927
           1     4.015711512     0.411126349     0.621599883
           1     2.846900290     0.279395802     0.555442650
           1     3.945123652     0.371098522     0.549422267
           1     6.140036196     0.574300629     0.619592703
           1     5.572021961     0.559239285     0.654989003
           1     4.776807848     0.511519229     0.639942198
           1     4.624632675     0.510815372     0.635265769
           1     4.992298897     0.552095549     0.641436314
           1     4.926883299     0.514485592     0.647719352
           1     4.545921322     0.449298624     0.635645750
           1     4.933746614     0.481278697     0.636504003
           1     5.023402214     0.461641164     0.651413734
           1     3.757213339     0.342120115     0.611653411
           1     2.318170059     0.266430793     0.546621274
           1     2.609461371     0.282981996     0.509574491
           1     3.944619367     0.360481336     0.532300387
           1     3.454695471     0.380634459     0.544009136
           1     4.501664642     0.370588532     0.558292325
           1     4.810839076     0.425778772     0.577889682
           1     6.801357120     0.600478152     0.648506832
           1     8.159087352     0.803083551     0.753598375
           1     8.423681587     0.871462665     0.847592353
           1     7.136935592     0.721105305     0.832037766
           1     4.241875514     0.531236512     0.745371621
           1     6.363978878     0.627610691     0.717524010
           1     5.930954471     0.679174964     0.753177783
           1     6.926923893     0.695038247     0.750402625
           1     8.200244121     0.843982099     0.841465252
           1     7.987289406     0.829035506     0.879558334
           1     8.407830916     0.895939321     0.904886382
           1     7.504203439     0.769211172     0.935099183
           1     6.919465184     0.619666713     0.874304516
           1     7.818719357     0.758211371     0.909307014
           1     7.847370908     0.769120440     0.937458011
           1     7.786329657     0.747917908     0.930766934
           1     7.389146030     0.720411814     0.944922604
           1     2.821378112     0.323914170     0.769540199
           1     4.617240541     0.363904423     0.692542350
           1     2.441711346     0.284824927     0.634562998
           1     2.709580868     0.300014109     0.582662202
           1     4.458553869     0.382887547     0.598401595
           1     5.330981135     0.499401984     0.650829779
           1     5.770008564     0.523219776     0.696780936
           1     3.858375894     0.346532338     0.662968549
           1     4.496936133     0.367415286     0.628085979
           1     5.265348021     0.445184605     0.657691946
           1     6.074829753     0.545644913     0.704703437
           1     5.615385816     0.510847552     0.719435188
           1     6.799103759     0.662306922     0.764679658
           1     5.003433667     0.496570407     0.753495672
           1     5.480460554     0.545752342     0.718520450
           1     5.679449271     0.522870377     0.737655825
           1     3.834693450     0.461530679     0.698178795
           1     4.866895977     0.426605677     0.674931462
           1     3.955269927     0.383579174     0.654372132
           1     3.690871388     0.402359563     0.633004710
           1     4.586405389     0.418605544     0.640564764
           1     4.466859907     0.436543045     0.645507236
           1     4.718798019     0.444197997     0.658641233
           1     4.550786950     0.430465131     0.653299357
           1     4.445781950     0.415730468     0.652318243
           1     4.437134758     0.417147856     0.647360116
           1     4.675415654     0.440098104     0.652546137
           1     4.773330018     0.456793009     0.669083261
           1     3.169086682     0.338284498     0.618451444
           1     3.987095904     0.360461395     0.599502523
           1     4.766217999     0.444362821     0.631355934
           1     4.616696678     0.455039696     0.646440547
           1     5.171335533     0.522398365     0.669820208
           1     5.522837095     0.558885535     0.701041974
           1     5.116472512     0.496466443     0.698832986
           1     4.702776365     0.467661188     0.682214769
           1     3.638368048     0.401819891     0.659862640
           1     1.642825343     0.217432053     0.540960416
           1     2.784250714     0.293141977     0.523727545
           1     2.564330818     0.258446274     0.521087606
           1     3.638709249     0.354326529     0.530146446
           1     3.810896620     0.409012174     0.566674929
           1     2.574539609     0.327558339     0.540883510
           1     2.983380362     0.326989588     0.524227302
           1     2.605104351     0.350154401     0.511899631
           1     3.569176657     0.383891956     0.536464066
           1     2.989374591     0.324550574     0.521677268
           1     3.017103452     0.342509479     0.521722877
           1     3.368103188     0.376975393     0.530600207
           1     2.462194894     0.352505451     0.514751790
           1     3.267318416     0.362335796     0.519001313
           1     3.064961269     0.354917842     0.514686922
           1     4.807661980     0.551151611     0.568155827
           1     5.189502016     0.607351734     0.619917507
           1     4.288568746     0.504071813     0.629273368
           1     1.641641669     0.202452243     0.527540337
           1     1.846868138     0.202275500     0.457866399
           1     1.905466057     0.242233585     0.447227926
           1     2.354036419     0.267332882     0.446096914
           1     3.073802790     0.361658602     0.473353895
           1     3.371522248     0.412352491     0.504816319
           1     3.145193543     0.399576658     0.515145645
           1     3.645486221     0.415881426     0.523584889
           1     3.409471251     0.415579638     0.540898090
           1     1.936095752     0.235285113     0.492555362
           1     1.925953249     0.199795122     0.437503395
           1     1.969749968     0.212773705     0.420841529
           1     1.795770323     0.221622625     0.409071446
           1     2.052977169     0.245236324     0.408783734
           1     2.286510428     0.276484498     0.421629283
           1     2.300210075     0.284762547     0.426127013
           1     2.360698745     0.295985807     0.430792094
           1     2.606183853     0.313387187     0.444616174
           1     2.404773891     0.303234311     0.441173523
           1     2.034033122     0.260915029     0.429402926
           1     1.850411609     0.240649124     0.409526763
           1     1.834199909     0.227999346     0.397301018
           1     1.602158330     0.199681858     0.384358460
           1     1.343948727     0.152219011     0.353236180
           1     1.040018226     0.131549431     0.324385074
           1     1.100520081     0.158649928     0.309585657
           1     1.334334960     0.172184699     0.314021740
           1     1.439064063     0.187504215     0.318297031
           1     1.565096922     0.209570845     0.328498248
           1     0.924647166     0.149042678     0.305422102
           1     1.217916698     0.177882035     0.294533132
           1     0.959992824     0.174174575     0.288653248
           1     0.913301080     0.125744587     0.271795173
           1     0.848771088     0.134155146     0.259570925
           1     1.467126623     0.216465073     0.276653282
           1     1.705518356     0.271613817     0.308295664
           1     1.518315349     0.249027917     0.316858593
           1     1.266585480     0.232054073     0.309698299
           1     1.166863708     0.210714222     0.300826410
           1     0.890751660     0.140789283     0.282125591
           1     0.658405922     0.091812039     0.246625490
           1     0.609938896     0.101614162     0.227657462
           1     0.584260677     0.079212200     0.207907515
           1     0.664415746     0.099194061     0.203440098
           1     0.839748660     0.140003944     0.213504033
           1     0.984373332     0.149049859     0.223136546
           1     0.782262743     0.148947867     0.221956415
           1     0.711007226     0.124080456     0.214667179
           1     0.570516251     0.082823225     0.200690998
           1     0.747095263     0.106966608     0.197117752
           1     0.872746660     0.134225466     0.204762561
           1     1.146401973     0.188187749     0.221272926
           1     1.153137485     0.200972331     0.233495762
           1     1.127658831     0.207414133     0.239949378
           1     0.983870520     0.165552041     0.240270434
           1     0.825456191     0.132270205     0.229048528
           1     0.700139043     0.120824355     0.215486847
           1     0.828959511     0.149176238     0.211080203
           1     0.847594832     0.145910795     0.218202390
           1     0.521220902     0.090978111     0.187846228
           1     0.560156045     0.090284766     0.167862778
           1     0.719992745     0.100477545     0.171413357
           1     0.457145209     0.079864938     0.161685521
           1     0.473224799     0.078017205     0.156721286
           1     0.390195729     0.065687085     0.150090753
           1     0.627465075     0.109742914     0.149193388
           1     1.026703304     0.166395677     0.159927132
           1     0.928420309     0.159176209     0.182940398
           1     0.584317395     0.105430827     0.174578967
           1     0.487414496     0.085517212     0.160689701
           1     0.471933088     0.082592523     0.151605126
           1     0.679147050     0.102463182     0.150835690
           1     0.730569469     0.112381975     0.148650304
           1     0.631604793     0.116017121     0.146202271
           1     0.677531100     0.117161734     0.155071528
           1     0.571663016     0.074592289     0.153728772
           1     0.618378794     0.111601249     0.154126169
           1     0.760184783     0.126291998     0.162371256
           1     0.749147994     0.126641313     0.169952731
           1     0.518317700     0.091032603     0.159729164
           1     0.457401100     0.069734417     0.146989241
           1     0.430863566     0.050052417     0.140329025
           1     0.462127903     0.078486164     0.137581231
           1     0.837063212     0.139846373     0.145887329
           1     0.928249951     0.164784327     0.168044854
           1     0.732078047     0.135647950     0.168883240
           1     0.672613867     0.119955290     0.167250486
           1     0.641317468     0.109168191     0.164585453
           1     0.500548049     0.072919895     0.155203638
           1     0.745809577     0.105993364     0.158581648
           1     0.632029259     0.090148747     0.159532813
           1     0.416443889     0.066768873     0.146904908
           1     0.457072117     0.053337184     0.140236105
           1     0.591820220     0.074832627     0.137977024
           1     0.818450975     0.133691922     0.139701545
           1     0.934083201     0.144925870     0.153834351
           1     0.885014734     0.140593192     0.165539247
           1     0.672715461     0.121088573     0.165349592
           1     0.583192531     0.110825113     0.158198001
           1     0.660915254     0.124014874     0.157620768
           1     0.608411917     0.103308126     0.156877473
           1     0.583690026     0.094147102     0.155527259
           1     0.430327722     0.077412878     0.141022267
           1     0.557061845     0.103111007     0.137825549
           1     0.594933388     0.109552813     0.141161927
           1     0.800991030     0.115255401     0.151126474
           1     0.756939549     0.123568069     0.159067578
           1     0.729675679     0.122936762     0.161938638
           1     0.451991498     0.075751267     0.149228180
           1     0.425787091     0.072889340     0.138067452
           1     0.560363515     0.088462051     0.136889090
           1     0.467282663     0.080852733     0.135875931
           1     0.529023017     0.081769914     0.134340126
           1     0.565891332     0.092339493     0.133380973
           1     0.547066831     0.087125901     0.132936060
           1     0.435718318     0.077402111     0.129691943
           1     0.631578526     0.102386560     0.131422559
           1     0.660492137     0.098144409     0.131926608
           1     0.553219545     0.099648357     0.130986189
           1     0.506569284     0.087006745     0.129539198
           1     0.670852822     0.085428831     0.128577443
           1     0.670260235     0.107323727     0.129007405
           1     0.738186640     0.117173908     0.131576107
           1     0.737846064     0.121152971     0.131983892
           1     0.613552116     0.111709777     0.134625674
           1     0.694608427     0.108762533     0.139853343
           1     0.889161171     0.162072846     0.153356312
           1     1.175359690     0.180294878     0.174406214
           1     1.128737594     0.168099606     0.187473882
           1     1.237532836     0.177516473     0.197318748
           1     1.604975007     0.245026363     0.215275224
           1     1.721855728     0.272468130     0.236640425
           1     1.767290516     0.261518659     0.254868476
           1     1.718221144     0.263190797     0.260095095
           1     1.066161621     0.195489965     0.247956480
           1     0.914472964     0.165206730     0.232265368
           1     0.760432514     0.117694795     0.212372375
           1     0.924175426     0.128994158     0.207877816
           1     0.925880815     0.133050616     0.207447074
           1     0.643850009     0.119300589     0.195047573
           1     0.545606084     0.089795908     0.174347561
           1     0.749715524     0.115349487     0.174034216
           1     0.631418062     0.108356714     0.170157619
           1     1.117404471     0.180395208     0.183715442
           1     0.955383239     0.169666993     0.199380523
           1     0.842852738     0.134578309     0.196571219
           1     0.753063034     0.121737025     0.189725645
           1     0.517719358     0.088769537     0.172855105
           1     0.473068065     0.062260410     0.153090660
           1     0.571537865     0.091538503     0.149083703
           1     0.712232348     0.122252934     0.146060542
           1     0.755642041     0.123518750     0.145698970
           1     0.901024958     0.131990757     0.162054806
           1     1.239730980     0.146694513     0.183076259
           1     1.286786986     0.186634579     0.201427245
           1     1.530542501     0.196031057     0.221152902
           1     1.749589876     0.216045157     0.237474164
           1     2.412597479     0.339466992     0.270481192
           1     2.206611294     0.326192384     0.297806457
           1     1.442518737     0.207342508     0.289247213
           1     1.369835399     0.180835243     0.272233338
           1     1.351902804     0.178197956     0.267963835
           1     2.143824663     0.274365143     0.286585498
           1     1.448644903     0.255726983     0.292802948
           1     2.296647891     0.332162001     0.304141442
           1     1.958874593     0.304386939     0.325965068
           1     1.694751555     0.232379541     0.313231650
           1     0.927947959     0.162974714     0.282262225
           1     1.542489700     0.196146465     0.278146712
           1     1.828675168     0.251879949     0.296681641
           1     1.587084422     0.186448071     0.299248184
           1     1.552470721     0.216121046     0.297592093
           1     2.000531691     0.242740824     0.308258098
           1     1.563320987     0.232391569     0.311731895
           1     0.952213183     0.120482716     0.277243614
           1     2.036616676     0.228655830     0.289808116
           1     2.584447702     0.330604011     0.332654621
           1     2.962162049     0.385350952     0.365288951
           1     4.157777425     0.533680629     0.411287580
           1     3.845947318     0.507645902     0.449202960
           1     2.212820185     0.286058968     0.421399180
           1     1.043948250     0.123511894     0.349530440
           1     1.486738465     0.159667428     0.322421033
           1     1.339044694     0.178336955     0.314004463
           1     1.309755798     0.184180325     0.308166011
           1     1.776708091     0.211233177     0.311072958
           1     2.141163224     0.252438976     0.330611972
           1     1.700957522     0.247734974     0.328848967
           1     1.851131074     0.271706705     0.334070861
           1     3.089936189     0.371432363     0.372293839
           1     1.832910363     0.295556667     0.371053967
           1     2.705141630     0.336702056     0.380762951
           1     3.510428298     0.438197358     0.418744021
           1     1.298169415     0.184902980     0.382912267
           1     1.462721471     0.142806920     0.324550889
           1     2.046805624     0.219309327     0.341790915
           1     2.404536050     0.260370630     0.364717114
           1     2.632744990     0.325667977     0.386811990
           1     2.166945450     0.318039824     0.387218257
           1     2.342054206     0.263883454     0.392165033
           1     1.250406503     0.124812474     0.337061207
           1     1.823334407     0.240610626     0.338427131
           1     1.903633665     0.277542293     0.352317386
           1     1.258993426     0.169166739     0.334269020
           1     1.178335620     0.152367501     0.306907520
           1     1.778157301     0.230660201     0.317207433
           1     2.191837437     0.246417004     0.341033752
           1     2.457522592     0.289200244     0.357731196
           1     1.710641805     0.271390762     0.357449273
           1     2.168883510     0.263477827     0.356450739
           1     1.192601050     0.156922790     0.340761633
           1     1.118018093     0.166412799     0.302426924
           1     2.125762803     0.231449049     0.328305682
           1     2.761323037     0.294678960     0.362380639
           1     3.686146826     0.424413799     0.406770293
           1     5.677941266     0.667363823     0.479276391
           1     1.563549725     0.237519394     0.443188379
           1     2.231516244     0.242118819     0.398562517
           1     2.494812867     0.279587553     0.404745876
           1     3.014353307     0.310536512     0.429128780
           1     2.972483924     0.301365139     0.433157148
           1     3.688875861     0.383609112     0.463358236
           1     4.424765792     0.458073056     0.497900933
           1     4.936777584     0.529512035     0.539142915
           1     6.263447993     0.715566374     0.593905170
           1     6.815041594     0.774454555     0.652215428
           1     5.863487013     0.648107776     0.666300562
           1     6.513208233     0.773142946     0.681160020
           1     2.728955688     0.341353781     0.617905608
           1     2.512324195     0.257818894     0.522267224
           1     2.914524877     0.301442851     0.514709614
           1     3.056640638     0.336949739     0.511695851
           1     3.196261331     0.378765280     0.522942383
           1     3.555208415     0.403745134     0.530985809
           1     3.130900476     0.385257960     0.525778746
           1     4.078459028     0.452082964     0.537950016
           1     4.479290504     0.474863218     0.568741664
           1     2.692675766     0.380494175     0.549586069
           1     3.418512225     0.396316617     0.535202671
           1     3.893021077     0.443303343     0.549756234
           1     2.813471273     0.354188187     0.541482354
           1     2.449710378     0.300103629     0.503433278
           1     3.288349109     0.317254456     0.505812268
           1     3.869530968     0.400772563     0.536517025
           1     4.780792635     0.511995212     0.577793566
           1     5.559308097     0.593130308     0.623054472
           1     5.351399336     0.573820042     0.659396357
           1     3.049171090     0.301529213     0.592751090
           1     4.458402548     0.467440587     0.600677349
           1     5.714330427     0.625365058     0.656667123
           1     6.074183762     0.654233396     0.695472633
           1     5.764464930     0.651471154     0.721215809
           1     4.801846087     0.480527325     0.704131358
           1     3.928507976     0.396782132     0.660061917
           1     2.718100393     0.274646419     0.621613239
           1     1.585652382     0.144245616     0.508205335
           1     2.419151864     0.218671740     0.490861580
           1     3.685646415     0.338835976     0.527121782
           1     5.402631443     0.514616638     0.606251127
           1     6.337642640     0.637222378     0.680374572
           1     4.655116968     0.444236080     0.677368702
           1     5.951641560     0.530130926     0.684485979
           1     3.060690105     0.404489975     0.640583369
           1     1.622947630     0.238254655     0.539478226
           1     2.635357585     0.270446545     0.523782564
           1     2.440095055     0.230698202     0.512071875
           1     2.912810339     0.293976180     0.518040175
           1     3.748229627     0.354373553     0.544812275
           1     4.851533949     0.450690427     0.590772988
           1     5.362476304     0.521215695     0.631094043
           1     6.874607414     0.629502386     0.702309035
           1     8.028950728     0.773750844     0.801326898
           1     8.668816030     0.919023177     0.896829145
           1     7.613975585     0.749011294     0.911351278
           1     2.401288211     0.330572056     0.734601415
           1     4.629643787     0.398526459     0.679279500
           1     5.141261175     0.464554829     0.709394447
           1     6.001820132     0.554486473     0.751900576
           1     2.781949062     0.383830190     0.688601766
           1     4.848602679     0.535603211     0.674375493
           1     5.305490658     0.572482755     0.718623163
           1     5.003427282     0.524513752     0.724764252
           1     5.066120118     0.539938391     0.730210610
           1     4.747671086     0.515863034     0.722983556
           1     5.072935972     0.520692926     0.728037604
           1     4.969976928     0.548544478     0.739473699
           1     5.798432648     0.636869712     0.758366329
           1     4.846280832     0.567061980     0.767347642
           1     5.255687300     0.552194153     0.748348071
           1     5.784072652     0.612136074     0.773803692
           1     6.968507923     0.742174596     0.834365253
           1     2.208436150     0.278070670     0.715596551
           1     0.733444251     0.104877032     0.502462623
           1     1.051361686     0.162021243     0.437274065
           1     1.735600935     0.233101408     0.445024424
           1     2.822034582     0.322270531     0.480260787
           1     4.520260323     0.521952997     0.546030781
           1     4.585850943     0.595572583     0.606743114
           1     2.437679838     0.307315474     0.572914162
           1     2.915310243     0.324689776     0.545680408
           1     3.109104007     0.350250870     0.556395428
           1     3.554058667     0.385833961     0.575903563
           1     3.817801014     0.422179250     0.592209347
           1     4.656060334     0.510377954     0.626907233
           1     4.018306199     0.518977421     0.649982728
           1     2.969021415     0.316394888     0.607148487
           1     3.119927406     0.356769823     0.585500339
           1     4.323036719     0.492195359     0.615823216
           1     5.364774823     0.653306841     0.678478907
           1     2.717312541     0.380299593     0.635148275
           1     3.178103998     0.404276822     0.599980259
           1     4.741989262     0.529368491     0.641366628
           1     5.496708862     0.598374216     0.694047299
           1     5.572023682     0.656811648     0.730738825
           1     6.193991221     0.702413449     0.768578585
           1     5.093948215     0.541526733     0.759874057
           1     5.025907949     0.504927202     0.744497782
           1     5.470624316     0.555547006     0.751193494
           1     7.150687829     0.730335607     0.821018275
           1     6.806672558     0.651334317     0.866935198
           1     5.119479328     0.493726761     0.803263231
           1     4.653547477     0.467972813     0.779943684
           1     1.383894723     0.199287993     0.632619355
           1     1.935485293     0.188192119     0.532990874
           1     2.465930127     0.271967245     0.549629080
           1     2.897696543     0.332153511     0.567514960
           1     2.952192940     0.334501778     0.575363885
           1     3.690352578     0.397203051     0.594678786
           1     4.608542316     0.451357034     0.632132159
           1     6.249609992     0.617976734     0.710813339
           1     6.675836630     0.668230339     0.773590818
           1     6.775765672     0.666145318     0.810049284
           1     6.319865026     0.642673173     0.838869205
           1     2.673380792     0.385639217     0.721650114
           1     2.302000947     0.263180455     0.627607995
           1     2.108078124     0.232141701     0.572817080
           1     2.336181911     0.286380559     0.551784659
           1     2.784931038     0.343192129     0.565010089
           1     2.006654592     0.273693734     0.546069325
           1     1.842389226     0.239144987     0.494056263
           1     2.352754267     0.282619820     0.502557568
           1     2.286226768     0.266169306     0.500096871
           1     2.002308037     0.219838780     0.489475669
           1     1.534344048     0.181907445     0.450474202
           1     1.878219619     0.220937126     0.436620131
           1     2.505413311     0.309405215     0.467673408
           1     2.592236590     0.311878198     0.489007173
           1     2.539056394     0.296588417     0.490024400
           1     3.262522323     0.343059546     0.505729584
           1     3.862317067     0.440125869     0.558327801
           1     4.641930915     0.490680823     0.602547909
           1     2.904075623     0.396980854     0.588646302
           1     2.615954630     0.288209889     0.546320288
           1     2.749222249     0.309638164     0.527440928
           1     3.405780818     0.392587036     0.555808805
           1     3.230620939     0.371031223     0.568616169
           1     3.248789262     0.389081294     0.560844438
           1     4.582688216     0.519794732     0.611258618
           1     4.628314294     0.538856533     0.649501287
           1     3.760149099     0.458711568     0.644868243
           1     3.459132433     0.411922258     0.623994838
           1     3.505408637     0.444374974     0.620409815
           1     2.629863936     0.384110761     0.598171360
           1     2.036696048     0.305294452     0.541448896
           1     2.349843921     0.321723312     0.524989883
           1     2.817616213     0.391210079     0.530579240
           1     2.604688888     0.346007533     0.546318979
           1     1.752813267     0.226429859     0.497718326
           1     2.210069763     0.268187978     0.480377219
           1     2.334921695     0.302107145     0.485552818
           1     2.807276268     0.361705693     0.509379421
           1     2.697523337     0.361380131     0.521086593
           1     3.131675217     0.393969991     0.532010341
           1     3.440829698     0.445623763     0.557105192
           1     3.570489120     0.437608819     0.575338799
           1     3.067705400     0.372085503     0.568956915
           1     3.510625064     0.412126673     0.573614789
           1     2.332686909     0.309088122     0.555512711
           1     2.161633834     0.265406728     0.503080354
           1     2.302804559     0.283528709     0.498837191
           1     2.156587768     0.268746194     0.486175892
           1     2.419043614     0.254257446     0.483033319
           1     2.394854316     0.290654909     0.481139617
           1     2.503682630     0.314823563     0.489166697
           1     2.976406351     0.369396049     0.512654229
           1     2.525716029     0.305948748     0.507014328
           1     2.106981758     0.260312385     0.481579298
           1     2.008545857     0.270385859     0.466458434
           1     2.086904224     0.271503130     0.465392584
           1     2.161757914     0.265455269     0.455595617
           1     2.272865269     0.283541396     0.464196940
           1     2.119042929     0.268723375     0.458328157
           1     2.036612784     0.256729627     0.452579188
           1     1.930528406     0.241072483     0.445276163
           1     1.425968323     0.194275318     0.411450774
           1     1.495421832     0.198043330     0.396678339
           1     1.301610740     0.166274434     0.381534454
           1     1.264858714     0.163345375     0.360878930
           1     1.456247173     0.189412673     0.361997949
           1     1.266797520     0.185460797     0.354105989
           1     1.636457782     0.214567937     0.364909987
           1     1.615271546     0.221423937     0.370257331
           1     1.213208159     0.212886754     0.357693738
           1     1.251388803     0.174854892     0.349649667
           1     0.536635181     0.085818984     0.286968616
           1     0.589950605     0.098465100     0.258707969
           1     0.530840346     0.085945261     0.237500639
           1     0.930352556     0.125339170     0.245974248
           1     1.429253608     0.209282311     0.288598516
           1     1.035110665     0.140771300     0.286391727
           1     1.244296048     0.174247603     0.288547176
           1     1.683607480     0.247898856     0.318949314
           1     1.498969110     0.224626173     0.330882517
           1     1.372987717     0.215967479     0.328910167
           1     1.433826229     0.231277355     0.332293075
           1     1.570057025     0.237268546     0.340760630
           1     1.587727638     0.267619051     0.349624673
           1     1.700754579     0.275148098     0.359536642
           1     1.892591083     0.274763142     0.376071070
           1     1.739762353     0.261173559     0.379704523
           1     1.050376466     0.196354518     0.348374065
           1     0.989738298     0.168399718     0.321040044
           1     1.015971342     0.176096528     0.307368114
           1     0.996229148     0.150874965     0.307494454
           1     0.670525686     0.107328276     0.277027723
           1     0.502135190     0.087222461     0.231344197
           1     0.518006219     0.091283267     0.215962064
           1     0.520166944     0.090280560     0.203994918
           1     0.591719690     0.109334295     0.195575125
           1     0.670483002     0.129048730     0.190159815
           1     0.588458082     0.108296991     0.183076817
           1     0.391831081     0.067808528     0.176684716
           1     0.529193689     0.086861398     0.174515465
           1     0.800836101     0.125495959     0.175927534
           1     0.827492231     0.133660241     0.179400356
           1     0.866991120     0.142872578     0.198384603
           1     0.950251877     0.157456420     0.213635210
           1     1.147353698     0.184429401     0.230225909
           1     1.170904223     0.198054093     0.245735017
           1     1.022962450     0.195783089     0.251235249
           1     0.698961175     0.129789651     0.235707634
           1     0.680625269     0.117376302     0.225392233
           1     0.671903692     0.113592428     0.217442625
           1     1.021575917     0.173966441     0.228498669
           1     1.001514633     0.162080173     0.240179132
           1     1.034323353     0.184106845     0.246044831
           1     0.871352546     0.160893102     0.245144191
           1     0.584316217     0.112051677     0.225689194
           1     0.472862288     0.090179343     0.200415033
           1     0.581384692     0.096369712     0.181631736
           1     0.812912064     0.136838816     0.191578086
           1     1.256618919     0.221562146     0.225340723
           1     1.217231466     0.204354277     0.245897916
           1     1.249886112     0.227198368     0.257890934
           1     1.028155751     0.195904075     0.259767836
           1     0.692010676     0.137622531     0.240383017
           1     0.547655412     0.109025097     0.219901289
           1     0.666592520     0.117303026     0.195911380
           1     0.824004709     0.130549663     0.185090232
           1     0.895606051     0.160893131     0.200003751
           1     1.004007848     0.172756866     0.215779634
           1     0.866940165     0.137904541     0.222795928
           1     0.838987153     0.138136801     0.221897530
           1     0.797652769     0.145106843     0.218010127
           1     0.706520585     0.130087299     0.217836732
           1     0.754943212     0.147850897     0.216096034
           1     0.660083751     0.114226583     0.210781114
           1     0.609529687     0.115688107     0.203669875
           1     0.682580053     0.135155458     0.200832733
           1     0.819872912     0.140668608     0.210416369
           1     0.978742585     0.175969994     0.224244583
           1     1.000492719     0.166090503     0.232705653
           1     1.113359555     0.194688878     0.241917269
           1     0.916303224     0.193825169     0.239999081
           1     0.588871008     0.107794006     0.229403425
           1     0.604130359     0.074868418     0.198840027
           1     0.813597176     0.122010379     0.206617950
           1     0.584021912     0.094755853     0.200890417
           1     0.587262368     0.115311065     0.195578328
           1     0.519980618     0.105158369     0.186434542
           1     0.373744837     0.057679156     0.171377078
           1     0.261582732     0.046143408     0.159343553
           1     0.444257082     0.059242440     0.156406782
           1     0.768057024     0.112637482     0.159592934
           1     0.836359439     0.147185318     0.162607158
           1     0.529014467     0.099372925     0.161341831
           1     0.863710729     0.136648769     0.162383874
           1     1.116110454     0.192832569     0.193219742
           1     1.184283048     0.199531807     0.217710519
           1     0.960151800     0.187527364     0.227766946
           1     1.133986007     0.183556273     0.235620792
           1     1.188350434     0.177471083     0.247574825
           1     0.573761900     0.086038848     0.221395351
           1     0.791953370     0.105458300     0.210029523
           1     1.177327604     0.192189954     0.230879344
           1     1.346278284     0.225668003     0.257723869
           1     1.400554055     0.241449876     0.271543203
           1     1.641786540     0.292420962     0.291360854
           1     1.914933413     0.331439955     0.319870435
           1     1.249184468     0.215544952     0.312956441
           1     1.164811669     0.227855750     0.300226837
           1     0.604460492     0.114203245     0.254850448
           1     0.780937053     0.105258578     0.224914766
           1     0.503076239     0.098172404     0.218597537
           1     0.747029820     0.117114414     0.210273069
           1     0.866758456     0.155033053     0.225870169
           1     0.834045846     0.150475229     0.231009859
           1     1.156086002     0.181764678     0.246652609
           1     1.290858807     0.215328714     0.265882751
           1     1.934395621     0.310902659     0.301330021
           1     1.376411146     0.289567748     0.314134412
           1     1.276625197     0.269735520     0.313626240
           1     0.677020183     0.117039658     0.284177167
           1     0.429799657     0.078159148     0.222723771
           1     0.515090664     0.084849707     0.205260958
           1     0.589551013     0.117939182     0.190750048
           1     0.623368253     0.129421597     0.181661733
           1     0.633047324     0.109473170     0.189576521
           1     0.421232504     0.078438999     0.177641814
           1     0.766151071     0.111521556     0.180390552
           1     0.664338681     0.132859507     0.191917278
           1     0.947308087     0.155825250     0.212209444
           1     1.476251111     0.221639992     0.246253555
           1     1.619080523     0.270056608     0.282862958
           1     1.966977080     0.322750564     0.317563558
           1     1.528444406     0.274685772     0.330853039
           1     1.125278126     0.227039008     0.313898253
           1     1.003712289     0.224142915     0.298722087
           1     1.373329627     0.227513305     0.309953094
           1     1.208343010     0.246788056     0.309342369
           1     0.630072378     0.121293535     0.261574130
           1     1.024043732     0.158871922     0.256761780
           1     1.510186099     0.244914164     0.291646832
           1     1.951575300     0.319495434     0.333153656
           1     2.262462199     0.357035976     0.370478139
           1     1.817302605     0.294419048     0.372751241
           1     1.943787165     0.359349105     0.382021889
           1     1.328014881     0.207469585     0.368495790
           1     0.985620167     0.179188981     0.327259785
           1     0.669764513     0.142010839     0.299334999
           1     0.528132215     0.104446280     0.240263233
           1     1.161268290     0.168248938     0.267653265
           1     1.218133217     0.199513376     0.295806371
           1     1.390801854     0.202944153     0.305059190
           1     1.675927739     0.279700429     0.332906311
           1     1.554535356     0.239891861     0.353353525
           1     1.638370620     0.242598033     0.356973288
           1     1.262545744     0.240924186     0.354202094
           1     1.677445603     0.278010569     0.362145139
           1     1.776992811     0.262895092     0.379184358
           1     1.570648200     0.256087924     0.374092629
           1     1.261619611     0.266769115     0.364398143
           1     1.368935345     0.267460314     0.370094473
           1     1.368626824     0.262757643     0.368519275
           1     2.073309751     0.341649869     0.398880348
           1     1.490624029     0.314284960     0.402911262
           1     0.964547905     0.204852738     0.364696965
           1     1.450389966     0.294449139     0.367093275
           1     1.456877189     0.223871778     0.376700996
           1     1.953940871     0.284588198     0.394875345
           1     1.678574683     0.350727906     0.406979254
           1     1.798539612     0.356360377     0.412959641
           1     2.679461624     0.428792639     0.462305519
           1     2.944365695     0.466557235     0.507667094
           1     3.108824622     0.497362503     0.540062870
           1     2.433956183     0.450682912     0.543292471
           1     2.004605724     0.325957010     0.505828371
           1     2.667339550     0.401638552     0.524434884
           1     2.512559922     0.385094249     0.537318262
           1     2.134899534     0.388196405     0.521502903
           1     2.181124071     0.411054106     0.518341778
           1     3.443041448     0.533759951     0.563096380
           1     1.626165327     0.276148210     0.536080876
           1     1.226101588     0.155816762     0.445429528
           1     1.348664366     0.207248838     0.430656528
           1     1.854356267     0.277835036     0.447925299
           1     2.123912957     0.327965457     0.475331732
           1     1.378646317     0.239315621     0.456521826
           1     1.877336070     0.256124235     0.432853033
           1     2.507041428     0.365479092     0.486078453
           1     2.883428579     0.453482628     0.531109660
           1     2.534295201     0.428312595     0.547069570
           1     2.540145200     0.380421177     0.543627887
           1     2.757298000     0.419100783     0.563152801
           1     2.956304660     0.474128324     0.595301906
           1     2.050699396     0.337026843     0.555132062
           1     1.999940472     0.331892908     0.534617246
           1     2.224603957     0.365413778     0.538805857
           1     1.928033229     0.375149742     0.532077278
           1     1.416322316     0.225141843     0.495417461
           1     0.915799681     0.163135126     0.419572991
           1     1.074125960     0.230380396     0.393686889
           1     1.668570698     0.301107721     0.419517205
           1     3.090022266     0.527496284     0.502027872
           1     1.855766042     0.370628912     0.516207105
           1     0.839501326     0.182871120     0.416180458
           1     2.136189584     0.345110672     0.436875294
           1     2.776589144     0.461933695     0.504963201
           1     3.103681386     0.593665967     0.552974862
           1     2.432666743     0.450543863     0.556950195
           1     1.962336345     0.324537901     0.532665268
           1     2.005490735     0.337330162     0.514961550
           1     2.139867615     0.332020497     0.519445773
           1     3.125097025     0.487587291     0.565800840
           1     3.365909459     0.584333042     0.610642633
           1     2.861022040     0.451771830     0.637955877
           1     2.415519167     0.376678301     0.601376815
           1     3.478964536     0.552772164     0.650196766
           1     2.896421403     0.523011385     0.667361980
           1     1.411890775     0.257265922     0.583521338
           1     0.906841445     0.167702640     0.471679690
           1     2.076965376     0.289400082     0.502638482
           1     3.103655776     0.455116164     0.586655039
           1     4.563167833     0.736742431     0.707425726
           1     4.330190539     0.647601017     0.779429832
           1     5.162193101     0.817711452     0.855259091
           1     2.841006923     0.407577726     0.799850517
           1     2.272764073     0.277807040     0.681435540
           1     3.173453465     0.411588222     0.713238323
           1     4.255658403     0.612828499     0.805682053
           1     4.132648434     0.679103381     0.854907207
           1     4.148968019     0.593592433     0.879009639
           1     4.855339266     0.807073213     0.973593434
           1     5.199786816     0.962705855     1.089506503
