           1     0.269195897
           1     0.181145050
           1     0.191237376
           1     0.218879856
           1     0.329699284
           1     0.302017102
           1     0.266469642
           1     0.257163964
           1     0.401090673
           1     0.480544803
           1     0.602731560
           1     0.290245750
           1     0.220440778
           1     0.329570588
           1     0.301899211
           1     0.311568692
           1     0.400951503
           1     0.482091369
           1     0.633210701
           1     0.699621025
           1     0.574886653
           1     0.431637675
           1     0.491719699
           1     0.448477812
           1     0.473703191
           1     0.546905728
           1     0.658584620
           1     0.600653879
           1     0.544700481
           1     0.574173689
           1     0.532491479
           1     0.527789229
           1     0.536563817
           1     0.475690284
           1     0.299997798
           1     0.272786268
           1     0.286294167
           1     0.389463933
           1     0.269208336
           1     0.300950938
           1     0.205368804
           1     0.292923067
           1     0.384492081
           1     0.485049657
           1     0.536284577
           1     0.557435438
           1     0.497578134
           1     0.512691175
           1     0.507987646
           1     0.478847178
           1     0.498657911
           1     0.334774890
           1     0.328737709
           1     0.469382443
           1     0.480835846
           1     0.411316629
           1     0.464087650
           1     0.475587347
           1     0.289701331
           1     0.268812515
           1     0.356076674
           1     0.402255202
           1     0.414532004
           1     0.446663110
           1     0.515413763
           1     0.498822189
           1     0.351746783
           1     0.337848402
           1     0.343407693
           1     0.436566274
           1     0.493279795
           1     0.433187034
           1     0.440480228
           1     0.438278032
           1     0.455995288
           1     0.529402471
           1     0.719757620
           1     0.686180692
           1     0.370482246
           1     0.313746778
           1     0.313434963
           1     0.356588053
           1     0.445307452
           1     0.463249709
           1     0.331601862
           1     0.343746859
           1     0.391316617
           1     0.405830887
           1     0.305237663
           1     0.364182269
           1     0.393230466
           1     0.386096097
           1     0.359814602
           1     0.313169084
           1     0.275745773
           1     0.366874361
           1     0.411556194
           1     0.392510084
           1     0.481443139
           1     0.383564121
           1     0.465718902
           1     0.475116715
           1     0.410799924
           1     0.276431985
           1     0.300833589
           1     0.309262703
           1     0.312670301
           1     0.339267293
           1     0.338894230
           1     0.309068911
           1     0.285020545
           1     0.364428533
           1     0.372226311
           1     0.418106199
           1     0.417445861
           1     0.236322113
           1     0.200645259
           1     0.213646605
           1     0.222499169
           1     0.246177057
           1     0.277506176
           1     0.285779146
           1     0.297007258
           1     0.291789033
           1     0.283551171
           1     0.299624319
           1     0.346141210
           1     0.357558883
           1     0.282603538
           1     0.222560746
           1     0.290176686
           1     0.307209751
           1     0.242785448
           1     0.194900248
           1     0.202443933
           1     0.185503011
           1     0.107884006
           1     0.100517672
           1     0.093260781
           1     0.108394158
           1     0.126425812
           1     0.136217210
           1     0.155250907
           1     0.160096666
           1     0.156392761
           1     0.168085044
           1     0.154223443
           1     0.145334130
           1     0.138222943
           1     0.144757149
           1     0.132895070
           1     0.135527663
           1     0.188803428
           1     0.222151758
           1     0.253587300
           1     0.331230069
           1     0.254172107
           1     0.254276620
           1     0.110003411
           1     0.117617007
           1     0.139766602
           1     0.128912484
           1     0.139190503
           1     0.112841645
           1     0.109600289
           1     0.146158913
           1     0.145910167
           1     0.120197520
           1     0.111769624
           1     0.169565900
           1     0.140026504
           1     0.105315558
           1     0.109885900
           1     0.112377307
           1     0.141343696
           1     0.122496369
           1     0.114129518
           1     0.081337807
           1     0.076102389
           1     0.093679417
           1     0.108987425
           1     0.093044543
           1     0.083128310
           1     0.101860844
           1     0.093659101
           1     0.108963789
           1     0.093024363
           1     0.103105713
           1     0.107909107
           1     0.106232012
           1     0.102328920
           1     0.143224214
           1     0.142655908
           1     0.177474008
           1     0.125577402
           1     0.135889575
           1     0.111039121
           1     0.087208388
           1     0.114130911
           1     0.230373608
           1     0.128212846
           1     0.104096712
           1     0.117486238
           1     0.143550919
           1     0.105542175
           1     0.075517114
           1     0.116880315
           1     0.168151263
           1     0.199361922
           1     0.166129351
           1     0.159053041
           1     0.174253180
           1     0.168502177
           1     0.139129801
           1     0.111655429
           1     0.110668227
           1     0.127059568
           1     0.112522989
           1     0.122499392
           1     0.187860727
           1     0.176700515
           1     0.174845143
           1     0.245276304
           1     0.069015107
           1     0.059514159
           1     0.075497651
           1     0.112941272
           1     0.165695318
           1     0.157884167
           1     0.146620542
           1     0.111875919
           1     0.099884381
           1     0.114691141
           1     0.135988571
           1     0.119299076
           1     0.119819020
           1     0.125986374
           1     0.139307748
           1     0.146632406
           1     0.157808846
           1     0.146550594
           1     0.118860802
           1     0.171820565
           1     0.194700312
           1     0.211871251
           1     0.171389396
           1     0.182109567
           1     0.210539507
           1     0.222400343
           1     0.122052615
           1     0.103840332
           1     0.106737049
           1     0.082653367
           1     0.112040860
           1     0.160273273
           1     0.201040655
           1     0.268215612
           1     0.303092060
           1     0.213223668
           1     0.107323484
           1     0.103990026
           1     0.080735902
           1     0.126909482
           1     0.207685247
           1     0.309192717
           1     0.287700566
           1     0.296890056
           1     0.238236240
           1     0.178745552
           1     0.236693163
           1     0.106206527
           1     0.101911733
           1     0.127974631
           1     0.174291855
           1     0.277515727
           1     0.407238322
           1     0.312521550
           1     0.199500728
           1     0.261438753
           1     0.358877936
           1     0.204061632
           1     0.154725633
           1     0.172746821
           1     0.173946105
           1     0.195480310
           1     0.185408939
           1     0.097457778
           1     0.130572790
           1     0.290939813
           1     0.191832244
           1     0.290873599
           1     0.210785824
           1     0.213823959
           1     0.209066821
           1     0.182604524
           1     0.124371284
           1     0.088360604
           1     0.197968519
           1     0.157756031
           1     0.144493515
           1     0.168826390
           1     0.276132344
           1     0.426482067
           1     0.281383676
           1     0.330884428
           1     0.395181341
           1     0.282085666
           1     0.109169488
           1     0.159461609
           1     0.263266903
           1     0.429681994
           1     0.569045538
           1     0.484172546
           1     0.491294087
           1     0.373563410
           1     0.514149324
           1     0.290414367
           1     0.265569794
           1     0.322463379
           1     0.292799018
           1     0.409766657
           1     0.585294888
           1     0.635566578
           1     0.404841763
           1     0.295863419
           1     0.375901643
           1     0.455890218
           1     0.548434811
           1     0.616615930
           1     0.386351646
           1     0.316151414
           1     0.372580635
           1     0.345346848
           1     0.186515303
           1     0.321409861
           1     0.480617171
           1     0.607886610
           1     0.249595936
           1     0.111605267
           1     0.076748566
           1     0.204956364
           1     0.375038253
           1     0.229272138
           1     0.171756830
           1     0.264356706
           1     0.293948061
           1     0.294767778
           1     0.417261027
           1     0.608096957
           1     0.754202383
           1     0.747473290
           1     0.603239213
           1     0.556810095
           1     0.642109313
           1     0.733022674
           1     0.785760785
           1     0.419365555
           1     0.371675196
           1     0.339114543
           1     0.279728796
           1     0.351663451
           1     0.426652926
           1     0.571972284
           1     0.547505961
           1     0.367578774
           1     0.243631416
           1     0.263676475
           1     0.373764892
           1     0.438516050
           1     0.445069404
           1     0.535491707
           1     0.695090017
           1     0.426549263
           1     0.242839158
           1     0.326119932
           1     0.320440212
           1     0.344084835
           1     0.431677000
           1     0.556589688
           1     0.576324341
           1     0.594160430
           1     0.776455827
           1     0.838374856
           1     0.546471147
           1     0.681388443
           1     0.756267285
           1     0.536658581
           1     0.424001458
           1     0.608696307
           1     0.797381934
           1     0.914996742
           1     0.533823604
           1     0.491063341
           1     0.674457550
           1     0.736090120
           1     0.257423370
           1     0.344052225
           1     0.404718257
           1     0.427105565
           1     0.452987842
           1     0.593664897
           1     0.662190559
           1     0.654343131
           1     0.607406737
           1     0.512828510
           1     0.531098264
           1     0.513759209
           1     0.543036906
           1     0.553626416
           1     0.548529472
           1     0.633075165
           1     0.519117989
           1     0.480121191
           1     0.411548736
           1     0.464587848
           1     0.409771543
           1     0.319929646
           1     0.426145826
           1     0.474723383
           1     0.459943286
           1     0.510725085
           1     0.567111315
           1     0.452867957
           1     0.330688422
           1     0.121972544
           1     0.136580848
           1     0.255565392
           1     0.293261760
           1     0.332327426
           1     0.349927638
           1     0.391453095
           1     0.307407619
           1     0.211772426
           1     0.216381468
           1     0.297532827
           1     0.375006730
           1     0.427232505
           1     0.457199060
           1     0.387190364
           1     0.394076642
           1     0.458061038
           1     0.503513030
           1     0.357509164
           1     0.122748108
           1     0.133996367
           1     0.193048577
           1     0.237216533
           1     0.287777385
           1     0.349776769
           1     0.418531403
           1     0.410406315
           1     0.337454773
           1     0.294040246
           1     0.285917089
           1     0.299900362
           1     0.319713558
           1     0.271664282
           1     0.214489076
           1     0.149278562
           1     0.153500900
           1     0.213659448
           1     0.270727375
           1     0.251361733
           1     0.185529540
           1     0.207221731
           1     0.256231296
           1     0.292277578
           1     0.309203258
           1     0.185724627
           1     0.161197572
           1     0.114462079
           1     0.189348424
           1     0.193328025
           1     0.205585051
           1     0.235075302
           1     0.262099928
           1     0.305180487
           1     0.269150454
           1     0.260194113
           1     0.222650521
           1     0.216919039
           1     0.229334604
           1     0.230899388
           1     0.245514976
           1     0.178632883
           1     0.183469870
           1     0.194967251
           1     0.205120368
           1     0.129003559
           1     0.212801705
           1     0.294520905
           1     0.292130242
           1     0.242438349
           1     0.171718334
           1     0.145755008
           1     0.140950688
           1     0.167153153
           1     0.180086182
           1     0.208840387
           1     0.225672809
           1     0.208812890
           1     0.232564498
           1     0.192346539
           1     0.180798055
           1     0.096268170
           1     0.096873594
           1     0.093683960
           1     0.128301405
           1     0.128886596
           1     0.132413661
           1     0.120064984
           1     0.111848854
           1     0.142025222
           1     0.149512074
           1     0.159914946
           1     0.142101429
           1     0.150717338
           1     0.166338012
           1     0.159662577
           1     0.144349014
           1     0.087115258
           1     0.097527927
           1     0.057670244
           1     0.080815195
           1     0.128654044
           1     0.125578667
           1     0.124976316
           1     0.132199293
           1     0.058794531
           1     0.053247205
           1     0.055816884
           1     0.068465075
           1     0.130941728
           1     0.245957488
           1     0.193139307
           1     0.115600194
           1     0.068326339
           1     0.050514047
           1     0.058857682
           1     0.070509651
           1     0.095124218
           1     0.136298505
           1     0.117493202
           1     0.104997640
           1     0.101033108
           1     0.091343337
           1     0.083925774
           1     0.086353603
           1     0.083334616
           1     0.085792904
           1     0.084201632
           1     0.091669446
           1     0.095926052
           1     0.106810559
           1     0.112096673
           1     0.122126899
           1     0.135152960
           1     0.084478606
           1     0.070375428
           1     0.093631423
           1     0.092312960
           1     0.117003569
           1     0.098568052
           1     0.120300515
           1     0.122747043
           1     0.085441922
           1     0.106204772
           1     0.137407777
           1     0.142945051
           1     0.044597828
           1     0.050112792
           1     0.038117221
           1     0.041348463
           1     0.040549550
           1     0.038493275
           1     0.035070629
           1     0.048729271
           1     0.074106166
           1     0.125413950
           1     0.155341772
           1     0.120872598
           1     0.107010468
           1     0.061997599
           1     0.080728307
           1     0.080762997
           1     0.053482136
           1     0.069063840
           1     0.125885520
           1     0.139578025
           1     0.211992167
           1     0.070640511
           1     0.061743761
           1     0.084871281
           1     0.094763734
           1     0.055831674
           1     0.049060431
           1     0.068607853
           1     0.073987408
           1     0.093294432
           1     0.149000419
           1     0.079001391
           1     0.062727237
           1     0.047386566
           1     0.052083169
           1     0.073864222
           1     0.095013698
           1     0.066910643
           1     0.046452293
           1     0.049416307
           1     0.067018506
           1     0.073877424
           1     0.154580833
           1     0.119227920
           1     0.090635399
           1     0.111819177
           1     0.114980713
           1     0.134710434
           1     0.161252562
           1     0.134758328
           1     0.129204723
           1     0.083418342
           1     0.048088129
           1     0.048815145
           1     0.075916116
           1     0.100549551
           1     0.094752074
           1     0.122761182
           1     0.132391719
           1     0.237379890
           1     0.368519044
           1     0.228543852
           1     0.131443748
           1     0.225123501
           1     0.156432530
           1     0.085868747
           1     0.111617058
           1     0.116310669
           1     0.157903590
           1     0.186216197
           1     0.183746877
           1     0.168546958
           1     0.174571145
           1     0.182604836
           1     0.193268719
           1     0.192279940
           1     0.149663384
           1     0.121545979
           1     0.088079798
           1     0.104006964
           1     0.147069644
           1     0.208955974
           1     0.249870751
           1     0.250416710
           1     0.256372040
           1     0.281060318
           1     0.359327881
           1     0.250235949
           1     0.163884292
           1     0.236202845
           1     0.153982841
           1     0.181505883
           1     0.281640496
           1     0.240001305
           1     0.180830092
           1     0.167862874
           1     0.220163160
           1     0.135534983
           1     0.145879177
           1     0.147546071
           1     0.117793808
           1     0.142913367
           1     0.208474849
           1     0.253033254
           1     0.419447339
           1     0.400620755
           1     0.427465510
           1     0.405554358
           1     0.428033077
           1     0.426397173
           1     0.440515363
           1     0.409231451
           1     0.359023572
           1     0.477470829
           1     0.655923620
           1     0.375888456
           1     0.204702090
           1     0.335303747
           1     0.589989068
           1     0.527775636
           1     0.375320762
           1     0.259455058
           1     0.207099089
           1     0.218831531
           1     0.212947898
           1     0.259065714
           1     0.336421064
           1     0.411968899
           1     0.510237889
           1     0.458909530
           1     0.352208382
           1     0.384172745
           1     0.373230939
           1     0.446545646
           1     0.393142114
           1     0.341722238
           1     0.445741227
           1     0.504924810
           1     0.578743373
           1     0.618440820
           1     0.482116117
           1     0.467742887
           1     0.318673520
           1     0.421667328
           1     0.516895219
           1     0.573932278
           1     0.640183638
           1     0.515290154
           1     0.566717431
           1     0.391591412
           1     0.429667403
           1     0.259672664
           1     0.386369668
           1     0.508959789
           1     0.620127637
           1     0.568012205
           1     0.434038433
           1     0.447663926
           1     0.556780776
           1     0.720108044
           1     0.751262963
           1     0.804327279
           1     0.813537905
           1     0.781958794
           1     0.732216970
           1     0.585838322
           1     0.359184059
           1     0.295943432
           1     0.194611394
           1     0.317828708
           1     0.441333735
           1     0.475348159
           1     0.518293423
           1     0.535716090
           1     0.548478056
           1     0.520102349
           1     0.541390354
           1     0.411126349
           1     0.279395802
           1     0.371098522
           1     0.574300629
           1     0.559239285
           1     0.511519229
           1     0.510815372
           1     0.552095549
           1     0.514485592
           1     0.449298624
           1     0.481278697
           1     0.461641164
           1     0.342120115
           1     0.266430793
           1     0.282981996
           1     0.360481336
           1     0.380634459
           1     0.370588532
           1     0.425778772
           1     0.600478152
           1     0.803083551
           1     0.871462665
           1     0.721105305
           1     0.531236512
           1     0.627610691
           1     0.679174964
           1     0.695038247
           1     0.843982099
           1     0.829035506
           1     0.895939321
           1     0.769211172
           1     0.619666713
           1     0.758211371
           1     0.769120440
           1     0.747917908
           1     0.720411814
           1     0.323914170
           1     0.363904423
           1     0.284824927
           1     0.300014109
           1     0.382887547
           1     0.499401984
           1     0.523219776
           1     0.346532338
           1     0.367415286
           1     0.445184605
           1     0.545644913
           1     0.510847552
           1     0.662306922
           1     0.496570407
           1     0.545752342
           1     0.522870377
           1     0.461530679
           1     0.426605677
           1     0.383579174
           1     0.402359563
           1     0.418605544
           1     0.436543045
           1     0.444197997
           1     0.430465131
           1     0.415730468
           1     0.417147856
           1     0.440098104
           1     0.456793009
           1     0.338284498
           1     0.360461395
           1     0.444362821
           1     0.455039696
           1     0.522398365
           1     0.558885535
           1     0.496466443
           1     0.467661188
           1     0.401819891
           1     0.217432053
           1     0.293141977
           1     0.258446274
           1     0.354326529
           1     0.409012174
           1     0.327558339
           1     0.326989588
           1     0.350154401
           1     0.383891956
           1     0.324550574
           1     0.342509479
           1     0.376975393
           1     0.352505451
           1     0.362335796
           1     0.354917842
           1     0.551151611
           1     0.607351734
           1     0.504071813
           1     0.202452243
           1     0.202275500
           1     0.242233585
           1     0.267332882
           1     0.361658602
           1     0.412352491
           1     0.399576658
           1     0.415881426
           1     0.415579638
           1     0.235285113
           1     0.199795122
           1     0.212773705
           1     0.221622625
           1     0.245236324
           1     0.276484498
           1     0.284762547
           1     0.295985807
           1     0.313387187
           1     0.303234311
           1     0.260915029
           1     0.240649124
           1     0.227999346
           1     0.199681858
           1     0.152219011
           1     0.131549431
           1     0.158649928
           1     0.172184699
           1     0.187504215
           1     0.209570845
           1     0.149042678
           1     0.177882035
           1     0.174174575
           1     0.125744587
           1     0.134155146
           1     0.216465073
           1     0.271613817
           1     0.249027917
           1     0.232054073
           1     0.210714222
           1     0.140789283
           1     0.091812039
           1     0.101614162
           1     0.079212200
           1     0.099194061
           1     0.140003944
           1     0.149049859
           1     0.148947867
           1     0.124080456
           1     0.082823225
           1     0.106966608
           1     0.134225466
           1     0.188187749
           1     0.200972331
           1     0.207414133
           1     0.165552041
           1     0.132270205
           1     0.120824355
           1     0.149176238
           1     0.145910795
           1     0.090978111
           1     0.090284766
           1     0.100477545
           1     0.079864938
           1     0.078017205
           1     0.065687085
           1     0.109742914
           1     0.166395677
           1     0.159176209
           1     0.105430827
           1     0.085517212
           1     0.082592523
           1     0.102463182
           1     0.112381975
           1     0.116017121
           1     0.117161734
           1     0.074592289
           1     0.111601249
           1     0.126291998
           1     0.126641313
           1     0.091032603
           1     0.069734417
           1     0.050052417
           1     0.078486164
           1     0.139846373
           1     0.164784327
           1     0.135647950
           1     0.119955290
           1     0.109168191
           1     0.072919895
           1     0.105993364
           1     0.090148747
           1     0.066768873
           1     0.053337184
           1     0.074832627
           1     0.133691922
           1     0.144925870
           1     0.140593192
           1     0.121088573
           1     0.110825113
           1     0.124014874
           1     0.103308126
           1     0.094147102
           1     0.077412878
           1     0.103111007
           1     0.109552813
           1     0.115255401
           1     0.123568069
           1     0.122936762
           1     0.075751267
           1     0.072889340
           1     0.088462051
           1     0.080852733
           1     0.081769914
           1     0.092339493
           1     0.087125901
           1     0.077402111
           1     0.102386560
           1     0.098144409
           1     0.099648357
           1     0.087006745
           1     0.085428831
           1     0.107323727
           1     0.117173908
           1     0.121152971
           1     0.111709777
           1     0.108762533
           1     0.162072846
           1     0.180294878
           1     0.168099606
           1     0.177516473
           1     0.245026363
           1     0.272468130
           1     0.261518659
           1     0.263190797
           1     0.195489965
           1     0.165206730
           1     0.117694795
           1     0.128994158
           1     0.133050616
           1     0.119300589
           1     0.089795908
           1     0.115349487
           1     0.108356714
           1     0.180395208
           1     0.169666993
           1     0.134578309
           1     0.121737025
           1     0.088769537
           1     0.062260410
           1     0.091538503
           1     0.122252934
           1     0.123518750
           1     0.131990757
           1     0.146694513
           1     0.186634579
           1     0.196031057
           1     0.216045157
           1     0.339466992
           1     0.326192384
           1     0.207342508
           1     0.180835243
           1     0.178197956
           1     0.274365143
           1     0.255726983
           1     0.332162001
           1     0.304386939
           1     0.232379541
           1     0.162974714
           1     0.196146465
           1     0.251879949
           1     0.186448071
           1     0.216121046
           1     0.242740824
           1     0.232391569
           1     0.120482716
           1     0.228655830
           1     0.330604011
           1     0.385350952
           1     0.533680629
           1     0.507645902
           1     0.286058968
           1     0.123511894
           1     0.159667428
           1     0.178336955
           1     0.184180325
           1     0.211233177
           1     0.252438976
           1     0.247734974
           1     0.271706705
           1     0.371432363
           1     0.295556667
           1     0.336702056
           1     0.438197358
           1     0.184902980
           1     0.142806920
           1     0.219309327
           1     0.260370630
           1     0.325667977
           1     0.318039824
           1     0.263883454
           1     0.124812474
           1     0.240610626
           1     0.277542293
           1     0.169166739
           1     0.152367501
           1     0.230660201
           1     0.246417004
           1     0.289200244
           1     0.271390762
           1     0.263477827
           1     0.156922790
           1     0.166412799
           1     0.231449049
           1     0.294678960
           1     0.424413799
           1     0.667363823
           1     0.237519394
           1     0.242118819
           1     0.279587553
           1     0.310536512
           1     0.301365139
           1     0.383609112
           1     0.458073056
           1     0.529512035
           1     0.715566374
           1     0.774454555
           1     0.648107776
           1     0.773142946
           1     0.341353781
           1     0.257818894
           1     0.301442851
           1     0.336949739
           1     0.378765280
           1     0.403745134
           1     0.385257960
           1     0.452082964
           1     0.474863218
           1     0.380494175
           1     0.396316617
           1     0.443303343
           1     0.354188187
           1     0.300103629
           1     0.317254456
           1     0.400772563
           1     0.511995212
           1     0.593130308
           1     0.573820042
           1     0.301529213
           1     0.467440587
           1     0.625365058
           1     0.654233396
           1     0.651471154
           1     0.480527325
           1     0.396782132
           1     0.274646419
           1     0.144245616
           1     0.218671740
           1     0.338835976
           1     0.514616638
           1     0.637222378
           1     0.444236080
           1     0.530130926
           1     0.404489975
           1     0.238254655
           1     0.270446545
           1     0.230698202
           1     0.293976180
           1     0.354373553
           1     0.450690427
           1     0.521215695
           1     0.629502386
           1     0.773750844
           1     0.919023177
           1     0.749011294
           1     0.330572056
           1     0.398526459
           1     0.464554829
           1     0.554486473
           1     0.383830190
           1     0.535603211
           1     0.572482755
           1     0.524513752
           1     0.539938391
           1     0.515863034
           1     0.520692926
           1     0.548544478
           1     0.636869712
           1     0.567061980
           1     0.552194153
           1     0.612136074
           1     0.742174596
           1     0.278070670
           1     0.104877032
           1     0.162021243
           1     0.233101408
           1     0.322270531
           1     0.521952997
           1     0.595572583
           1     0.307315474
           1     0.324689776
           1     0.350250870
           1     0.385833961
           1     0.422179250
           1     0.510377954
           1     0.518977421
           1     0.316394888
           1     0.356769823
           1     0.492195359
           1     0.653306841
           1     0.380299593
           1     0.404276822
           1     0.529368491
           1     0.598374216
           1     0.656811648
           1     0.702413449
           1     0.541526733
           1     0.504927202
           1     0.555547006
           1     0.730335607
           1     0.651334317
           1     0.493726761
           1     0.467972813
           1     0.199287993
           1     0.188192119
           1     0.271967245
           1     0.332153511
           1     0.334501778
           1     0.397203051
           1     0.451357034
           1     0.617976734
           1     0.668230339
           1     0.666145318
           1     0.642673173
           1     0.385639217
           1     0.263180455
           1     0.232141701
           1     0.286380559
           1     0.343192129
           1     0.273693734
           1     0.239144987
           1     0.282619820
           1     0.266169306
           1     0.219838780
           1     0.181907445
           1     0.220937126
           1     0.309405215
           1     0.311878198
           1     0.296588417
           1     0.343059546
           1     0.440125869
           1     0.490680823
           1     0.396980854
           1     0.288209889
           1     0.309638164
           1     0.392587036
           1     0.371031223
           1     0.389081294
           1     0.519794732
           1     0.538856533
           1     0.458711568
           1     0.411922258
           1     0.444374974
           1     0.384110761
           1     0.305294452
           1     0.321723312
           1     0.391210079
           1     0.346007533
           1     0.226429859
           1     0.268187978
           1     0.302107145
           1     0.361705693
           1     0.361380131
           1     0.393969991
           1     0.445623763
           1     0.437608819
           1     0.372085503
           1     0.412126673
           1     0.309088122
           1     0.265406728
           1     0.283528709
           1     0.268746194
           1     0.254257446
           1     0.290654909
           1     0.314823563
           1     0.369396049
           1     0.305948748
           1     0.260312385
           1     0.270385859
           1     0.271503130
           1     0.265455269
           1     0.283541396
           1     0.268723375
           1     0.256729627
           1     0.241072483
           1     0.194275318
           1     0.198043330
           1     0.166274434
           1     0.163345375
           1     0.189412673
           1     0.185460797
           1     0.214567937
           1     0.221423937
           1     0.212886754
           1     0.174854892
           1     0.085818984
           1     0.098465100
           1     0.085945261
           1     0.125339170
           1     0.209282311
           1     0.140771300
           1     0.174247603
           1     0.247898856
           1     0.224626173
           1     0.215967479
           1     0.231277355
           1     0.237268546
           1     0.267619051
           1     0.275148098
           1     0.274763142
           1     0.261173559
           1     0.196354518
           1     0.168399718
           1     0.176096528
           1     0.150874965
           1     0.107328276
           1     0.087222461
           1     0.091283267
           1     0.090280560
           1     0.109334295
           1     0.129048730
           1     0.108296991
           1     0.067808528
           1     0.086861398
           1     0.125495959
           1     0.133660241
           1     0.142872578
           1     0.157456420
           1     0.184429401
           1     0.198054093
           1     0.195783089
           1     0.129789651
           1     0.117376302
           1     0.113592428
           1     0.173966441
           1     0.162080173
           1     0.184106845
           1     0.160893102
           1     0.112051677
           1     0.090179343
           1     0.096369712
           1     0.136838816
           1     0.221562146
           1     0.204354277
           1     0.227198368
           1     0.195904075
           1     0.137622531
           1     0.109025097
           1     0.117303026
           1     0.130549663
           1     0.160893131
           1     0.172756866
           1     0.137904541
           1     0.138136801
           1     0.145106843
           1     0.130087299
           1     0.147850897
           1     0.114226583
           1     0.115688107
           1     0.135155458
           1     0.140668608
           1     0.175969994
           1     0.166090503
           1     0.194688878
           1     0.193825169
           1     0.107794006
           1     0.074868418
           1     0.122010379
           1     0.094755853
           1     0.115311065
           1     0.105158369
           1     0.057679156
           1     0.046143408
           1     0.059242440
           1     0.112637482
           1     0.147185318
           1     0.099372925
           1     0.136648769
           1     0.192832569
           1     0.199531807
           1     0.187527364
           1     0.183556273
           1     0.177471083
           1     0.086038848
           1     0.105458300
           1     0.192189954
           1     0.225668003
           1     0.241449876
           1     0.292420962
           1     0.331439955
           1     0.215544952
           1     0.227855750
           1     0.114203245
           1     0.105258578
           1     0.098172404
           1     0.117114414
           1     0.155033053
           1     0.150475229
           1     0.181764678
           1     0.215328714
           1     0.310902659
           1     0.289567748
           1     0.269735520
           1     0.117039658
           1     0.078159148
           1     0.084849707
           1     0.117939182
           1     0.129421597
           1     0.109473170
           1     0.078438999
           1     0.111521556
           1     0.132859507
           1     0.155825250
           1     0.221639992
           1     0.270056608
           1     0.322750564
           1     0.274685772
           1     0.227039008
           1     0.224142915
           1     0.227513305
           1     0.246788056
           1     0.121293535
           1     0.158871922
           1     0.244914164
           1     0.319495434
           1     0.357035976
           1     0.294419048
           1     0.359349105
           1     0.207469585
           1     0.179188981
           1     0.142010839
           1     0.104446280
           1     0.168248938
           1     0.199513376
           1     0.202944153
           1     0.279700429
           1     0.239891861
           1     0.242598033
           1     0.240924186
           1     0.278010569
           1     0.262895092
           1     0.256087924
           1     0.266769115
           1     0.267460314
           1     0.262757643
           1     0.341649869
           1     0.314284960
           1     0.204852738
           1     0.294449139
           1     0.223871778
           1     0.284588198
           1     0.350727906
           1     0.356360377
           1     0.428792639
           1     0.466557235
           1     0.497362503
           1     0.450682912
           1     0.325957010
           1     0.401638552
           1     0.385094249
           1     0.388196405
           1     0.411054106
           1     0.533759951
           1     0.276148210
           1     0.155816762
           1     0.207248838
           1     0.277835036
           1     0.327965457
           1     0.239315621
           1     0.256124235
           1     0.365479092
           1     0.453482628
           1     0.428312595
           1     0.380421177
           1     0.419100783
           1     0.474128324
           1     0.337026843
           1     0.331892908
           1     0.365413778
           1     0.375149742
           1     0.225141843
           1     0.163135126
           1     0.230380396
           1     0.301107721
           1     0.527496284
           1     0.370628912
           1     0.182871120
           1     0.345110672
           1     0.461933695
           1     0.593665967
           1     0.450543863
           1     0.324537901
           1     0.337330162
           1     0.332020497
           1     0.487587291
           1     0.584333042
           1     0.451771830
           1     0.376678301
           1     0.552772164
           1     0.523011385
           1     0.257265922
           1     0.167702640
           1     0.289400082
           1     0.455116164
           1     0.736742431
           1     0.647601017
           1     0.817711452
           1     0.407577726
           1     0.277807040
           1     0.411588222
           1     0.612828499
           1     0.679103381
           1     0.593592433
           1     0.807073213
           1     0.962705855
