           1   282.772263845
           1   279.062812805
           1   279.541458766
           1   280.771979650
           1   284.885626475
           1   283.953332265
           1   282.672917684
           1   282.320208232
           1   287.087293625
           1   289.270104090
           1   292.241353989
           1   283.543021520
           1   280.841979345
           1   284.885626475
           1   283.953332265
           1   284.285624822
           1   287.087293625
           1   289.314689636
           1   292.931145350
           1   294.361708323
           1   291.603750229
           1   287.961563746
           1   289.566247940
           1   288.425104141
           1   289.099269867
           1   290.941352208
           1   293.492080688
           1   292.204064051
           1   290.889792760
           1   291.592294057
           1   290.593648911
           1   290.478645325
           1   290.694386800
           1   289.156278610
           1   283.896353404
           1   282.920835495
           1   283.413123449
           1   286.761021296
           1   282.789272944
           1   283.931768417
           1   280.198958079
           1   283.651353200
           1   286.615813573
           1   289.405624390
           1   290.694386800
           1   291.205549876
           1   289.729458491
           1   290.112332662
           1   289.994625092
           1   289.247539520
           1   289.759206136
           1   285.073433558
           1   284.876562754
           1   289.001043320
           1   289.302126567
           1   287.406043371
           1   288.862229665
           1   289.166563034
           1   283.544686000
           1   282.783646901
           1   285.756873449
           1   287.147918065
           1   287.501457850
           1   288.396876017
           1   290.189997355
           1   289.771667480
           1   285.623792648
           1   285.180624644
           1   285.359897614
           1   288.123125076
           1   289.632645289
           1   288.030625025
           1   288.232498805
           1   288.172437668
           1   288.655312220
           1   290.543228149
           1   294.816665014
           1   294.115313212
           1   286.210833867
           1   284.388958613
           1   284.378856023
           1   285.783018748
           1   288.369936625
           1   288.854376475
           1   284.985520681
           1   285.378855387
           1   286.840312322
           1   287.264624914
           1   284.102396011
           1   286.022813161
           1   286.898748398
           1   286.688020070
           1   285.888957977
           1   284.375832240
           1   283.055831909
           1   286.108649572
           1   287.433854421
           1   286.881040573
           1   289.341874441
           1   286.616458893
           1   288.929211299
           1   289.178023020
           1   287.415250778
           1   283.084998449
           1   283.957185745
           1   284.248334249
           1   284.364894867
           1   285.245418549
           1   285.233853022
           1   284.243541718
           1   283.400309245
           1   286.041144689
           1   286.280729930
           1   287.629269918
           1   287.611040751
           1   281.543228149
           1   280.017291387
           1   280.593022664
           1   280.972187042
           1   281.939790726
           1   283.131874720
           1   283.432500203
           1   283.831666311
           1   283.648021698
           1   283.353541056
           1   283.924584071
           1   285.474897385
           1   285.835626602
           1   283.321042379
           1   280.979270935
           1   283.593854904
           1   284.189897537
           1   281.810521444
           1   279.761875153
           1   280.105415980
           1   279.322707494
           1   274.939790090
           1   274.421875000
           1   273.885209401
           1   274.975728353
           1   276.145623525
           1   276.733751933
           1   277.799479167
           1   278.056875865
           1   277.861249288
           1   278.470207214
           1   277.745730718
           1   277.257917404
           1   276.853020350
           1   277.226249059
           1   276.540728251
           1   276.696769714
           1   279.485414505
           1   280.971770604
           1   282.245002111
           1   285.006770452
           1   282.268543243
           1   282.273021698
           1   275.091458003
           1   275.595935186
           1   276.946354548
           1   276.304894129
           1   276.913853963
           1   275.283751170
           1   275.066041946
           1   277.310416540
           1   277.296873728
           1   275.764375051
           1   275.213748932
           1   278.554167430
           1   276.964792252
           1   274.773124059
           1   275.088017782
           1   275.256039937
           1   277.041665395
           1   275.912711461
           1   275.373437881
           1   272.947290421
           1   272.499375661
           1   273.929583232
           1   275.029479345
           1   273.881978989
           1   273.097393672
           1   274.532812119
           1   273.929583232
           1   275.029479345
           1   273.881978989
           1   274.622705460
           1   274.958230972
           1   274.842707316
           1   274.568437576
           1   277.154581070
           1   277.122708639
           1   278.956874212
           1   276.111459096
           1   276.733228683
           1   275.173749924
           1   273.432394028
           1   275.380729675
           1   281.334375381
           1   276.275521596
           1   274.697185516
           1   275.601667404
           1   277.177291870
           1   274.799481710
           1   272.455729167
           1   275.563646317
           1   278.496560415
           1   279.995312373
           1   278.394062678
           1   278.026352564
           1   278.804688136
           1   278.516249339
           1   276.928124746
           1   275.221042633
           1   275.154894511
           1   276.210313161
           1   275.280103683
           1   275.927292506
           1   279.466773987
           1   278.929062525
           1   278.837812424
           1   281.947604497
           1   271.869164149
           1   270.928852717
           1   272.459789912
           1   275.310935974
           1   278.378437042
           1   277.971043905
           1   277.358854294
           1   275.241039912
           1   274.405626297
           1   275.428852081
           1   276.752187729
           1   275.729166667
           1   275.762810389
           1   276.150938670
           1   276.946771622
           1   277.362708410
           1   277.971043905
           1   277.358854294
           1   275.703332265
           1   278.694896698
           1   279.795521418
           1   280.566771825
           1   278.674374898
           1   279.202500661
           1   280.509684881
           1   281.021040599
           1   275.909479777
           1   274.694690069
           1   274.897605260
           1   273.078958511
           1   275.259583155
           1   278.106664658
           1   280.089896520
           1   282.847188314
           1   284.105311076
           1   280.631354014
           1   274.940727870
           1   274.708436966
           1   272.921563466
           1   276.216665268
           1   280.390314738
           1   284.318957011
           1   283.565832138
           1   283.892707825
           1   281.684270859
           1   279.047500610
           1   281.622500738
           1   274.866873423
           1   274.564270020
           1   276.285415014
           1   278.829896291
           1   283.200208664
           1   287.401084900
           1   284.438229243
           1   280.028748194
           1   282.600416819
           1   285.950625738
           1   280.235728582
           1   277.821460724
           1   278.756251653
           1   278.816456477
           1   279.847499847
           1   279.375729243
           1   274.245311737
           1   276.448438009
           1   283.691980998
           1   279.680311839
           1   283.690520604
           1   280.538123449
           1   280.671145757
           1   280.463331858
           1   279.244684855
           1   276.070519765
           1   273.553749720
           1   279.966769536
           1   277.989686966
           1   277.264375687
           1   278.565414429
           1   283.161252340
           1   287.963645299
           1   283.354478836
           1   285.065664927
           1   287.064479828
           1   283.381352107
           1   275.082914988
           1   278.083644867
           1   282.683439255
           1   288.057605108
           1   291.636248906
           1   289.529791514
           1   289.715145747
           1   286.421083450
           1   290.298853556
           1   283.685832977
           1   282.774168015
           1   284.793127060
           1   283.772083918
           1   287.497084300
           1   292.024103165
           1   293.169164022
           1   287.356145859
           1   283.882811228
           1   286.497708639
           1   288.786874771
           1   291.151770910
           1   292.747708003
           1   286.814582825
           1   284.586456935
           1   286.399480820
           1   285.548229853
           1   279.446876526
           1   284.765356064
           1   289.449479421
           1   292.554165522
           1   282.167081197
           1   275.258021037
           1   272.602603912
           1   280.299582163
           1   286.479376475
           1   281.347810745
           1   278.729478200
           1   282.740000407
           1   283.824584325
           1   283.854060491
           1   287.725831985
           1   292.566188176
           1   295.697917302
           1   295.562289556
           1   292.456876119
           1   291.368230184
           1   293.333333969
           1   295.269895554
           1   296.332292557
           1   287.790415446
           1   286.384624481
           1   285.359895070
           1   283.318958282
           1   285.762917201
           1   287.999166489
           1   291.735417048
           1   291.149998983
           1   286.262222926
           1   281.942487081
           1   282.723747889
           1   286.453438441
           1   288.333958308
           1   288.515102386
           1   290.860626856
           1   294.490460078
           1   288.001978556
           1   281.914166133
           1   284.941190084
           1   284.751979192
           1   285.528855642
           1   288.148435593
           1   291.378020604
           1   291.848123550
           1   292.265104930
           1   296.165313085
           1   297.371772766
           1   291.136397044
           1   294.207186381
           1   295.763435364
           1   290.898437500
           1   287.937916438
           1   292.603960037
           1   296.583955765
           1   298.804374059
           1   290.831563314
           1   289.752707799
           1   294.064104080
           1   295.358959198
           1   282.496876399
           1   285.537398656
           1   287.390314102
           1   288.031188329
           1   288.747228622
           1   292.265562057
           1   293.803647359
           1   293.632959366
           1   292.583541870
           1   290.315521876
           1   290.772293091
           1   290.340114594
           1   291.066593806
           1   291.324062983
           1   291.201353709
           1   293.167605718
           1   290.477586110
           1   289.478539785
           1   287.596144994
           1   289.068021139
           1   287.545935949
           1   284.753959020
           1   288.014059703
           1   289.339688619
           1   288.946038564
           1   290.271354040
           1   291.654687881
           1   288.756249746
           1   285.115416845
           1   275.963019053
           1   276.853541692
           1   282.438332876
           1   283.837292353
           1   285.171709696
           1   285.741143545
           1   287.017292023
           1   284.334376017
           1   280.638021469
           1   280.838957469
           1   283.991562525
           1   286.525000890
           1   288.054583867
           1   288.881665548
           1   286.894312541
           1   287.099583308
           1   288.906561534
           1   290.099834442
           1   285.987085978
           1   276.018437068
           1   276.707499186
           1   279.797706604
           1   281.717814763
           1   283.650208791
           1   285.745519002
           1   287.814791997
           1   287.582228978
           1   285.350313187
           1   283.876249949
           1   283.585833867
           1   284.083852768
           1   284.764896393
           1   283.063853582
           1   280.766667684
           1   277.588020960
           1   277.819583893
           1   280.731770833
           1   283.031043371
           1   282.289791743
           1   279.449894587
           1   280.450000127
           1   282.480936050
           1   283.819895426
           1   284.412812551
           1   279.461144765
           1   278.233957926
           1   275.491874695
           1   279.634374619
           1   279.821250280
           1   280.380626043
           1   281.642083486
           1   282.711043676
           1   284.278020859
           1   282.978958766
           1   282.639373779
           1   281.126145045
           1   280.881248474
           1   281.407917023
           1   281.473335266
           1   282.067601522
           1   279.123957316
           1   279.359479904
           1   279.902811686
           1   280.365416209
           1   276.421875636
           1   280.706040700
           1   283.910519282
           1   283.825939814
           1   281.948331833
           1   278.783748627
           1   277.404479345
           1   277.131771723
           1   278.552916845
           1   279.199999491
           1   280.535418193
           1   281.262083689
           1   280.535003026
           1   281.550104141
           1   279.787185669
           1   279.236978531
           1   274.224999110
           1   274.270418167
           1   274.030834834
           1   276.385416667
           1   276.421564738
           1   276.635416667
           1   275.870206833
           1   275.330834071
           1   277.199375153
           1   277.620625814
           1   278.182916005
           1   277.204791387
           1   277.688126246
           1   278.518852234
           1   278.171043396
           1   277.334061941
           1   273.522500356
           1   274.323959351
           1   270.813855489
           1   273.005624771
           1   276.412811279
           1   276.223438263
           1   276.186248779
           1   276.628750483
           1   270.935208003
           1   270.327708562
           1   270.614896774
           1   271.903956731
           1   276.554686864
           1   282.106458664
           1   279.836667379
           1   275.588436762
           1   271.892190297
           1   270.013439814
           1   270.944583893
           1   272.098229726
           1   274.150416056
           1   276.877292633
           1   275.714687983
           1   274.869791031
           1   274.587498347
           1   273.863124847
           1   273.271562576
           1   273.469477971
           1   273.223437627
           1   273.424790700
           1   273.295414607
           1   273.890207291
           1   274.214378357
           1   274.999792099
           1   275.361563365
           1   276.016770681
           1   276.814895630
           1   273.320208232
           1   272.091145198
           1   274.043229421
           1   273.942603429
           1   275.689060211
           1   274.413541794
           1   275.903018316
           1   276.059061686
           1   273.401149750
           1   274.961770376
           1   276.951459885
           1   277.271666209
           1   269.291665395
           1   269.974475861
           1   268.406562169
           1   268.861041387
           1   268.751459122
           1   268.461561839
           1   267.952604294
           1   269.810104370
           1   272.437604904
           1   276.231145859
           1   277.962604523
           1   275.945315043
           1   275.022710164
           1   271.282397588
           1   273.016042709
           1   273.019270579
           1   270.369063059
           1   271.976146698
           1   276.263542175
           1   277.085208257
           1   280.710939407
           1   272.124895732
           1   271.258956273
           1   273.362811406
           1   274.139687220
           1   270.633542379
           1   269.855001450
           1   271.935833613
           1   272.432707469
           1   274.029582977
           1   277.623126348
           1   272.873961131
           1   271.361666361
           1   269.652396520
           1   270.213750839
           1   272.423645655
           1   274.162293116
           1   271.776252111
           1   269.537290573
           1   269.901145935
           1   271.787501017
           1   272.426564535
           1   277.933124542
           1   275.850417455
           1   273.828958511
           1   275.362499873
           1   275.573959986
           1   276.809481303
           1   278.291248957
           1   276.813018799
           1   276.478958766
           1   273.251875559
           1   269.743542989
           1   269.832290649
           1   272.612082799
           1   274.577812831
           1   274.148749669
           1   276.080832799
           1   276.674788793
           1   281.800834020
           1   286.421873093
           1   281.436667760
           1   276.619064331
           1   281.293749491
           1   278.040937424
           1   273.456561406
           1   275.355728785
           1   275.668541590
           1   278.121144613
           1   279.550207138
           1   279.431979497
           1   278.677916845
           1   278.982500712
           1   279.377916336
           1   279.885313034
           1   279.839480082
           1   277.676353455
           1   276.010416667
           1   273.638020198
           1   274.833440781
           1   277.533437729
           1   280.601563136
           1   282.311982473
           1   282.333958308
           1   282.567499797
           1   283.499063492
           1   286.148229599
           1   282.328540802
           1   278.443749110
           1   281.765312831
           1   277.918125153
           1   279.331461589
           1   283.523436228
           1   281.921772003
           1   279.299687703
           1   278.651872635
           1   281.096247991
           1   276.875727971
           1   277.473021825
           1   277.566874822
           1   275.776459376
           1   277.305936813
           1   280.588647207
           1   282.445412954
           1   287.957188924
           1   287.411979675
           1   288.186145147
           1   287.557498932
           1   288.203228633
           1   288.157498678
           1   288.553751628
           1   287.666561762
           1   286.151397705
           1   289.556458155
           1   293.842916489
           1   286.675727208
           1   280.425624847
           1   285.392082850
           1   292.351460775
           1   290.847810109
           1   286.656144460
           1   282.697813670
           1   280.529793421
           1   281.042186737
           1   280.783957799
           1   282.674374898
           1   285.411668142
           1   287.726917903
           1   290.379478455
           1   289.030934652
           1   285.908021291
           1   286.896457036
           1   286.561979930
           1   288.687853495
           1   287.159706752
           1   285.562082291
           1   288.654625575
           1   290.218645096
           1   292.024895986
           1   292.939791361
           1   289.617272059
           1   289.233227412
           1   284.777292887
           1   287.956354141
           1   290.495313009
           1   291.884480158
           1   293.400519689
           1   290.447435379
           1   291.706502914
           1   287.067710876
           1   288.168437958
           1   282.639166514
           1   286.912915548
           1   290.281042735
           1   292.936978022
           1   291.724271774
           1   288.276458104
           1   288.649688085
           1   291.441980362
           1   295.080519358
           1   295.717432022
           1   296.772295634
           1   296.949270884
           1   296.326459885
           1   295.319583893
           1   292.115311305
           1   286.043229421
           1   283.942396164
           1   279.871561050
           1   284.695936203
           1   288.447917938
           1   289.361665090
           1   290.461874644
           1   290.891145070
           1   291.200936635
           1   290.498958588
           1   291.021042506
           1   287.573959351
           1   283.319581985
           1   286.377707799
           1   291.796458562
           1   291.435625712
           1   290.260414124
           1   290.239424388
           1   291.254863103
           1   290.325354258
           1   288.616355896
           1   289.467023214
           1   288.944374084
           1   285.441038767
           1   282.807811737
           1   283.417917252
           1   286.015936534
           1   286.630937576
           1   286.323480606
           1   287.940624873
           1   292.357397079
           1   296.627084732
           1   297.930414836
           1   294.982501348
           1   290.710147858
           1   292.971982320
           1   294.098749161
           1   294.436456045
           1   297.411772410
           1   297.126352310
           1   298.380522410
           1   295.957393646
           1   292.791352590
           1   295.736560822
           1   295.955520630
           1   295.529687881
           1   294.966875712
           1   284.827813466
           1   286.111041387
           1   283.471354802
           1   284.010002136
           1   286.686252594
           1   289.903687159
           1   290.503435135
           1   285.558647792
           1   286.212083181
           1   288.466227214
           1   291.051355362
           1   290.190666835
           1   293.724271774
           1   289.827707926
           1   291.054063161
           1   290.491771698
           1   288.908688863
           1   287.950311661
           1   286.701605479
           1   287.255627950
           1   287.722707748
           1   288.225769043
           1   288.436395645
           1   288.056040446
           1   287.639791489
           1   287.679894765
           1   288.322708130
           1   288.777708054
           1   285.287914912
           1   285.991771698
           1   288.438645681
           1   288.729269663
           1   290.474896113
           1   291.365457535
           1   289.820416768
           1   289.068541845
           1   287.237602870
           1   280.815103531
           1   283.757813136
           1   282.477291107
           1   285.796667099
           1   287.442085266
           1   284.932705561
           1   284.913541794
           1   285.662394842
           1   286.701456706
           1   284.829583486
           1   285.415208181
           1   286.488957087
           1   285.731249491
           1   286.038543701
           1   285.805667877
           1   291.163750331
           1   292.480415344
           1   289.998750051
           1   280.145105362
           1   280.136042913
           1   281.828646342
           1   282.800520579
           1   286.009688059
           1   287.520416896
           1   287.150103251
           1   287.620206833
           1   287.611040751
           1   281.543228149
           1   280.017291387
           1   280.593022664
           1   280.972187042
           1   281.939790726
           1   283.131874720
           1   283.432500203
           1   283.831666311
           1   284.432502747
           1   284.083644231
           1   282.545834223
           1   281.752083460
           1   281.234375636
           1   280.004168828
           1   277.653749466
           1   276.473958969
           1   277.996977488
           1   278.692396164
           1   279.436667124
           1   280.441459020
           1   277.476146062
           1   278.972082774
           1   278.788751602
           1   276.116978963
           1   276.624897639
           1   280.738541285
           1   282.938124975
           1   282.074584961
           1   281.391981125
           1   280.487186432
           1   277.009375254
           1   273.784687678
           1   274.510831833
           1   272.765521367
           1   274.335522334
           1   276.962085088
           1   277.470731099
           1   277.464374542
           1   276.008123398
           1   273.066665649
           1   274.884897868
           1   276.623020808
           1   279.458644867
           1   280.047814051
           1   280.335521062
           1   278.345000585
           1   276.505414963
           1   275.800105413
           1   277.473749797
           1   277.292706807
           1   273.715206782
           1   273.661561966
           1   274.424166997
           1   272.815832774
           1   272.658228556
           1   271.531251272
           1   275.071977615
           1   278.386559804
           1   278.010938644
           1   274.773956935
           1   273.282291412
           1   273.043436050
           1   274.565000534
           1   275.247916540
           1   275.487394969
           1   275.561875025
           1   272.356458664
           1   275.194271088
           1   276.138230642
           1   276.159268061
           1   273.715103149
           1   271.913126628
           1   269.856458664
           1   272.694271088
           1   276.943021139
           1   278.298020045
           1   276.698436737
           1   275.738435745
           1   275.027292887
           1   272.203646342
           1   274.808123906
           1   273.643747965
           1   271.629271825
           1   270.233020147
           1   272.372601827
           1   276.579270681
           1   277.226250966
           1   276.979794184
           1   275.804583232
           1   275.133749008
           1   275.988751094
           1   274.615208308
           1   273.945939382
           1   272.595522563
           1   274.600519816
           1   275.047080994
           1   275.427398046
           1   275.958857854
           1   275.918748856
           1   272.448645274
           1   272.193751653
           1   273.505000432
           1   272.886042277
           1   272.962499619
           1   273.804790497
           1   273.397604624
           1   272.590520223
           1   274.544583003
           1   274.237812042
           1   274.346768061
           1   273.386455536
           1   273.259793599
           1   274.888020198
           1   275.545312246
           1   275.799582799
           1   275.183854421
           1   274.984270096
           1   278.139060974
           1   279.053228378
           1   278.447289785
           1   278.915623983
           1   281.875522614
           1   282.924896876
           1   282.512706757
           1   282.574685415
           1   279.760937373
           1   278.291981379
           1   275.568646113
           1   276.275313059
           1   276.517814636
           1   275.669269562
           1   273.592498144
           1   275.412916819
           1   274.944270452
           1   279.044372559
           1   278.513645808
           1   276.604688009
           1   275.821144104
           1   273.509269714
           1   271.161666234
           1   273.723854065
           1   275.852081935
           1   275.931042353
           1   276.447811127
           1   277.293645223
           1   279.335728963
           1   279.771769842
           1   280.657707850
           1   285.208542506
           1   284.773646037
           1   280.273439407
           1   279.049061457
           1   278.919582367
           1   282.962188085
           1   282.258437475
           1   284.960416158
           1   284.027708054
           1   281.329373678
           1   278.148543040
           1   279.760730743
           1   282.103956858
           1   279.306145350
           1   280.640417735
           1   281.738852819
           1   281.318747203
           1   275.712917964
           1   281.162499110
           1   284.889269511
           1   286.592498779
           1   290.571042379
           1   289.922812144
           1   283.357709249
           1   275.893335342
           1   277.954060237
           1   278.894894918
           1   279.174898148
           1   280.405313492
           1   282.094374339
           1   281.908750534
           1   282.820936839
           1   286.150416056
           1   283.676355362
           1   285.059581757
           1   288.071467717
           1   279.196324031
           1   277.021562576
           1   280.737813314
           1   282.382813136
           1   284.686252594
           1   284.430625280
           1   282.510208130
           1   275.948748271
           1   281.603748957
           1   283.010730743
           1   278.412187576
           1   277.534896851
           1   281.195626577
           1   281.827290217
           1   283.422499339
           1   282.774895986
           1   282.479584376
           1   277.770416896
           1   278.262081146
           1   281.218439738
           1   283.606980006
           1   287.644584656
           1   293.535729726
           1   281.455205917
           1   281.639373779
           1   283.058750788
           1   284.141143799
           1   283.824064255
           1   286.450939178
           1   288.542105357
           1   290.362604777
           1   294.517396291
           1   295.697604497
           1   293.084688822
           1   295.664688110
           1   285.131042480
           1   282.224165599
           1   283.803123474
           1   284.982708613
           1   286.277396520
           1   287.007607142
           1   286.465727488
           1   288.346770604
           1   288.947290421
           1   286.316872915
           1   286.783229828
           1   288.101874669
           1   285.510835648
           1   283.734583537
           1   284.316041311
           1   286.901354472
           1   289.873540243
           1   291.803438822
           1   291.354583740
           1   283.765937169
           1   288.718436559
           1   292.512230555
           1   293.139104207
           1   293.076562881
           1   289.046665827
           1   286.752436320
           1   282.791667938
           1   276.996459961
           1   280.588020325
           1   284.974164963
           1   289.886632919
           1   292.733978907
           1   288.059061686
           1   290.260208766
           1   286.947500865
           1   281.380623500
           1   282.616564433
           1   281.071770986
           1   283.454584122
           1   285.440832138
           1   288.212916056
           1   290.020625432
           1   292.534478505
           1   295.523541768
           1   298.233853658
           1   295.032812119
           1   284.674269994
           1   286.752813975
           1   288.570102056
           1   290.811875025
           1   286.316562653
           1   290.357187907
           1   291.229165395
           1   290.081251780
           1   290.453271230
           1   289.863646189
           1   289.979894002
           1   290.651042938
           1   292.662186941
           1   291.082813263
           1   290.730833054
           1   292.108229319
           1   294.851770401
           1   282.845625559
           1   274.504791260
           1   277.894685109
           1   281.126041412
           1   284.369269689
           1   289.989374797
           1   291.722810745
           1   283.863852819
           1   284.441562653
           1   285.256666183
           1   286.333332698
           1   287.370415370
           1   289.684684753
           1   289.893644969
           1   284.152809779
           1   285.444355011
           1   289.216770172
           1   292.964686076
           1   286.149687449
           1   286.847812017
           1   290.133541743
           1   291.747810364
           1   293.031355540
           1   293.987604141
           1   290.418436050
           1   289.520728429
           1   290.746979396
           1   294.546979268
           1   292.900520325
           1   289.232123057
           1   288.568024317
           1   279.641042074
           1   279.133956909
           1   282.572500229
           1   284.635208130
           1   284.708539963
           1   286.613227844
           1   288.112811406
           1   292.148063660
           1   293.235207876
           1   293.189937592
           1   292.685522715
           1   286.267959595
           1   282.233230591
           1   281.023748398
           1   283.073439280
           1   284.969480515
           1   282.614271164
           1   281.298749288
           1   282.933956782
           1   282.333540599
           1   280.505521139
           1   278.810106913
           1   280.547708511
           1   283.852500916
           1   283.933957418
           1   283.411772410
           1   284.945415497
           1   287.774418513
           1   289.097585042
           1   286.567082087
           1   283.114062627
           1   283.850521723
           1   286.436396917
           1   285.798021952
           1   286.331394196
           1   289.813749313
           1   290.274689356
           1   288.259688695
           1   286.982645671
           1   287.874686559
           1   286.179272970
           1   283.693229675
           1   284.241873423
           1   286.385625839
           1   285.019999186
           1   280.752812703
           1   282.376459757
           1   283.578749339
           1   285.500000636
           1   285.488747279
           1   286.456458410
           1   287.894687653
           1   287.677541733
           1   285.808958054
           1   286.970978419
           1   283.807706197
           1   282.264063517
           1   282.921566645
           1   282.385730108
           1   281.841877619
           1   283.170417150
           1   283.994480769
           1   285.721043269
           1   283.697291056
           1   282.070728302
           1   282.445104599
           1   282.486456553
           1   282.264063517
           1   282.921566645
           1   282.385730108
           1   281.938021342
           1   281.332604726
           1   279.353127162
           1   279.523853302
           1   278.013541540
           1   277.865207036
           1   279.131560644
           1   278.947811127
           1   280.248646418
           1   280.538228989
           1   280.177604675
           1   278.441874822
           1   273.011873881
           1   273.969584147
           1   273.022499720
           1   275.751356761
           1   280.024686178
           1   276.658229192
           1   278.414793015
           1   281.607292175
           1   280.675727844
           1   280.313333511
           1   280.949064255
           1   281.190626144
           1   282.355730057
           1   282.631769816
           1   282.618228912
           1   282.117080688
           1   279.457395554
           1   278.129477819
           1   278.509373983
           1   277.220418930
           1   274.596560796
           1   273.129059474
           1   273.443541845
           1   273.367188136
           1   274.733437856
           1   275.983229955
           1   274.664166768
           1   271.466665268
           1   273.102711360
           1   275.769582748
           1   276.258019765
           1   276.785312653
           1   277.574684779
           1   278.913649241
           1   279.540937424
           1   279.438853582
           1   276.031249364
           1   275.264687856
           1   275.020208359
           1   278.413230260
           1   277.817394257
           1   278.901455561
           1   277.756981532
           1   274.920520782
           1   273.365727743
           1   273.830625534
           1   276.448019028
           1   280.564060847
           1   279.826669693
           1   280.798332850
           1   279.450104396
           1   276.494790395
           1   274.721562703
           1   275.265210470
           1   276.082604090
           1   277.761667887
           1   278.360101700
           1   276.513019562
           1   276.526666005
           1   276.919374466
           1   276.057084401
           1   277.071041743
           1   275.069377263
           1   275.164582570
           1   276.356771469
           1   276.673124313
           1   278.521041234
           1   278.031560898
           1   279.401874542
           1   279.362915675
           1   274.644062678
           1   272.119271596
           1   275.568750381
           1   273.720103582
           1   275.143749237
           1   274.465208054
           1   270.472292582
           1   269.155310949
           1   270.636249542
           1   274.970729192
           1   277.041252136
           1   274.059687297
           1   276.449373881
           1   279.322919210
           1   279.626561483
           1   279.078543345
           1   278.892398198
           1   278.601668676
           1   273.055416107
           1   274.490313212
           1   279.296143850
           1   280.752290726
           1   281.390102386
           1   283.281772614
           1   284.591981252
           1   280.329584757
           1   280.844374339
           1   275.079165777
           1   274.479373932
           1   273.978645960
           1   275.268437068
           1   277.471667608
           1   277.228125254
           1   278.813751221
           1   280.323959986
           1   283.920522054
           1   283.187500000
           1   282.474581401
           1   275.266248067
           1   272.414166768
           1   272.966978709
           1   275.324790319
           1   276.034791946
           1   274.771144231
           1   272.439375559
           1   274.908540726
           1   276.240206401
           1   277.519275030
           1   280.595830282
           1   282.491563797
           1   284.321043650
           1   282.661769231
           1   280.821353277
           1   280.702083588
           1   280.841668447
           1   281.613332113
           1   275.541770299
           1   277.682708740
           1   281.541352590
           1   284.217915853
           1   285.416394552
           1   283.368335088
           1   285.488540649
           1   279.996561686
           1   278.702082952
           1   276.773023605
           1   274.435103099
           1   278.165832520
           1   279.646666209
           1   279.799893697
           1   282.851458867
           1   281.348646800
           1   281.456143697
           1   281.390415192
           1   282.792289098
           1   282.236980438
           1   281.980415980
           1   282.382186254
           1   282.408229192
           1   282.233541489
           1   284.944793701
           1   284.054792404
           1   279.889271418
           1   283.379166921
           1   280.703333537
           1   283.032918930
           1   285.233125051
           1   285.408437729
           1   287.519373576
           1   288.534271876
           1   289.326188405
           1   288.115208944
           1   284.445418040
           1   286.758436839
           1   286.278126399
           1   286.369729360
           1   287.028166453
           1   290.228333791
           1   282.735310872
           1   277.537395477
           1   280.001457850
           1   282.797708511
           1   284.515520732
           1   281.338961283
           1   281.993644714
           1   285.696563721
           1   288.197809855
           1   287.515876134
           1   286.146875381
           1   287.261043549
           1   288.742812475
           1   284.812082926
           1   284.647499084
           1   285.698434830
           1   285.992708842
           1   280.768541972
           1   277.924374898
           1   280.984687805
           1   283.625103633
           1   290.088644028
           1   285.859792709
           1   278.899478277
           1   285.073998769
           1   288.430770238
           1   291.647166570
           1   288.129270554
           1   284.414684931
           1   284.829272588
           1   284.659063975
           1   289.099374771
           1   291.437602361
           1   288.165252686
           1   286.047187169
           1   290.703645070
           1   289.987478256
           1   282.050208410
           1   278.163646062
           1   283.226249059
           1   288.258104960
           1   294.707292557
           1   292.851665497
           1   296.287916819
           1   286.952709198
           1   282.814999898
           1   287.067502340
           1   292.091042201
           1   293.527082443
           1   291.658957163
           1   296.090209961
           1   298.920071284
