           1   291.057985453
           1   288.257833978
           1   287.196110983
           1   287.394159574
           1   288.512023990
           1   289.379255506
           1   288.360091034
           1   288.188253674
           1   289.817773194
           1   291.375431344
           1   292.895466000
           1   291.838813262
           1   289.890234411
           1   290.540380681
           1   290.231794232
           1   289.380257749
           1   290.360070101
           1   291.648853792
           1   293.222719865
           1   294.262527904
           1   293.501356156
           1   291.072683557
           1   291.130458122
           1   290.797499726
           1   290.299222230
           1   291.053120563
           1   291.937132596
           1   291.890369211
           1   291.651452475
           1   291.656126750
           1   291.922463064
           1   291.315148064
           1   291.649170654
           1   291.094214230
           1   289.114693534
           1   287.341872767
           1   286.810741542
           1   287.335360609
           1   287.172334868
           1   286.478534165
           1   285.840389258
           1   285.529768372
           1   286.801475986
           1   287.809831489
           1   288.670823559
           1   289.285317525
           1   289.227884810
           1   288.982202752
           1   289.588237568
           1   289.534080908
           1   289.410315096
           1   288.525668471
           1   288.006732240
           1   289.026677643
           1   289.773466252
           1   289.110269905
           1   289.466128529
           1   289.942181605
           1   288.704803273
           1   287.711521719
           1   288.018250633
           1   288.386245858
           1   288.688176849
           1   288.902103936
           1   289.455180293
           1   289.894218514
           1   289.232750402
           1   288.776660545
           1   288.826025592
           1   289.404695011
           1   290.324478479
           1   290.264818823
           1   290.473727151
           1   290.317128209
           1   290.345876195
           1   290.882708312
           1   292.277302669
           1   293.266247830
           1   291.708381865
           1   290.356253855
           1   289.795093266
           1   289.797464746
           1   290.195622514
           1   290.769915863
           1   289.137660688
           1   288.291578297
           1   288.311901045
           1   288.570070777
           1   287.914929107
           1   287.796241348
           1   288.178151147
           1   288.413074694
           1   288.090137386
           1   287.796056903
           1   287.017775703
           1   287.425635018
           1   287.952294563
           1   288.118379367
           1   288.729966235
           1   288.109041761
           1   288.124024022
           1   288.739378099
           1   288.582954627
           1   286.983069902
           1   286.446959096
           1   286.333138558
           1   286.091064472
           1   286.291563832
           1   286.603387409
           1   286.465205485
           1   286.068643372
           1   286.290790896
           1   286.656514573
           1   287.026064483
           1   287.388064254
           1   286.477369354
           1   285.168648842
           1   284.755250861
           1   284.547629932
           1   284.586410668
           1   284.957405979
           1   285.102486647
           1   285.296379614
           1   285.454762834
           1   285.176002272
           1   285.244881295
           1   285.774291397
           1   286.288571451
           1   285.686096811
           1   284.928165280
           1   285.012245925
           1   285.305903994
           1   284.480699420
           1   283.337243635
           1   282.865143726
           1   282.476868314
           1   281.164533620
           1   280.088865138
           1   279.318319688
           1   278.802674906
           1   278.853921635
           1   278.909746391
           1   279.317809675
           1   279.656130637
           1   279.871274130
           1   280.067668982
           1   280.109192784
           1   279.854489824
           1   279.536964057
           1   279.603641666
           1   279.534492916
           1   279.360911082
           1   279.801143916
           1   280.419355986
           1   281.034818852
           1   281.639783718
           1   281.785214304
           1   281.603120874
           1   280.670250225
           1   279.489423760
           1   279.309910128
           1   279.047044891
           1   278.724827789
           1   278.450146731
           1   277.955821171
           1   278.169479082
           1   278.439949923
           1   278.224404504
           1   277.972625244
           1   278.425837652
           1   278.723489339
           1   278.098538646
           1   277.778515712
           1   277.735003069
           1   278.003419301
           1   278.185213449
           1   278.046549320
           1   277.380415006
           1   276.992878782
           1   276.987981557
           1   277.378711329
           1   277.235785636
           1   276.876494805
           1   276.596812631
           1   276.051499004
           1   276.158721455
           1   275.993881534
           1   276.314418465
           1   276.349375465
           1   276.675657760
           1   276.674362501
           1   277.198234166
           1   277.358131206
           1   277.905859894
           1   277.712683152
           1   277.670838058
           1   277.329234725
           1   276.544801794
           1   276.522399134
           1   277.793365154
           1   277.976120295
           1   277.542798451
           1   277.444838104
           1   277.554050270
           1   277.567749527
           1   276.796433873
           1   276.844483805
           1   277.597108867
           1   278.320420202
           1   278.384561449
           1   278.387518022
           1   278.676430968
           1   278.852796680
           1   278.647323517
           1   278.064612585
           1   277.668245256
           1   277.791732352
           1   277.529272862
           1   277.352009077
           1   278.110651695
           1   278.856371629
           1   278.774476655
           1   279.586894634
           1   277.978349256
           1   276.335699398
           1   276.068460491
           1   276.539988802
           1   277.547657477
           1   278.017256553
           1   278.434032774
           1   278.109553411
           1   277.737741973
           1   277.712583597
           1   277.986131575
           1   278.119200827
           1   278.047886607
           1   278.101658816
           1   278.368731368
           1   278.596805140
           1   278.748572243
           1   278.413616792
           1   277.853181694
           1   278.198715329
           1   279.078597851
           1   279.550817477
           1   279.556851370
           1   279.361429180
           1   279.812778951
           1   280.230079893
           1   279.296029103
           1   278.796451149
           1   278.232447222
           1   277.801068771
           1   277.883461914
           1   278.698886891
           1   279.393394455
           1   280.268601257
           1   281.170921546
           1   280.736314046
           1   279.677167071
           1   278.009103264
           1   277.157130372
           1   277.406316909
           1   278.863904431
           1   280.441860311
           1   281.077473966
           1   281.717842675
           1   281.927786924
           1   281.388327293
           1   281.421448263
           1   280.296918770
           1   278.536787204
           1   279.204505488
           1   279.906207610
           1   280.960601423
           1   282.311166449
           1   282.763686660
           1   282.021366981
           1   282.250102506
           1   282.673358823
           1   282.560580356
           1   281.586624231
           1   281.187412310
           1   281.291373041
           1   281.482627618
           1   281.414309663
           1   279.940880821
           1   279.471044488
           1   280.707115720
           1   281.623177921
           1   282.030377522
           1   282.508865320
           1   282.217910513
           1   282.337406196
           1   281.985795997
           1   281.055207553
           1   279.250957258
           1   280.468870287
           1   280.933284701
           1   280.852217199
           1   281.124436470
           1   282.068394258
           1   283.392576082
           1   283.847697370
           1   283.826557736
           1   284.373155512
           1   284.736844231
           1   282.734172956
           1   282.114990254
           1   283.252283496
           1   285.164738988
           1   286.886427862
           1   287.486097914
           1   288.141599649
           1   287.872266352
           1   288.615882860
           1   288.160458041
           1   287.090740369
           1   287.466852474
           1   287.301240733
           1   287.930360838
           1   289.296900018
           1   290.228301825
           1   289.099533403
           1   287.572032079
           1   287.914826918
           1   288.837432773
           1   289.695304684
           1   289.809182477
           1   288.784229586
           1   287.656323021
           1   287.501346382
           1   287.333440603
           1   285.804605831
           1   285.916094944
           1   287.338133791
           1   288.648511257
           1   287.686698997
           1   284.269494398
           1   282.145536418
           1   282.793129381
           1   284.728161581
           1   284.698289917
           1   283.256274524
           1   284.012283472
           1   285.221740147
           1   285.475777796
           1   286.481813490
           1   288.542026452
           1   290.715975546
           1   291.993053955
           1   292.038411719
           1   291.230814029
           1   291.840472587
           1   292.814298753
           1   293.680090862
           1   292.574458792
           1   291.239891995
           1   290.651051886
           1   289.241107379
           1   288.875830924
           1   289.411059293
           1   290.726657907
           1   291.099902027
           1   289.707605641
           1   287.654190940
           1   286.900269923
           1   287.709179683
           1   288.671464958
           1   289.295090432
           1   290.116424110
           1   291.806228562
           1   291.502631770
           1   289.096026386
           1   289.261883356
           1   288.894322488
           1   288.586930195
           1   289.512583251
           1   290.674029947
           1   291.446531431
           1   292.005739149
           1   293.412649239
           1   295.010435864
           1   293.946466416
           1   293.782298131
           1   294.727593712
           1   294.002018494
           1   292.299784272
           1   292.601789990
           1   294.212367593
           1   295.965403034
           1   294.765462863
           1   293.511652598
           1   294.049348927
           1   295.116444876
           1   292.424128175
           1   291.421574354
           1   291.723277629
           1   292.011299623
           1   292.325052380
           1   293.282207203
           1   293.931638968
           1   294.254039533
           1   294.471016661
           1   293.475620153
           1   293.192804603
           1   292.867829064
           1   293.012387090
           1   292.901781754
           1   292.814518134
           1   293.506064111
           1   293.048576799
           1   292.398580719
           1   291.652071560
           1   291.907461718
           1   291.190097029
           1   289.460015668
           1   289.108979270
           1   289.794298533
           1   290.045736923
           1   290.322717131
           1   290.893879035
           1   290.653428174
           1   289.498066889
           1   286.833343875
           1   285.233716135
           1   285.778416979
           1   286.381085952
           1   286.665230955
           1   286.969993040
           1   287.387077253
           1   287.217715778
           1   285.996715203
           1   285.209055976
           1   285.635227743
           1   286.581957544
           1   287.503281739
           1   288.237143588
           1   288.426560775
           1   288.510667963
           1   289.053103009
           1   289.965990817
           1   289.183404300
           1   286.203486458
           1   284.526671538
           1   284.421110598
           1   284.757439611
           1   285.147124366
           1   285.815811544
           1   286.938346541
           1   287.597907162
           1   287.505842951
           1   286.734316990
           1   286.278477217
           1   285.940579578
           1   285.904148024
           1   285.444616118
           1   284.913161743
           1   283.750966562
           1   283.155594812
           1   283.571652471
           1   284.218940524
           1   284.249274289
           1   283.648274962
           1   283.600832799
           1   284.041000813
           1   284.519798879
           1   284.562376999
           1   283.897631294
           1   282.736845981
           1   281.743247587
           1   282.007846872
           1   282.354453578
           1   282.436731498
           1   282.834707212
           1   283.294265758
           1   283.757636826
           1   283.944585021
           1   283.869404297
           1   283.507541220
           1   283.265073831
           1   283.118524069
           1   282.938641360
           1   283.164025330
           1   282.794624182
           1   282.340258728
           1   282.124048324
           1   282.326265460
           1   281.472112688
           1   281.656177449
           1   282.618937261
           1   283.316912942
           1   283.124708743
           1   282.192083037
           1   281.494635442
           1   280.811276886
           1   280.700667807
           1   280.903046875
           1   281.219916217
           1   281.564295243
           1   281.561729777
           1   281.672811760
           1   281.388004905
           1   281.112013653
           1   279.297368902
           1   278.208045814
           1   278.076182874
           1   278.473526320
           1   278.594087194
           1   278.714398438
           1   278.719714356
           1   278.505462172
           1   278.661398417
           1   278.944702641
           1   279.069294603
           1   279.117850099
           1   278.905542810
           1   278.952807656
           1   279.119107638
           1   278.992123943
           1   277.882015883
           1   276.879682620
           1   276.427646248
           1   276.378376386
           1   276.237830675
           1   276.041745496
           1   275.979330655
           1   276.685891741
           1   276.351650127
           1   275.790919695
           1   275.882871671
           1   275.954908821
           1   275.941299886
           1   275.973382565
           1   275.893088290
           1   275.702302536
           1   275.340687410
           1   274.875577303
           1   274.754342596
           1   274.719046868
           1   274.701968403
           1   274.712790502
           1   274.828094359
           1   274.873464408
           1   274.849785076
           1   274.793613051
           1   274.759475351
           1   274.653817757
           1   274.621221899
           1   274.601395366
           1   274.513948072
           1   274.537690967
           1   274.584610665
           1   274.657504608
           1   274.723318433
           1   274.786649153
           1   274.988015346
           1   275.201311715
           1   274.749977353
           1   274.705138513
           1   274.818403773
           1   275.055354061
           1   275.321261002
           1   275.697757014
           1   276.077262735
           1   275.724915064
           1   275.609003344
           1   275.948285232
           1   276.376816654
           1   275.191527030
           1   274.751229823
           1   274.618767085
           1   274.295854027
           1   274.173912058
           1   274.085863765
           1   274.050540324
           1   274.088768541
           1   274.136057452
           1   274.173283670
           1   274.230865844
           1   274.220268177
           1   274.201521861
           1   274.101705218
           1   274.109471753
           1   274.091082097
           1   274.038219626
           1   273.991043500
           1   274.094070733
           1   274.138907162
           1   274.158025767
           1   274.202390010
           1   274.006780884
           1   274.053540438
           1   274.075381998
           1   274.000607644
           1   273.933895117
           1   273.959453254
           1   273.985502703
           1   274.008918673
           1   274.055534845
           1   274.013681304
           1   273.943522747
           1   273.876866730
           1   273.859817099
           1   273.916967513
           1   273.962068244
           1   273.939072820
           1   273.820226859
           1   273.849668412
           1   273.909373403
           1   273.910912640
           1   274.018907146
           1   274.229482687
           1   274.315284932
           1   274.355186950
           1   274.390625113
           1   274.440573039
           1   274.528996684
           1   274.545539436
           1   274.539005986
           1   274.398800464
           1   274.085255101
           1   273.927591550
           1   273.970865077
           1   274.092193658
           1   274.305986920
           1   274.450854152
           1   274.504014697
           1   274.622353934
           1   274.705879732
           1   274.742493224
           1   274.742780598
           1   274.741702900
           1   274.740394659
           1   274.632116306
           1   274.416085153
           1   274.514800575
           1   274.519230727
           1   274.544606633
           1   274.578809068
           1   274.685401938
           1   274.666971768
           1   275.402424947
           1   276.646827584
           1   277.660151668
           1   277.550347439
           1   277.523595181
           1   276.759272004
           1   276.838051593
           1   277.444929115
           1   278.289881268
           1   279.333123175
           1   279.833218380
           1   280.498232336
           1   281.174937924
           1   282.044223771
           1   282.041021409
           1   280.823811446
           1   281.165927826
           1   280.779920583
           1   280.177160057
           1   281.090247414
           1   281.304231737
           1   280.668718321
           1   280.737195042
           1   280.521811059
           1   280.174266436
           1   279.721565068
           1   279.420228255
           1   278.718774141
           1   278.862856128
           1   279.893733946
           1   280.951898709
           1   282.340028835
           1   283.243264006
           1   284.006289654
           1   284.559468090
           1   285.138285059
           1   285.561425500
           1   285.908085200
           1   286.059330810
           1   285.834377403
           1   286.341514817
           1   287.588555347
           1   287.364605921
           1   285.296539464
           1   285.440133287
           1   287.305684993
           1   288.095658713
           1   286.933160482
           1   285.474647562
           1   284.414530564
           1   284.204750111
           1   283.964922160
           1   284.006261150
           1   284.714046406
           1   285.606083614
           1   286.567549741
           1   286.768321747
           1   286.032821768
           1   286.126995022
           1   285.832865457
           1   286.563903218
           1   287.080888298
           1   286.643013951
           1   287.241316698
           1   287.859928926
           1   288.565879955
           1   289.267999101
           1   289.144396558
           1   288.766361024
           1   288.138853035
           1   288.284745068
           1   289.225911797
           1   289.892554971
           1   290.689485722
           1   290.534409723
           1   290.213428113
           1   288.909318075
           1   288.359368487
           1   287.247136243
           1   287.268253563
           1   288.375164735
           1   289.304227708
           1   289.837372986
           1   289.367850996
           1   289.211347053
           1   289.715797299
           1   290.653191988
           1   291.269689964
           1   292.081035173
           1   293.022154819
           1   293.616713594
           1   293.755718523
           1   293.262211581
           1   290.811220747
           1   288.724431119
           1   287.212113869
           1   287.209287737
           1   288.189545627
           1   288.850121508
           1   289.365000008
           1   289.629491039
           1   289.938244833
           1   290.105217355
           1   290.674532473
           1   290.067131336
           1   288.641980795
           1   288.487366943
           1   289.974057455
           1   290.682223059
           1   290.372498620
           1   290.263726186
           1   290.372546791
           1   290.486839025
           1   290.230198989
           1   290.232168758
           1   290.521793221
           1   289.696903590
           1   288.291548916
           1   287.442473748
           1   287.951081908
           1   288.200745454
           1   288.506006668
           1   288.919464941
           1   290.367619237
           1   292.370356600
           1   294.035173344
           1   293.771097657
           1   292.225737114
           1   291.708077220
           1   292.364333015
           1   292.316254099
           1   293.927879061
           1   294.573052719
           1   294.994160911
           1   295.491678013
           1   294.490728352
           1   295.070854160
           1   295.532641222
           1   295.427922463
           1   295.660623590
           1   292.675411269
           1   291.236902420
           1   290.088883426
           1   289.007162775
           1   289.332448353
           1   290.397473802
           1   291.291603163
           1   290.633933973
           1   289.929781477
           1   290.521177610
           1   291.432393159
           1   291.712548894
           1   292.547099756
           1   292.346794094
           1   291.697531836
           1   292.055263415
           1   291.313115298
           1   290.864219662
           1   290.458695685
           1   290.026773455
           1   290.178861891
           1   290.277303106
           1   290.537684732
           1   290.431635936
           1   290.412433537
           1   290.312905755
           1   290.415705643
           1   290.742145933
           1   289.727693854
           1   289.332727291
           1   289.987290098
           1   290.292070891
           1   290.755306709
           1   291.360729137
           1   291.321852992
           1   291.004373174
           1   290.567325547
           1   288.077856684
           1   287.686414546
           1   287.621990529
           1   287.822636238
           1   288.627465623
           1   288.061299467
           1   287.686319625
           1   287.398822486
           1   287.954431214
           1   287.615667466
           1   287.610733561
           1   287.805892997
           1   287.441799370
           1   287.537629868
           1   287.434363943
           1   288.617822718
           1   289.705232887
           1   289.897303470
           1   287.723993530
           1   286.078695086
           1   285.808892089
           1   285.775777182
           1   286.439365889
           1   287.178704628
           1   287.414428891
           1   287.605029467
           1   287.991363948
           1   286.886570700
           1   285.541101210
           1   285.110326299
           1   284.798645814
           1   284.788160028
           1   285.119457280
           1   285.232081027
           1   285.348496674
           1   285.694871519
           1   285.606889756
           1   285.307844584
           1   284.790480457
           1   284.463794568
           1   284.110377665
           1   283.232576263
           1   282.373679859
           1   281.912497313
           1   282.049461489
           1   282.178927215
           1   282.487733312
           1   281.771408202
           1   281.421396895
           1   281.227545349
           1   280.664760803
           1   280.237028462
           1   280.824455340
           1   281.852220339
           1   282.116578323
           1   281.891953179
           1   281.613292534
           1   281.004614982
           1   279.767140459
           1   279.055688935
           1   278.274883732
           1   278.089288706
           1   278.497070795
           1   278.876032928
           1   278.827188419
           1   278.541158487
           1   277.971161444
           1   277.819430242
           1   278.135388639
           1   278.795036181
           1   279.261984380
           1   279.503071861
           1   279.516881835
           1   279.094413603
           1   278.564283550
           1   278.387299989
           1   278.672508583
           1   277.414752538
           1   276.510679167
           1   276.675800504
           1   276.212909009
           1   275.972125988
           1   275.640960104
           1   275.595869829
           1   276.130182190
           1   277.196648068
           1   276.817800624
           1   276.164381179
           1   275.716195588
           1   275.677389366
           1   275.564016103
           1   275.436008082
           1   275.885915246
           1   275.818657736
           1   275.836367030
           1   276.240474653
           1   276.598192662
           1   276.109758454
           1   275.472635060
           1   275.123280083
           1   274.974318280
           1   275.413244864
           1   276.504221877
           1   276.543231678
           1   276.467151309
           1   276.340644463
           1   275.883469194
           1   276.048329271
           1   276.092136917
           1   275.457405694
           1   275.108364226
           1   274.985454003
           1   275.075221133
           1   275.801275882
           1   276.367901932
           1   276.355959883
           1   276.011031859
           1   275.984509813
           1   275.948850981
           1   275.881462603
           1   275.137434677
           1   274.967097204
           1   275.144879505
           1   275.659275706
           1   276.050218136
           1   276.187368016
           1   275.556758504
           1   274.973628829
           1   274.909735431
           1   274.853345622
           1   274.769110456
           1   274.714658726
           1   274.688638809
           1   274.506837009
           1   274.603450617
           1   274.629880247
           1   274.575125806
           1   274.494480421
           1   274.440419694
           1   274.461347193
           1   274.602335906
           1   274.622260059
           1   274.765304037
           1   275.046218761
           1   275.739446068
           1   276.743708533
           1   277.322676066
           1   277.739898847
           1   278.468204811
           1   279.284109264
           1   279.941459026
           1   280.120355733
           1   279.683444930
           1   279.104680538
           1   278.333926330
           1   278.150588626
           1   278.128690563
           1   277.610021920
           1   276.699582847
           1   276.684478072
           1   276.502930240
           1   277.114842429
           1   277.784055262
           1   277.666572987
           1   277.372607230
           1   276.620383664
           1   275.675720353
           1   275.471763210
           1   275.315556703
           1   275.295661267
           1   276.106676270
           1   277.069663351
           1   277.847310323
           1   278.632707704
           1   279.245021254
           1   280.408701549
           1   281.301617476
           1   281.019347369
           1   280.449838986
           1   280.298517092
           1   280.914869118
           1   281.109195795
           1   281.470995145
           1   282.136968947
           1   281.747079394
           1   280.752743757
           1   280.616736062
           1   281.214147052
           1   281.289355201
           1   281.227940467
           1   281.557648491
           1   281.656248828
           1   280.545489298
           1   280.953216412
           1   282.270091760
           1   283.199167185
           1   284.424801369
           1   285.369957112
           1   284.669208686
           1   282.724284854
           1   281.919838225
           1   281.654438123
           1   281.467784813
           1   281.553441571
           1   282.135718304
           1   282.075013239
           1   282.226017263
           1   283.309695794
           1   283.265974074
           1   283.529873340
           1   284.517888836
           1   283.569224477
           1   281.913490108
           1   282.411410199
           1   283.051446668
           1   283.642373742
           1   283.644427026
           1   283.774051580
           1   282.235997216
           1   282.267011307
           1   282.659448491
           1   282.137288717
           1   281.307636103
           1   281.617530985
           1   282.316881745
           1   282.783423731
           1   282.766209731
           1   282.739148830
           1   282.284235817
           1   281.127758796
           1   281.913518220
           1   282.880653832
           1   284.057019102
           1   285.821091371
           1   284.951797688
           1   283.825562643
           1   283.976956304
           1   284.586037856
           1   284.673654768
           1   285.393264027
           1   286.182283790
           1   287.082968072
           1   288.219238178
           1   289.359849548
           1   289.620624338
           1   289.886320614
           1   288.661559963
           1   286.664791250
           1   286.484842907
           1   286.402248704
           1   286.640248056
           1   286.804745746
           1   286.682880606
           1   286.940073356
           1   287.583532108
           1   287.167627593
           1   286.861044260
           1   287.165267844
           1   286.980955511
           1   286.140570077
           1   286.187580978
           1   286.847300481
           1   287.698341106
           1   288.591492939
           1   289.281530334
           1   287.961979076
           1   288.107206781
           1   289.182693181
           1   289.891988926
           1   290.349551416
           1   290.031752394
           1   289.201024504
           1   288.443465929
           1   286.072132411
           1   285.669198192
           1   286.459613671
           1   288.082942462
           1   289.489597363
           1   289.428933704
           1   289.551570825
           1   288.717218006
           1   286.675035953
           1   286.336577676
           1   286.068088885
           1   286.181338479
           1   286.745521662
           1   287.680321859
           1   288.466829574
           1   289.789863542
           1   291.507850138
           1   293.052431943
           1   293.279685991
           1   290.355096321
           1   289.356978892
           1   289.894976259
           1   290.638741268
           1   289.501959019
           1   289.239539423
           1   290.034786127
           1   290.130970694
           1   290.218585700
           1   290.081872982
           1   290.160824398
           1   290.350709993
           1   290.668494923
           1   290.814060566
           1   290.480260185
           1   290.907915959
           1   291.904089713
           1   289.875924491
           1   285.669632220
           1   284.166371821
           1   284.353211926
           1   285.168599944
           1   286.595215985
           1   287.819121362
           1   287.139283043
           1   286.569152320
           1   286.780360051
           1   287.170957978
           1   287.485645426
           1   288.155482451
           1   288.581661921
           1   287.755829640
           1   287.315324844
           1   287.901262383
           1   289.072311335
           1   288.258198310
           1   287.576068163
           1   288.371537372
           1   289.338070399
           1   289.982897244
           1   290.628803510
           1   290.473827678
           1   290.201234729
           1   290.307010430
           1   291.470415439
           1   292.204882924
           1   291.171113071
           1   290.775915318
           1   288.135462522
           1   286.136864984
           1   286.476198313
           1   286.831696244
           1   286.981908755
           1   287.358832354
           1   288.074314325
           1   289.512701880
           1   290.592750707
           1   291.196840506
           1   291.662761388
           1   289.692117806
           1   287.971854173
           1   286.888183116
           1   286.449955704
           1   286.714807480
           1   286.318262186
           1   285.199020399
           1   285.381906023
           1   285.321481936
           1   285.079403914
           1   284.179859074
           1   283.846255360
           1   284.562834197
           1   285.037673486
           1   285.055530542
           1   285.395922335
           1   286.497539732
           1   287.377910829
           1   287.101496027
           1   286.245301402
           1   285.843820736
           1   286.428782887
           1   286.684123333
           1   286.522020441
           1   287.519233340
           1   288.242195169
           1   288.154534541
           1   287.755762623
           1   287.682224774
           1   287.247588715
           1   286.103306317
           1   285.757955595
           1   285.873044878
           1   286.200335326
           1   285.160410723
           1   284.770915529
           1   284.881629702
           1   285.399464623
           1   285.646334930
           1   285.874041461
           1   286.390696939
           1   286.757733162
           1   286.626813359
           1   286.717142597
           1   286.347900984
           1   285.240535163
           1   285.144870652
           1   284.863066403
           1   284.790285402
           1   284.745146509
           1   284.921076228
           1   285.435911630
           1   285.316991629
           1   284.760329219
           1   284.421601938
           1   284.399898967
           1   284.177238967
           1   284.377806594
           1   284.245591920
           1   284.115047331
           1   283.946934316
           1   283.134737064
           1   282.767989422
           1   282.382645472
           1   281.839791993
           1   281.872236080
           1   281.661373436
           1   281.954964544
           1   282.099458667
           1   281.765854948
           1   281.549059955
           1   279.719019800
           1   278.808072804
           1   278.080332958
           1   278.379082288
           1   279.778691632
           1   279.712036086
           1   279.781524216
           1   280.699454710
           1   281.045579635
           1   280.991632452
           1   281.090339008
           1   281.331185694
           1   281.579159199
           1   281.851490139
           1   282.293766606
           1   282.391196628
           1   281.554218166
           1   280.783285383
           1   280.382588343
           1   280.388632379
           1   279.448632428
           1   277.899438783
           1   277.333137976
           1   276.873749082
           1   276.539963204
           1   276.320723021
           1   276.026749624
           1   275.754806002
           1   275.662212198
           1   275.725694103
           1   275.877662647
           1   276.666795818
           1   277.264890056
           1   277.883686384
           1   278.435935095
           1   278.627592179
           1   278.087118837
           1   277.715340806
           1   277.421328242
           1   277.833221184
           1   278.254112883
           1   278.461422854
           1   278.432229781
           1   277.738541011
           1   276.773501701
           1   276.001664058
           1   276.419804784
           1   277.733903095
           1   278.471065248
           1   278.883256040
           1   278.948424279
           1   278.284295962
           1   277.542080091
           1   276.610238239
           1   276.165395752
           1   276.778760929
           1   277.394797218
           1   277.660221209
           1   277.628846332
           1   277.485223509
           1   277.480711889
           1   277.416900857
           1   277.215643062
           1   276.940153963
           1   276.829586962
           1   277.207578462
           1   277.732320285
           1   278.043623105
           1   278.373961350
           1   278.308395855
           1   277.930023976
           1   276.763668337
           1   277.073911874
           1   276.849660900
           1   276.637844270
           1   276.262335256
           1   275.614092770
           1   275.067560905
           1   274.931244328
           1   275.082885701
           1   275.224579361
           1   275.167933425
           1   275.217976800
           1   276.559222834
           1   277.524616313
           1   277.901101804
           1   278.187980257
           1   278.611667655
           1   277.671300199
           1   277.240746584
           1   278.025087441
           1   278.967674403
           1   279.428762549
           1   280.062958042
           1   280.926769718
           1   280.724885480
           1   280.343350296
           1   278.883058233
           1   277.822732666
           1   277.588608578
           1   277.272273585
           1   277.864229991
           1   278.054691452
           1   278.613503586
           1   279.268752067
           1   280.397432314
           1   280.785179392
           1   280.772377961
           1   279.870556393
           1   277.763866169
           1   277.096409375
           1   276.512081362
           1   276.131179438
           1   276.467248419
           1   275.961475692
           1   276.082341333
           1   276.570107420
           1   277.381364027
           1   278.631376265
           1   279.853229810
           1   280.919020736
           1   281.308541623
           1   280.814992686
           1   280.358347086
           1   280.701702207
           1   280.685656036
           1   279.172789706
           1   279.012456411
           1   280.150386819
           1   281.393362011
           1   282.428441372
           1   282.491576976
           1   282.739147249
           1   282.382640919
           1   281.235256990
           1   280.404379982
           1   278.458424982
           1   279.399246665
           1   280.302307610
           1   280.588320592
           1   281.412167313
           1   281.989823200
           1   282.091826679
           1   282.018043503
           1   282.237862710
           1   282.696591356
           1   282.564095244
           1   282.306269568
           1   282.462184357
           1   282.422338163
           1   283.220549907
           1   283.325783065
           1   282.326530400
           1   282.393712410
           1   282.653083490
           1   283.130373483
           1   283.441454866
           1   283.594316067
           1   284.787872482
           1   285.817024342
           1   286.518545248
           1   286.589600436
           1   285.784798573
           1   286.193145518
           1   286.471619505
           1   286.135394037
           1   286.069646104
           1   287.019871882
           1   286.456568860
           1   284.418823586
           1   284.064895544
           1   284.483573637
           1   285.126423210
           1   284.692246325
           1   284.128775828
           1   285.379298444
           1   286.372920079
           1   286.714453667
           1   286.644758069
           1   287.055457138
           1   287.711554710
           1   286.894681209
           1   286.464765740
           1   286.556767049
           1   286.416095883
           1   285.616644128
           1   283.833378298
           1   283.179986173
           1   283.837132397
           1   285.774950159
           1   286.089825330
           1   283.761720131
           1   284.273268174
           1   285.851024113
           1   286.886722563
           1   286.972598008
           1   286.462422608
           1   286.082057572
           1   286.182659752
           1   287.167663631
           1   288.075017664
           1   288.609358630
           1   287.897417960
           1   288.849145155
           1   289.175594585
           1   287.547589600
           1   285.133747196
           1   285.838042864
           1   287.619789230
           1   289.927340333
           1   291.194350145
           1   292.456947225
           1   291.546839426
           1   289.464995132
           1   290.047911267
           1   291.654659808
           1   292.468311261
           1   292.858710690
           1   294.325074842
           1   296.016220677
