1,    44.634573300
1,    44.988849674
1,    45.407740815
1,    45.847299239
1,    46.291552006
1,    46.724494710
1,    47.151882688
1,    47.610336047
1,    48.077344621
1,    48.514603730
1,    48.919981568
1,    49.292189272
1,    49.695068709
1,    50.147877783
1,    50.588329936
1,    51.032936920
1,    51.485377459
1,    51.917942771
1,    52.322029580
1,    52.686929492
1,    53.015548483
1,    53.344357743
1,    53.611267141
1,    53.871718039
1,    54.139843615
1,    54.420208672
1,    54.680354085
1,    54.920559826
1,    55.176149013
1,    55.455793467
1,    55.751012118
1,    56.009243371
1,    56.275236454
1,    56.533846116
1,    56.783459646
1,    57.082885522
1,    57.417628805
1,    57.764404706
1,    58.095306859
1,    58.428898684
1,    58.778682946
1,    59.143143624
1,    59.513407910
1,    59.849700016
1,    60.159990210
1,    60.451520581
1,    60.721232979
1,    60.984737598
1,    61.253053868
1,    61.499700156
1,    61.746928253
1,    61.996651880
1,    62.272880686
1,    62.563724622
1,    62.823216112
1,    63.058909231
1,    63.315220070
1,    63.557434224
1,    63.783626534
1,    64.052420775
1,    64.356498433
1,    64.656038735
1,    64.946406378
1,    65.227630681
1,    65.502357441
1,    65.758718135
1,    66.002395787
1,    66.274497876
1,    66.568231294
1,    66.867936409
1,    67.156671554
1,    67.424285639
1,    67.704676553
1,    67.985095116
1,    68.275988272
1,    68.571688851
1,    68.855474312
1,    69.094008791
1,    69.298633397
1,    69.566114029
1,    69.884080887
1,    70.222849278
1,    70.563211529
1,    70.891738573
1,    71.185600855
1,    71.423060867
1,    71.680577674
1,    71.935330270
1,    72.177909637
1,    72.443901201
1,    72.716074851
1,    72.976498645
1,    73.230011830
1,    73.497450357
1,    73.776091569
1,    74.083751428
1,    74.381163139
1,    74.667367504
1,    74.956745604
1,    75.233515571
1,    75.517268131
1,    75.789231591
1,    76.048644521
1,    76.324408476
1,    76.644908048
1,    76.969438043
1,    77.296485260
1,    77.611213599
1,    77.918309326
1,    78.215545929
1,    78.517146403
1,    78.822700816
1,    79.120219584
1,    79.405195562
1,    79.678691575
1,    79.943037078
1,    80.240815768
1,    80.588572986
1,    80.955795217
1,    81.334182316
1,    81.715717081
1,    82.091794777
1,    82.469484582
1,    82.846349748
1,    83.222520327
1,    83.611061826
1,    84.001565435
1,    84.380731651
1,    84.746676336
1,    85.132053206
1,    85.527546410
1,    85.923593241
1,    86.313800535
1,    86.712457384
1,    87.109326933
1,    87.502702674
1,    87.872996099
1,    88.273482371
1,    88.700150854
1,    89.138845944
1,    89.575115615
1,    90.005505756
1,    90.429124714
1,    90.838607683
1,    91.236994580
1,    91.627717695
1,    92.011418240
1,    92.392341121
1,    92.778878303
1,    93.172303132
1,    93.561902517
1,    93.951852758
1,    94.345061211
1,    94.724201984
1,    95.083707061
1,    95.423041802
1,    95.741866128
1,    96.055308895
1,    96.371966424
1,    96.714926702
1,    97.090932895
1,    97.469566533
1,    97.853162130
1,    98.243134258
1,    98.637879016
1,    99.043342638
1,    99.440441529
1,    99.827301840
1,   100.217675049
1,   100.612958594
1,   100.993726622
1,   101.364555063
1,   101.751590391
1,   102.145443064
1,   102.538335753
1,   102.921857584
1,   103.298930869
1,   103.678397885
1,   104.075156239
1,   104.480546566
1,   104.884525478
1,   105.276140543
1,   105.670231236
1,   106.072637211
1,   106.480532523
1,   106.901328537
1,   107.316616699
1,   107.733440910
1,   108.139097427
1,   108.541899290
1,   108.933751743
1,   109.323987692
1,   109.698139073
1,   110.066415865
1,   110.417196183
1,   110.772608055
1,   111.127314839
1,   111.491020079
1,   111.875432988
1,   112.258343574
1,   112.602117680
1,   112.939119779
1,   113.288066590
1,   113.638992414
1,   113.985257913
1,   114.329881779
1,   114.696487072
1,   115.060436902
1,   115.400260840
1,   115.716263921
1,   116.029208903
1,   116.340324491
1,   116.640712291
1,   116.934425403
1,   117.233907725
1,   117.551325254
1,   117.879456159
1,   118.202459824
1,   118.532997234
1,   118.867069990
1,   119.175129087
1,   119.457564024
1,   119.742309922
1,   119.998008492
1,   120.308290950
1,   120.668474737
1,   121.034678482
1,   121.385625904
1,   121.703937470
1,   122.006216720
1,   122.293831179
1,   122.592006194
1,   122.901673578
1,   123.211612729
1,   123.511762134
1,   123.806962496
1,   124.104252092
1,   124.399353647
1,   124.684880706
1,   124.962155488
1,   125.233845294
1,   125.517150250
1,   125.817726157
1,   126.104910573
1,   126.359846443
1,   126.597044734
1,   126.834094925
1,   127.077194736
1,   127.302127139
1,   127.510888073
1,   127.754916949
1,   128.016084714
1,   128.297527610
1,   128.592759960
1,   128.884764771
1,   129.147248796
1,   129.383866524
1,   129.586461775
1,   129.752339122
1,   129.937179354
1,   130.163144854
1,   130.450989047
1,   130.766504902
1,   131.072216094
1,   131.325331682
1,   131.516408975
1,   131.681422269
1,   131.818505903
1,   131.947087104
1,   132.100515147
1,   132.253571174
1,   132.455020799
1,   132.725246230
1,   132.969903361
1,   133.187262732
1,   133.361338184
1,   133.476153047
1,   133.570985628
1,   133.700788020
1,   133.820700670
1,   133.922098467
1,   134.028283711
1,   134.180098399
1,   134.350586623
1,   134.516370911
1,   134.674548660
1,   134.836965524
1,   135.062152731
1,   135.305768305
1,   135.497194576
1,   135.648657120
1,   135.782640540
1,   135.895562939
1,   136.023855412
1,   136.148115500
1,   136.290487338
1,   136.476183305
1,   136.737368247
1,   136.947964646
1,   137.139413607
1,   137.335438828
1,   137.522762718
1,   137.672091941
1,   137.761154487
1,   137.830033907
1,   137.904730548
1,   137.954404736
1,   137.987523177
1,   138.134760512
1,   138.316567959
1,   138.449056935
1,   138.489762376
1,   138.447765493
1,   138.386499274
1,   138.296813491
1,   138.235034090
1,   138.133348178
1,   138.069282956
1,   138.079448936
1,   138.073879098
1,   138.086465834
1,   138.068154272
1,   137.969612332
1,   137.815664098
1,   137.732517172
1,   137.706192100
1,   137.671642663
1,   137.593133075
1,   137.468411509
1,   137.333507843
1,   137.163698498
1,   137.062648332
1,   136.977872029
1,   136.910827138
1,   136.933545459
1,   136.952992699
1,   136.896272336
1,   136.777664671
1,   136.742262124
1,   136.870110668
1,   137.093068104
1,   137.285327470
1,   137.379521186
1,   137.478357191
1,   137.654810918
1,   137.794043984
1,   137.873841901
1,   137.956702689
1,   138.009293489
1,   137.970749328
1,   137.815877755
1,   137.586335588
1,   137.319202676
1,   137.063342514
1,   136.801041648
1,   136.501491624
1,   136.167537393
1,   135.945160626
1,   135.839767082
1,   135.787133139
1,   135.834130086
1,   135.908044271
1,   135.946084899
1,   135.895320993
1,   135.828188393
1,   135.797653344
1,   135.766005656
1,   135.790428870
1,   135.786110858
1,   135.758375063
1,   135.739336149
1,   135.708062732
1,   135.594234830
1,   135.520868334
1,   135.617295527
1,   135.716612888
1,   135.848011713
1,   136.004263953
1,   136.108956896
1,   136.143788858
1,   136.131247288
1,   136.084741702
1,   135.943114066
1,   135.686516430
1,   135.522014505
1,   135.375418214
1,   135.162475069
1,   135.011322703
1,   134.984565210
1,   134.937610768
1,   134.775571592
1,   134.480015919
1,   134.285449134
1,   134.186038944
1,   134.049869099
1,   133.836221561
1,   133.812640480
1,   133.855550517
1,   133.880185474
1,   133.887161147
1,   133.874815181
1,   133.798836124
1,   133.678730450
1,   133.537162227
1,   133.382286235
1,   133.284785734
1,   132.924108683
1,   132.628565379
1,   132.355321460
1,   132.118837117
1,   131.909891407
1,   131.670169373
1,   131.471402190
1,   131.291084506
1,   131.185935937
1,   131.081942236
1,   131.040539102
1,   130.910028560
1,   130.797871609
1,   130.638221591
1,   130.464216074
1,   130.279965296
1,   130.070537400
1,   129.866233799
1,   129.743921853
1,   129.795677625
1,   129.942153442
1,   130.062837129
1,   130.155973387
1,   130.241884495
1,   130.322782034
1,   130.393361980
1,   130.452362555
1,   130.592020412
1,   130.781042242
1,   130.953114966
1,   131.092025586
1,   131.204647169
1,   131.297449706
1,   131.398466590
1,   131.508861882
1,   131.595481140
1,   131.635508140
1,   131.692301688
1,   131.815998136
1,   132.040707547
1,   132.283540516
1,   132.522462152
1,   132.757319878
1,   132.976405072
1,   133.155521212
1,   133.312050255
1,   133.452729270
1,   133.576879588
1,   133.721034356
1,   133.900355395
1,   134.095460670
1,   134.305636193
1,   134.520973964
1,   134.809799516
1,   135.141168328
1,   135.470762027
1,   135.786306168
1,   136.105793185
1,   136.448976361
1,   136.805036014
1,   137.149633973
1,   137.477243197
1,   137.755834794
1,   137.963730160
1,   138.229017919
1,   138.540247707
1,   138.842753293
1,   139.133410148
1,   139.426972828
1,   139.708591842
1,   139.977345384
1,   140.234307566
1,   140.493537854
1,   140.769612883
1,   141.074208505
1,   141.400423176
1,   141.686695217
1,   141.925105837
1,   142.152828129
1,   142.404322269
1,   142.683395514
1,   142.977774874
1,   143.269586924
1,   143.612681180
1,   143.958713302
1,   144.272256241
1,   144.567178855
1,   144.885621207
1,   145.218749095
1,   145.566650436
1,   145.953845348
1,   146.348076120
1,   146.731842770
1,   147.105230365
1,   147.460959664
1,   147.813638237
1,   148.163476023
1,   148.502715972
1,   148.790835816
1,   149.158187078
1,   149.559172617
1,   149.950702230
1,   150.319931020
1,   150.681212674
1,   151.034747650
1,   151.388965485
1,   151.755099298
1,   152.115910172
1,   152.464810433
1,   152.809199152
1,   153.152419332
1,   153.500707583
1,   153.834109946
1,   154.153752461
1,   154.477099074
1,   154.846531194
1,   155.254419000
1,   155.678406753
1,   156.101576800
1,   156.528521422
1,   156.961549395
1,   157.395352339
1,   157.799461178
1,   158.215233791
1,   158.650901018
1,   159.080090523
1,   159.503729036
1,   159.925435655
1,   160.344352166
1,   160.764927772
1,   161.191515220
1,   161.630552173
1,   162.084447206
1,   162.539989798
1,   162.994858739
1,   163.448537639
1,   163.900040041
1,   164.345286768
1,   164.785681178
1,   165.224568003
1,   165.662773282
1,   166.099904972
1,   166.539174609
1,   166.977874488
1,   167.415424021
1,   167.854805469
1,   168.291077879
1,   168.723424070
1,   169.151349531
1,   169.574652552
1,   169.994147744
1,   170.404232626
1,   170.802906916
1,   171.217262814
1,   171.631782663
1,   172.040496578
1,   172.438390693
1,   172.823217001
1,   173.191287560
1,   173.542204367
1,   173.907131102
1,   174.275485701
1,   174.627692901
1,   174.959368819
1,   175.338935304
1,   175.733975882
1,   176.131733446
1,   176.540448550
1,   176.952162120
1,   177.365717924
1,   177.778378246
1,   178.187752705
1,   178.593967388
1,   178.997644720
1,   179.398131858
1,   179.798245519
1,   180.198081644
1,   180.599263631
1,   180.998246168
1,   181.396309929
1,   181.794842012
1,   182.193865718
1,   182.587837736
1,   182.979271748
1,   183.367977152
1,   183.751933304
1,   184.141982775
1,   184.529411360
1,   184.915212218
1,   185.302493603
1,   185.690998439
1,   186.077303272
1,   186.461894832
1,   186.844247204
1,   187.222302202
1,   187.600378724
1,   187.978612885
1,   188.357634095
1,   188.736124299
1,   189.110984966
1,   189.482854700
1,   189.855323783
1,   190.230795583
1,   190.603510112
1,   190.973036802
1,   191.342082274
1,   191.705949085
1,   192.060934165
1,   192.411780921
1,   192.758954503
1,   193.104711643
1,   193.448470306
1,   193.788151547
1,   194.126733594
1,   194.464948085
1,   194.808059823
1,   195.164054222
1,   195.524862060
1,   195.882227140
1,   196.232767121
1,   196.572257825
1,   196.904228510
1,   197.232904134
1,   197.556853796
1,   197.876716678
1,   198.194772766
1,   198.511361343
1,   198.827320245
1,   199.142652755
1,   199.463010589
1,   199.791649886
1,   200.116454765
1,   200.440548329
1,   200.764318840
1,   201.084689305
1,   201.398567444
1,   201.713293329
1,   201.992078459
1,   202.208065577
1,   202.370535100
1,   202.540233815
1,   202.710630401
1,   202.922927452
