1,     0.269195897
1,     0.181145050
1,     0.191237376
1,     0.218879856
1,     0.329699284
1,     0.302017102
1,     0.266469642
1,     0.257163964
1,     0.401090673
1,     0.480544803
1,     0.602731560
1,     0.290245750
1,     0.220440778
1,     0.329570588
1,     0.301899211
1,     0.311568692
1,     0.400951503
1,     0.482091369
1,     0.633210701
1,     0.699621025
1,     0.574886653
1,     0.431637675
1,     0.491719699
1,     0.448477812
1,     0.473703191
1,     0.546905728
1,     0.658584620
1,     0.600653879
1,     0.544700481
1,     0.574173689
1,     0.532491479
1,     0.527789229
1,     0.536563817
1,     0.475690284
1,     0.299997798
1,     0.272786268
1,     0.286294167
1,     0.389463933
1,     0.269208336
1,     0.300950938
1,     0.205368804
1,     0.292923067
1,     0.384492081
1,     0.485049657
1,     0.536284577
1,     0.557435438
1,     0.497578134
1,     0.512691175
1,     0.507987646
1,     0.478847178
1,     0.498657911
1,     0.334774890
1,     0.328737709
1,     0.469382443
1,     0.480835846
1,     0.411316629
1,     0.464087650
1,     0.475587347
1,     0.289701331
1,     0.268812515
1,     0.356076674
1,     0.402255202
1,     0.414532004
1,     0.446663110
1,     0.515413763
1,     0.498822189
1,     0.351746783
1,     0.337848402
1,     0.343407693
1,     0.436566274
1,     0.493279795
1,     0.433187034
1,     0.440480228
1,     0.438278032
1,     0.455995288
1,     0.529402471
1,     0.719757620
1,     0.686180692
1,     0.370482246
1,     0.313746778
1,     0.313434963
1,     0.356588053
1,     0.445307452
1,     0.463249709
1,     0.331601862
1,     0.343746859
1,     0.391316617
1,     0.405830887
1,     0.305237663
1,     0.364182269
1,     0.393230466
1,     0.386096097
1,     0.359814602
1,     0.313169084
1,     0.275745773
1,     0.366874361
1,     0.411556194
1,     0.392510084
1,     0.481443139
1,     0.383564121
1,     0.465718902
1,     0.475116715
1,     0.410799924
1,     0.276431985
1,     0.300833589
1,     0.309262703
1,     0.312670301
1,     0.339267293
1,     0.338894230
1,     0.309068911
1,     0.285020545
1,     0.364428533
1,     0.372226311
1,     0.418106199
1,     0.417445861
1,     0.236322113
1,     0.200645259
1,     0.213646605
1,     0.222499169
1,     0.246177057
1,     0.277506176
1,     0.285779146
1,     0.297007258
1,     0.291789033
1,     0.283551171
1,     0.299624319
1,     0.346141210
1,     0.357558883
1,     0.282603538
1,     0.222560746
1,     0.290176686
1,     0.307209751
1,     0.242785448
1,     0.194900248
1,     0.202443933
1,     0.185503011
1,     0.107884006
1,     0.100517672
1,     0.093260781
1,     0.108394158
1,     0.126425812
1,     0.136217210
1,     0.155250907
1,     0.160096666
1,     0.156392761
1,     0.168085044
1,     0.154223443
1,     0.145334130
1,     0.138222943
1,     0.144757149
1,     0.132895070
1,     0.135527663
1,     0.188803428
1,     0.222151758
1,     0.253587300
1,     0.331230069
1,     0.254172107
1,     0.254276620
1,     0.110003411
1,     0.117617007
1,     0.139766602
1,     0.128912484
1,     0.139190503
1,     0.112841645
1,     0.109600289
1,     0.146158913
1,     0.145910167
1,     0.120197520
1,     0.111769624
1,     0.169565900
1,     0.140026504
1,     0.105315558
1,     0.109885900
1,     0.112377307
1,     0.141343696
1,     0.122496369
1,     0.114129518
1,     0.081337807
1,     0.076102389
1,     0.093679417
1,     0.108987425
1,     0.093044543
1,     0.083128310
1,     0.101860844
1,     0.093659101
1,     0.108963789
1,     0.093024363
1,     0.103105713
1,     0.107909107
1,     0.106232012
1,     0.102328920
1,     0.143224214
1,     0.142655908
1,     0.177474008
1,     0.125577402
1,     0.135889575
1,     0.111039121
1,     0.087208388
1,     0.114130911
1,     0.230373608
1,     0.128212846
1,     0.104096712
1,     0.117486238
1,     0.143550919
1,     0.105542175
1,     0.075517114
1,     0.116880315
1,     0.168151263
1,     0.199361922
1,     0.166129351
1,     0.159053041
1,     0.174253180
1,     0.168502177
1,     0.139129801
1,     0.111655429
1,     0.110668227
1,     0.127059568
1,     0.112522989
1,     0.122499392
1,     0.187860727
1,     0.176700515
1,     0.174845143
1,     0.245276304
1,     0.069015107
1,     0.059514159
1,     0.075497651
1,     0.112941272
1,     0.165695318
1,     0.157884167
1,     0.146620542
1,     0.111875919
1,     0.099884381
1,     0.114691141
1,     0.135988571
1,     0.119299076
1,     0.119819020
1,     0.125986374
1,     0.139307748
1,     0.146632406
1,     0.157808846
1,     0.146550594
1,     0.118860802
1,     0.171820565
1,     0.194700312
1,     0.211871251
1,     0.171389396
1,     0.182109567
1,     0.210539507
1,     0.222400343
1,     0.122052615
1,     0.103840332
1,     0.106737049
1,     0.082653367
1,     0.112040860
1,     0.160273273
1,     0.201040655
1,     0.268215612
1,     0.303092060
1,     0.213223668
1,     0.107323484
1,     0.103990026
1,     0.080735902
1,     0.126909482
1,     0.207685247
1,     0.309192717
1,     0.287700566
1,     0.296890056
1,     0.238236240
1,     0.178745552
1,     0.236693163
1,     0.106206527
1,     0.101911733
1,     0.127974631
1,     0.174291855
1,     0.277515727
1,     0.407238322
1,     0.312521550
1,     0.199500728
1,     0.261438753
1,     0.358877936
1,     0.204061632
1,     0.154725633
1,     0.172746821
1,     0.173946105
1,     0.195480310
1,     0.185408939
1,     0.097457778
1,     0.130572790
1,     0.290939813
1,     0.191832244
1,     0.290873599
1,     0.210785824
1,     0.213823959
1,     0.209066821
1,     0.182604524
1,     0.124371284
1,     0.088360604
1,     0.197968519
1,     0.157756031
1,     0.144493515
1,     0.168826390
1,     0.276132344
1,     0.426482067
1,     0.281383676
1,     0.330884428
1,     0.395181341
1,     0.282085666
1,     0.109169488
1,     0.159461609
1,     0.263266903
1,     0.429681994
1,     0.569045538
1,     0.484172546
1,     0.491294087
1,     0.373563410
1,     0.514149324
1,     0.290414367
1,     0.265569794
1,     0.322463379
1,     0.292799018
1,     0.409766657
1,     0.585294888
1,     0.635566578
1,     0.404841763
1,     0.295863419
1,     0.375901643
1,     0.455890218
1,     0.548434811
1,     0.616615930
1,     0.386351646
1,     0.316151414
1,     0.372580635
1,     0.345346848
1,     0.186515303
1,     0.321409861
1,     0.480617171
1,     0.607886610
1,     0.249595936
1,     0.111605267
1,     0.076748566
1,     0.204956364
1,     0.375038253
1,     0.229272138
1,     0.171756830
1,     0.264356706
1,     0.293948061
1,     0.294767778
1,     0.417261027
1,     0.608096957
1,     0.754202383
1,     0.747473290
1,     0.603239213
1,     0.556810095
1,     0.642109313
1,     0.733022674
1,     0.785760785
1,     0.419365555
1,     0.371675196
1,     0.339114543
1,     0.279728796
1,     0.351663451
1,     0.426652926
1,     0.571972284
1,     0.547505961
1,     0.367578774
1,     0.243631416
1,     0.263676475
1,     0.373764892
1,     0.438516050
1,     0.445069404
1,     0.535491707
1,     0.695090017
1,     0.426549263
1,     0.242839158
1,     0.326119932
1,     0.320440212
1,     0.344084835
1,     0.431677000
1,     0.556589688
1,     0.576324341
1,     0.594160430
1,     0.776455827
1,     0.838374856
1,     0.546471147
1,     0.681388443
1,     0.756267285
1,     0.536658581
1,     0.424001458
1,     0.608696307
1,     0.797381934
1,     0.914996742
1,     0.533823604
1,     0.491063341
1,     0.674457550
1,     0.736090120
1,     0.257423370
1,     0.344052225
1,     0.404718257
1,     0.427105565
1,     0.452987842
1,     0.593664897
1,     0.662190559
1,     0.654343131
1,     0.607406737
1,     0.512828510
1,     0.531098264
1,     0.513759209
1,     0.543036906
1,     0.553626416
1,     0.548529472
1,     0.633075165
1,     0.519117989
1,     0.480121191
1,     0.411548736
1,     0.464587848
1,     0.409771543
1,     0.319929646
1,     0.426145826
1,     0.474723383
1,     0.459943286
1,     0.510725085
1,     0.567111315
1,     0.452867957
1,     0.330688422
1,     0.121972544
1,     0.136580848
1,     0.255565392
1,     0.293261760
1,     0.332327426
1,     0.349927638
1,     0.391453095
1,     0.307407619
1,     0.211772426
1,     0.216381468
1,     0.297532827
1,     0.375006730
1,     0.427232505
1,     0.457199060
1,     0.387190364
1,     0.394076642
1,     0.458061038
1,     0.503513030
1,     0.357509164
1,     0.122748108
1,     0.133996367
1,     0.193048577
1,     0.237216533
1,     0.287777385
1,     0.349776769
1,     0.418531403
1,     0.410406315
1,     0.337454773
1,     0.294040246
1,     0.285917089
1,     0.299900362
1,     0.319713558
1,     0.271664282
1,     0.214489076
1,     0.149278562
1,     0.153500900
1,     0.213659448
1,     0.270727375
1,     0.251361733
1,     0.185529540
1,     0.207221731
1,     0.256231296
1,     0.292277578
1,     0.309203258
1,     0.185724627
1,     0.161197572
1,     0.114462079
1,     0.189348424
1,     0.193328025
1,     0.205585051
1,     0.235075302
1,     0.262099928
1,     0.305180487
1,     0.269150454
1,     0.260194113
1,     0.222650521
1,     0.216919039
1,     0.229334604
1,     0.230899388
1,     0.245514976
1,     0.178632883
1,     0.183469870
1,     0.194967251
1,     0.205120368
1,     0.129003559
1,     0.212801705
1,     0.294520905
1,     0.292130242
1,     0.242438349
1,     0.171718334
1,     0.145755008
1,     0.140950688
1,     0.167153153
1,     0.180086182
1,     0.208840387
1,     0.225672809
1,     0.208812890
1,     0.232564498
1,     0.192346539
1,     0.180798055
1,     0.096268170
1,     0.096873594
1,     0.093683960
1,     0.128301405
1,     0.128886596
1,     0.132413661
1,     0.120064984
1,     0.111848854
1,     0.142025222
1,     0.149512074
1,     0.159914946
1,     0.142101429
1,     0.150717338
1,     0.166338012
1,     0.159662577
1,     0.144349014
1,     0.087115258
1,     0.097527927
1,     0.057670244
1,     0.080815195
1,     0.128654044
1,     0.125578667
1,     0.124976316
1,     0.132199293
1,     0.058794531
1,     0.053247205
1,     0.055816884
1,     0.068465075
1,     0.130941728
1,     0.245957488
1,     0.193139307
1,     0.115600194
1,     0.068326339
1,     0.050514047
1,     0.058857682
1,     0.070509651
1,     0.095124218
1,     0.136298505
1,     0.117493202
1,     0.104997640
1,     0.101033108
1,     0.091343337
1,     0.083925774
1,     0.086353603
1,     0.083334616
1,     0.085792904
1,     0.084201632
1,     0.091669446
1,     0.095926052
1,     0.106810559
1,     0.112096673
1,     0.122126899
1,     0.135152960
1,     0.084478606
1,     0.070375428
1,     0.093631423
1,     0.092312960
1,     0.117003569
1,     0.098568052
1,     0.120300515
1,     0.122747043
1,     0.085441922
1,     0.106204772
1,     0.137407777
1,     0.142945051
1,     0.044597828
1,     0.050112792
1,     0.038117221
1,     0.041348463
1,     0.040549550
1,     0.038493275
1,     0.035070629
1,     0.048729271
1,     0.074106166
1,     0.125413950
1,     0.155341772
1,     0.120872598
1,     0.107010468
1,     0.061997599
1,     0.080728307
1,     0.080762997
1,     0.053482136
1,     0.069063840
1,     0.125885520
1,     0.139578025
1,     0.211992167
1,     0.070640511
1,     0.061743761
1,     0.084871281
1,     0.094763734
1,     0.055831674
1,     0.049060431
1,     0.068607853
1,     0.073987408
1,     0.093294432
1,     0.149000419
1,     0.079001391
1,     0.062727237
1,     0.047386566
1,     0.052083169
1,     0.073864222
1,     0.095013698
1,     0.066910643
1,     0.046452293
1,     0.049416307
1,     0.067018506
1,     0.073877424
1,     0.154580833
1,     0.119227920
1,     0.090635399
1,     0.111819177
1,     0.114980713
1,     0.134710434
1,     0.161252562
1,     0.134758328
1,     0.129204723
1,     0.083418342
1,     0.048088129
1,     0.048815145
1,     0.075916116
1,     0.100549551
1,     0.094752074
1,     0.122761182
1,     0.132391719
1,     0.237379890
1,     0.368519044
1,     0.228543852
1,     0.131443748
1,     0.225123501
1,     0.156432530
1,     0.085868747
1,     0.111617058
1,     0.116310669
1,     0.157903590
1,     0.186216197
1,     0.183746877
1,     0.168546958
1,     0.174571145
1,     0.182604836
1,     0.193268719
1,     0.192279940
1,     0.149663384
1,     0.121545979
1,     0.088079798
1,     0.104006964
