1, 11451.000000000
1, 11452.748659623
1, 11454.170524020
1, 11456.874878176
1, 11459.640409763
1, 11462.462724974
1, 11465.165601366
1, 11467.088679812
1, 11469.547785870
1, 11471.262055595
1, 11472.368739568
1, 11472.664251782
1, 11474.216224570
1, 11476.054797072
1, 11477.093463894
1, 11478.508879286
1, 11479.792739364
1, 11480.538860986
1, 11480.858494354
1, 11480.732536004
1, 11480.482075209
1, 11480.443728274
1, 11481.261959918
1, 11483.751316441
1, 11484.982700079
1, 11486.723068035
1, 11488.995638534
1, 11490.909941163
1, 11492.741839219
1, 11494.075247969
1, 11495.646208439
1, 11496.880661266
1, 11498.994525941
1, 11500.775601275
1, 11502.433130073
1, 11502.882589957
1, 11504.337513033
1, 11505.653081694
1, 11507.302346503
1, 11508.659078754
1, 11510.445144313
1, 11511.844937240
1, 11513.828212614
1, 11516.088993854
1, 11518.322666898
1, 11520.559403780
1, 11522.731545464
1, 11523.269590856
1, 11523.941856222
1, 11525.790116870
1, 11527.248342529
1, 11529.112536242
1, 11531.095886517
1, 11533.817100769
1, 11536.311839369
1, 11538.554188959
1, 11538.757526721
1, 11541.100089296
1, 11543.271789347
1, 11545.084823238
1, 11547.704903674
1, 11550.209802423
1, 11552.187177303
1, 11554.145909583
1, 11555.802349457
1, 11557.742790029
1, 11559.846932150
1, 11561.979541382
1, 11564.309901022
1, 11566.588613670
1, 11568.764028015
1, 11570.723319475
1, 11572.630727826
1, 11574.440142795
1, 11576.122127568
1, 11577.556614141
1, 11578.883604354
1, 11579.399117716
1, 11579.811347941
1, 11581.517995901
1, 11583.323090095
1, 11585.019924711
1, 11586.714846940
1, 11588.002213360
1, 11589.138136749
1, 11589.384420827
1, 11591.165799012
1, 11592.031299546
1, 11593.612447898
1, 11594.989213553
1, 11596.980087792
1, 11598.945222640
1, 11600.888949570
1, 11602.577402777
1, 11604.170264515
1, 11606.077883428
1, 11607.971717387
1, 11609.764791628
1, 11611.491005008
1, 11613.031734995
1, 11612.709489180
1, 11614.214348251
1, 11615.774378379
1, 11616.770663752
1, 11616.654943301
1, 11617.705691964
1, 11618.315542790
1, 11618.763597465
1, 11619.723400543
1, 11621.275124926
1, 11622.586820624
1, 11623.656658560
1, 11624.753815790
1, 11625.914241402
1, 11627.281924154
1, 11628.407424179
1, 11629.836712699
1, 11631.406020803
1, 11632.891508374
1, 11633.995368793
1, 11635.429621024
1, 11636.760572213
1, 11638.035303384
1, 11639.229867158
1, 11640.438359812
1, 11641.298036075
1, 11642.492604309
1, 11643.578934942
1, 11644.520520314
1, 11645.066060193
1, 11646.320517079
1, 11647.344553931
1, 11648.318502257
1, 11648.022557903
1, 11647.976666944
1, 11648.201906511
1, 11648.011913524
1, 11648.069386448
1, 11648.269164446
1, 11648.448482013
1, 11648.136072000
1, 11647.877963785
1, 11647.739971458
1, 11648.488535683
1, 11649.420742119
1, 11650.536947266
1, 11651.556809306
1, 11652.576890395
1, 11653.211877626
1, 11653.875550570
1, 11654.890990607
1, 11655.895242375
1, 11656.868257540
1, 11657.858873095
1, 11658.875494735
1, 11659.869647596
1, 11660.782738134
1, 11661.357155334
1, 11660.535202714
1, 11660.906123858
1, 11660.920058901
1, 11660.923039324
1, 11660.865798402
1, 11660.593787971
1, 11660.375651705
1, 11660.383543574
1, 11660.286934368
1, 11660.266105130
1, 11660.667873664
1, 11661.284910577
1, 11662.288740174
1, 11663.086273029
1, 11663.419386640
1, 11663.696154344
1, 11664.262074096
1, 11665.366260912
1, 11666.176019599
1, 11667.139553335
1, 11667.569039174
1, 11668.418876076
1, 11669.225470427
1, 11670.084419984
1, 11670.850013146
1, 11671.114352564
1, 11671.807218955
1, 11671.638926957
1, 11671.224153630
1, 11671.132621367
1, 11671.566026431
1, 11671.932410337
1, 11672.581469377
1, 11673.641504943
1, 11674.660674390
1, 11675.659567771
1, 11676.695194159
1, 11676.981010775
1, 11678.026059817
1, 11678.279105316
1, 11678.416884372
1, 11679.019390625
1, 11680.035304266
1, 11680.852223235
1, 11682.023925948
1, 11682.861817206
1, 11683.799855098
1, 11684.735729856
1, 11685.690248561
1, 11686.577434182
1, 11687.784390021
1, 11688.881129596
1, 11689.241644663
1, 11690.092313245
1, 11691.333278744
1, 11692.234784255
1, 11693.047979071
1, 11693.141899672
1, 11694.047274937
1, 11695.267032170
1, 11695.319172650
1, 11695.850638226
1, 11697.320165282
1, 11698.755213715
1, 11700.173273684
1, 11701.225861791
1, 11701.258887964
1, 11701.392108512
1, 11702.570946184
1, 11703.959420356
1, 11705.471786909
1, 11706.936907420
1, 11708.359837653
1, 11709.351713892
1, 11710.779468118
1, 11712.178217147
1, 11713.727072173
1, 11715.327249594
1, 11716.938128542
1, 11718.567690118
1, 11720.264826879
1, 11721.986806819
1, 11723.585148899
1, 11723.452624574
1, 11724.036514503
1, 11725.315389431
1, 11727.019851769
1, 11728.855708842
1, 11729.336520235
1, 11730.173402755
1, 11732.010796772
1, 11732.918556582
1, 11733.315463201
1, 11735.013158941
1, 11735.518260391
1, 11737.122750629
1, 11738.893760851
1, 11740.963607990
1, 11743.075924232
1, 11745.238324823
1, 11747.449503819
1, 11747.534113616
1, 11748.641776901
1, 11748.526790619
1, 11749.371253717
1, 11751.663102801
1, 11753.776377307
1, 11755.976130296
1, 11757.405837718
1, 11759.580707886
1, 11761.827978423
1, 11764.295317057
1, 11766.336509695
1, 11767.522780011
1, 11769.401065373
1, 11771.813615717
1, 11774.292036771
1, 11776.874301852
1, 11779.347104632
1, 11780.851909452
1, 11782.804013253
1, 11785.373403001
1, 11786.039776616
1, 11788.084171301
1, 11790.482965584
1, 11791.914366487
1, 11794.309058592
1, 11796.955657382
1, 11798.077312500
1, 11799.182401485
1, 11800.394616392
1, 11802.594304649
1, 11805.240382703
1, 11808.041649018
1, 11810.864364583
1, 11813.784843689
1, 11816.698976941
1, 11819.220186184
1, 11820.267728867
1, 11822.302109199
1, 11825.138962528
1, 11827.800731622
1, 11830.892164125
1, 11833.910608317
1, 11837.090471752
1, 11839.745308480
1, 11843.021704383
1, 11846.273624879
1, 11848.181614115
1, 11851.285560234
1, 11853.339685686
1, 11856.627642203
1, 11859.994433113
1, 11862.940737966
1, 11865.436147819
1, 11867.726297948
1, 11869.762450976
1, 11872.602942085
1, 11874.966631468
1, 11878.137708720
1, 11881.403370094
1, 11884.386229311
1, 11887.498791428
1, 11890.077274546
1, 11891.958372486
1, 11892.893551330
1, 11893.444121674
1, 11896.472240080
1, 11899.269573113
1, 11901.678086483
1, 11903.182083716
1, 11903.840534179
1, 11905.186237897
1, 11907.299584305
1, 11909.662573052
1, 11911.830812787
1, 11914.194284836
1, 11917.479482213
1, 11920.698740108
1, 11922.557331460
1, 11925.864232406
1, 11926.270998931
1, 11928.117794244
1, 11931.685520904
1, 11935.123586495
1, 11936.301435659
1, 11938.744530562
1, 11942.582920858
1, 11946.438537841
1, 11950.285760879
1, 11953.753937119
1, 11956.135170927
1, 11957.125957600
1, 11957.692579701
1, 11958.237557302
1, 11960.789967819
1, 11962.793472635
1, 11963.881236231
1, 11964.302235773
1, 11966.475901359
1, 11968.707440868
1, 11970.876982731
1, 11973.023966003
1, 11974.913394963
1, 11976.600787103
1, 11977.667130710
1, 11978.593795015
1, 11979.082034192
1, 11980.790484844
1, 11984.144666923
1, 11987.563727273
1, 11990.878429216
1, 11993.666494249
1, 11995.612637428
1, 11996.001010252
1, 11997.441609189
1, 11999.763034152
1, 12001.289692837
1, 12003.016411636
1, 12004.392168508
1, 12005.018960946
1, 12005.415570830
1, 12005.674191743
1, 12005.798026000
1, 12005.166339444
1, 12003.673555203
1, 12003.604508785
1, 12003.098392854
1, 12002.108198817
1, 12001.918289251
1, 12002.032157325
1, 12001.706526221
1, 12000.403743185
1, 11998.079899353
1, 11997.893465775
1, 11998.107297496
1, 11997.854168999
1, 11996.650152345
1, 11997.863572905
1, 11998.526882982
1, 11998.998279137
1, 11999.312358709
1, 11999.552393137
1, 11999.260862473
1, 11998.545518771
1, 11998.067257530
1, 11997.711517205
1, 11997.993776810
1, 11999.964644950
1, 12001.913222460
1, 12003.467665808
1, 12004.445869389
1, 12005.707241181
1, 12006.383263532
1, 12007.179123360
1, 12008.620597167
1, 12010.342061476
1, 12011.450040165
1, 12012.509514986
1, 12012.267182421
1, 12013.054923644
1, 12015.306219035
1, 12017.994273705
1, 12020.280505365
1, 12022.346450947
1, 12023.807641101
1, 12024.654117140
1, 12026.197380448
1, 12029.099557691
1, 12032.055296354
1, 12034.287809491
1, 12036.704106103
1, 12038.706111218
1, 12040.701837769
1, 12042.569990988
1, 12044.270688203
1, 12045.743750537
1, 12047.672517706
1, 12050.083512661
1, 12051.992956174
1, 12053.530550998
1, 12055.446073184
1, 12056.818532031
1, 12058.097567153
1, 12059.069297998
1, 12060.136002117
1, 12061.148796657
1, 12063.538520047
1, 12065.659090440
1, 12067.661728221
1, 12069.660019588
1, 12071.335976899
1, 12072.954280250
1, 12074.183821470
1, 12075.262418998
1, 12077.024485628
1, 12078.899342374
1, 12080.354911650
1, 12081.496745324
1, 12081.454881955
1, 12083.376425584
1, 12085.082474659
1, 12087.310208897
1, 12089.437301291
1, 12091.334490046
1, 12091.757164374
1, 12093.709697512
1, 12095.495634226
1, 12097.075138518
1, 12098.393031758
1, 12098.182617975
1, 12099.288386422
1, 12099.570817615
1, 12101.572691783
1, 12103.574815498
1, 12105.564866744
1, 12107.377376100
1, 12109.275543649
1, 12111.114103457
1, 12112.539297756
1, 12114.213369807
1, 12115.515270318
1, 12116.786564341
1, 12118.386726506
1, 12119.039008513
1, 12119.597826228
1, 12121.232157666
1, 12122.961472182
1, 12124.109389996
1, 12125.755883288
1, 12127.420514818
1, 12129.065075392
1, 12130.640548087
1, 12132.093799928
1, 12133.347311952
1, 12134.583502828
1, 12134.996568380
1, 12136.382582401
1, 12137.423236705
1, 12137.999912957
1, 12139.178431967
1, 12139.970053811
1, 12140.581135470
1, 12141.185829396
1, 12142.035423511
1, 12141.973534757
1, 12142.221978900
1, 12141.964513486
1, 12142.237964290
1, 12143.242367655
1, 12144.504969706
1, 12144.999577043
1, 12146.253532521
1, 12147.488576912
1, 12148.720736084
1, 12149.762399843
1, 12150.930801823
1, 12152.240126244
1, 12153.471337484
1, 12153.250734959
1, 12153.471276241
1, 12153.958116123
1, 12154.245224103
1, 12154.157161574
1, 12155.007416179
1, 12155.134135505
1, 12156.107797218
1, 12157.260984453
1, 12158.327708567
1, 12159.283527589
1, 12160.212229468
1, 12160.813128069
1, 12160.731681879
1, 12160.833317550
1, 12161.051174449
1, 12162.165871769
1, 12163.291895476
1, 12164.449776369
1, 12165.527623367
1, 12165.519118292
1, 12165.425088756
1, 12166.108887550
1, 12166.945239155
1, 12167.833260135
1, 12168.592713404
1, 12168.178003573
1, 12168.404751356
1, 12168.306867126
1, 12168.546254439
1, 12169.241656592
1, 12170.017323031
1, 12170.696228607
1, 12171.753938038
1, 12172.141536160
1, 12172.592389635
1, 12173.532663630
1, 12174.018223183
1, 12175.199230489
1, 12176.250452343
1, 12175.961652828
1, 12176.135204174
1, 12177.015786695
1, 12178.166559551
1, 12179.300485084
1, 12179.524569047
1, 12180.798035923
1, 12182.118202527
1, 12183.434520138
1, 12184.337817977
1, 12184.978474712
1, 12185.411654704
1, 12185.073036348
1, 12185.042199709
1, 12184.933715099
1, 12185.396147296
1, 12185.990164235
1, 12186.776074733
1, 12186.926086583
1, 12187.563278168
1, 12188.666776563
1, 12189.984441916
1, 12191.460207011
1, 12193.010423967
1, 12194.334307208
1, 12194.144282970
1, 12194.634320378
1, 12195.335544395
1, 12196.029276768
1, 12196.964828619
1, 12198.402796311
1, 12199.997390946
1, 12200.393829561
1, 12199.606946209
1, 12200.015170519
1, 12201.587489813
1, 12203.133975912
1, 12203.850819946
1, 12204.642858841
1, 12205.778125004
1, 12207.401012906
1, 12208.410273633
1, 12208.474888006
1, 12209.033820885
1, 12208.613162638
1, 12208.912763932
1, 12209.921162608
1, 12210.907456214
1, 12212.026855533
1, 12213.860127184
1, 12214.151351434
1, 12214.860680810
1, 12216.376870506
1, 12218.146202482
1, 12219.723804061
1, 12221.995096693
1, 12223.717834645
1, 12223.975500069
1, 12226.221310587
1, 12228.523292564
1, 12230.459764337
1, 12232.215293210
1, 12233.690344565
1, 12234.548469715
1, 12235.876452805
1, 12236.088738777
1, 12236.718256399
1, 12237.356309068
1, 12237.873115646
1, 12238.918330964
1, 12240.107108714
1, 12242.755110243
1, 12244.523806026
1, 12246.439211728
1, 12247.078886131
1, 12248.462275714
1, 12249.837263063
1, 12251.942489707
1, 12252.511917848
1, 12255.202299967
1, 12256.772448414
1, 12259.642806774
1, 12259.935033074
1, 12260.457549907
1, 12262.486694449
1, 12263.355865080
1, 12264.627963444
1, 12266.660026696
1, 12269.401584905
1, 12270.238112984
1, 12272.996852849
1, 12274.228329063
