1,  1150.764770000
1,  1150.705159617
1,  1150.728454966
1,  1150.780317826
1,  1150.837925676
1,  1150.880242966
1,  1150.913382277
1,  1150.981590360
1,  1151.060022837
1,  1151.103430085
1,  1151.110733571
1,  1151.081290695
1,  1151.088916658
1,  1151.153403661
1,  1151.205047696
1,  1151.264392250
1,  1151.336989375
1,  1151.389519029
1,  1151.413392372
1,  1151.398019222
1,  1151.349062580
1,  1151.308005467
1,  1151.229118593
1,  1151.146531740
1,  1151.073645490
1,  1151.016652906
1,  1150.937869588
1,  1150.839130650
1,  1150.756845691
1,  1150.698666515
1,  1150.655578395
1,  1150.580733005
1,  1150.516229105
1,  1150.445159225
1,  1150.367202999
1,  1150.352720452
1,  1150.402332339
1,  1150.465668022
1,  1150.515949814
1,  1150.570694998
1,  1150.643090904
1,  1150.731150485
1,  1150.826705631
1,  1150.891725666
1,  1150.928125182
1,  1150.931179225
1,  1150.919760967
1,  1150.920592110
1,  1150.928982906
1,  1150.920807428
1,  1150.914737408
1,  1150.912590439
1,  1150.935486342
1,  1150.972611386
1,  1150.982133102
1,  1150.969842197
1,  1150.977375485
1,  1150.974857877
1,  1150.958647105
1,  1150.974652725
1,  1151.011271068
1,  1151.032813973
1,  1151.039859382
1,  1151.036099453
1,  1151.024949083
1,  1150.997316577
1,  1150.958450160
1,  1150.943939801
1,  1150.948412940
1,  1150.958471361
1,  1150.959739408
1,  1150.943438945
1,  1150.937551892
1,  1150.931763646
1,  1150.934940166
1,  1150.942384183
1,  1150.940467438
1,  1150.902392682
1,  1150.838118538
1,  1150.825726071
1,  1150.854349169
1,  1150.900229946
1,  1150.948170968
1,  1150.987569891
1,  1151.002458294
1,  1150.985845409
1,  1151.001222002
1,  1151.017750203
1,  1151.028525454
1,  1151.055905579
1,  1151.081704323
1,  1151.093869446
1,  1151.098586159
1,  1151.113271174
1,  1151.137061750
1,  1151.183610770
1,  1151.223219618
1,  1151.255280742
1,  1151.290411329
1,  1151.316556147
1,  1151.349681154
1,  1151.376875253
1,  1151.395632088
1,  1151.426757265
1,  1151.492735005
1,  1151.564537839
1,  1151.639728620
1,  1151.708467490
1,  1151.773394939
1,  1151.832621972
1,  1151.895999020
1,  1151.964494355
1,  1152.028185739
1,  1152.084028556
1,  1152.132890155
1,  1152.176373468
1,  1152.244467006
1,  1152.348444022
1,  1152.466826245
1,  1152.593799971
1,  1152.723960177
1,  1152.850874735
1,  1152.979290427
1,  1153.107561243
1,  1153.235880496
1,  1153.373128367
1,  1153.512360042
1,  1153.644246660
1,  1153.767911738
1,  1153.905570930
1,  1154.053391623
1,  1154.202016639
1,  1154.347307231
1,  1154.502143449
1,  1154.662604773
1,  1154.824161356
1,  1154.974526347
1,  1155.153361033
1,  1155.353537087
1,  1155.571109021
1,  1155.804094503
1,  1156.036801820
1,  1156.269549523
1,  1156.495712584
1,  1156.716188376
1,  1156.932991953
1,  1157.146412601
1,  1157.359102968
1,  1157.576162742
1,  1157.798571906
1,  1158.019829922
1,  1158.242238934
1,  1158.467537399
1,  1158.685403114
1,  1158.892533129
1,  1159.088611950
1,  1159.273461381
1,  1159.455016285
1,  1159.640515071
1,  1159.843041556
1,  1160.065997016
1,  1160.291893458
1,  1160.522071433
1,  1160.757424599
1,  1160.997098951
1,  1161.244448895
1,  1161.488415316
1,  1161.728053336
1,  1161.971033301
1,  1162.217897496
1,  1162.457621079
1,  1162.692565203
1,  1162.937404517
1,  1163.187150086
1,  1163.437514177
1,  1163.683703852
1,  1163.927044889
1,  1164.172530594
1,  1164.428192693
1,  1164.689577580
1,  1164.951012398
1,  1165.206610226
1,  1165.464327667
1,  1165.727330212
1,  1165.994347930
1,  1166.269086700
1,  1166.542250962
1,  1166.817647980
1,  1167.088462676
1,  1167.358738928
1,  1167.624280486
1,  1167.889809602
1,  1168.147616613
1,  1168.403011633
1,  1168.650016977
1,  1168.899991779
1,  1169.150561104
1,  1169.406306422
1,  1169.673562973
1,  1169.941088235
1,  1170.189613340
1,  1170.435287345
1,  1170.687620923
1,  1170.941436809
1,  1171.193568800
1,  1171.445473824
1,  1171.708900230
1,  1171.971604544
1,  1172.223000599
1,  1172.463097476
1,  1172.702160948
1,  1172.941133559
1,  1173.175428905
1,  1173.406842206
1,  1173.641588976
1,  1173.885620669
1,  1174.135762823
1,  1174.383978464
1,  1174.636228887
1,  1174.891117641
1,  1175.134243189
1,  1175.365366035
1,  1175.597837734
1,  1175.816721261
1,  1176.061944645
1,  1176.331753227
1,  1176.605313809
1,  1176.872112055
1,  1177.123880676
1,  1177.368365067
1,  1177.606225131
1,  1177.849266894
1,  1178.098115902
1,  1178.347359528
1,  1178.592338758
1,  1178.835228588
1,  1179.079258752
1,  1179.322452438
1,  1179.561401903
1,  1179.796682468
1,  1180.029503028
1,  1180.267782026
1,  1180.514889074
1,  1180.756509595
1,  1180.983769694
1,  1181.203053533
1,  1181.422258946
1,  1181.644763345
1,  1181.859487430
1,  1182.066890599
1,  1182.290496804
1,  1182.522407122
1,  1182.763490644
1,  1183.011354355
1,  1183.257940824
1,  1183.491461777
1,  1183.713404570
1,  1183.920110966
1,  1184.110329879
1,  1184.308657499
1,  1184.525807741
1,  1184.770568985
1,  1185.028439087
1,  1185.282496122
1,  1185.513358953
1,  1185.716936812
1,  1185.908872689
1,  1186.088629010
1,  1186.264340517
1,  1186.450518476
1,  1186.636123268
1,  1186.842569862
1,  1187.079137826
1,  1187.304638662
1,  1187.518089432
1,  1187.712520075
1,  1187.880926492
1,  1188.040215677
1,  1188.214462936
1,  1188.384205847
1,  1188.545460767
1,  1188.708993735
1,  1188.891846286
1,  1189.082367008
1,  1189.270930250
1,  1189.455898812
1,  1189.642240938
1,  1189.855641967
1,  1190.077220976
1,  1190.276800166
1,  1190.459140296
1,  1190.633582882
1,  1190.798513110
1,  1190.969380359
1,  1191.137932028
1,  1191.313570363
1,  1191.507184458
1,  1191.733054598
1,  1191.937522942
1,  1192.133507923
1,  1192.331067272
1,  1192.522146684
1,  1192.690982157
1,  1192.826581509
1,  1192.947264844
1,  1193.064962297
1,  1193.168884979
1,  1193.264652537
1,  1193.407105106
1,  1193.563741373
1,  1193.698991076
1,  1193.795077671
1,  1193.855635926
1,  1193.906991837
1,  1193.945331329
1,  1193.994298511
1,  1194.025289396
1,  1194.070884776
1,  1194.146258541
1,  1194.213842160
1,  1194.287889121
1,  1194.347804121
1,  1194.372977572
1,  1194.373825364
1,  1194.404012908
1,  1194.459410059
1,  1194.509915235
1,  1194.540380966
1,  1194.550039478
1,  1194.554826489
1,  1194.546604910
1,  1194.567551258
1,  1194.593886467
1,  1194.626485167
1,  1194.697514099
1,  1194.766042188
1,  1194.800526847
1,  1194.807499197
1,  1194.848756590
1,  1194.958791230
1,  1195.123117562
1,  1195.271964452
1,  1195.371599183
1,  1195.471571583
1,  1195.605835727
1,  1195.721589611
1,  1195.809713505
1,  1195.897764958
1,  1195.971920276
1,  1196.005816280
1,  1195.988631990
1,  1195.938471094
1,  1195.873236762
1,  1195.813387946
1,  1195.748098657
1,  1195.663994426
1,  1195.562259622
1,  1195.505666679
1,  1195.496597474
1,  1195.508484459
1,  1195.561851177
1,  1195.626128196
1,  1195.674977823
1,  1195.685912395
1,  1195.688992853
1,  1195.711628529
1,  1195.738084716
1,  1195.787926417
1,  1195.824466282
1,  1195.849316788
1,  1195.874792678
1,  1195.891681143
1,  1195.870384776
1,  1195.864898978
1,  1195.930721495
1,  1195.996455028
1,  1196.075128800
1,  1196.163922460
1,  1196.230691332
1,  1196.267847263
1,  1196.284871050
1,  1196.287445674
1,  1196.249312524
1,  1196.161665495
1,  1196.112530379
1,  1196.070606198
1,  1195.999950187
1,  1195.955268340
1,  1195.963887181
1,  1195.964156861
1,  1195.915292354
1,  1195.808748642
1,  1195.744962316
1,  1195.722017174
1,  1195.683122102
1,  1195.610594837
1,  1195.620566233
1,  1195.659185074
1,  1195.690115010
1,  1195.713645119
1,  1195.729046520
1,  1195.717131038
1,  1195.686279134
1,  1195.646229573
1,  1195.600382421
1,  1195.580286386
1,  1195.461991774
1,  1195.368898776
1,  1195.282460603
1,  1195.209306020
1,  1195.146063070
1,  1195.066942670
1,  1195.004654287
1,  1194.951834712
1,  1194.929938576
1,  1194.906501839
1,  1194.909295842
1,  1194.881606987
1,  1194.866029334
1,  1194.831375094
1,  1194.786094724
1,  1194.731205753
1,  1194.662953185
1,  1194.596820271
1,  1194.572912365
1,  1194.625362558
1,  1194.717020378
1,  1194.794044027
1,  1194.857112355
1,  1194.916399246
1,  1194.973060347
1,  1195.024869969
1,  1195.071377560
1,  1195.153549045
1,  1195.257776216
1,  1195.354811825
1,  1195.436868183
1,  1195.506046739
1,  1195.565112150
1,  1195.626576568
1,  1195.691107641
1,  1195.744654483
1,  1195.777032452
1,  1195.819289395
1,  1195.895566133
1,  1196.016723144
1,  1196.145760778
1,  1196.272940798
1,  1196.397913951
1,  1196.515112367
1,  1196.613686240
1,  1196.701521510
1,  1196.784369446
1,  1196.863518668
1,  1196.951609330
1,  1197.054559621
1,  1197.164079804
1,  1197.281098371
1,  1197.402240498
1,  1197.554933458
1,  1197.725764891
1,  1197.894952736
1,  1198.057077586
1,  1198.220815730
1,  1198.396056269
1,  1198.576222822
1,  1198.751057436
1,  1198.918569950
1,  1199.069995317
1,  1199.196383061
1,  1199.347803331
1,  1199.519837650
1,  1199.688052387
1,  1199.851509879
1,  1200.016511455
1,  1200.176920909
1,  1200.332183000
1,  1200.482565420
1,  1200.633904025
1,  1200.791956820
1,  1200.961735446
1,  1201.140349123
1,  1201.305627312
1,  1201.453074127
1,  1201.596734126
1,  1201.750389192
1,  1201.915678995
1,  1202.087885317
1,  1202.259487474
1,  1202.452306823
1,  1202.646514171
1,  1202.827452626
1,  1203.000440742
1,  1203.182540276
1,  1203.373116493
1,  1203.571412952
1,  1203.785758062
1,  1204.003559621
1,  1204.218143979
1,  1204.429019084
1,  1204.633737848
1,  1204.838250122
1,  1205.042305598
1,  1205.244153055
1,  1205.428831092
1,  1205.648929471
1,  1205.894399523
1,  1206.148066772
1,  1206.396881743
1,  1206.644312711
1,  1206.889876813
1,  1207.134304853
1,  1207.380409683
1,  1207.622409610
1,  1207.858274281
1,  1208.090428069
1,  1208.320228554
1,  1208.555643693
1,  1208.795402803
1,  1209.034202358
1,  1209.275131803
1,  1209.534364360
1,  1209.809180676
1,  1210.090758525
1,  1210.373008335
1,  1210.657310823
1,  1210.944467155
1,  1211.232514394
1,  1211.510104746
1,  1211.792662059
1,  1212.083353119
1,  1212.372653885
1,  1212.660854395
1,  1212.949198449
1,  1213.237064915
1,  1213.526082015
1,  1213.817831223
1,  1214.114688712
1,  1214.417926506
1,  1214.722750725
1,  1215.028022696
1,  1215.333501736
1,  1215.638811783
1,  1215.942523590
1,  1216.245532241
1,  1216.548812572
1,  1216.852793319
1,  1217.157187644
1,  1217.462986708
1,  1217.769199795
1,  1218.075649268
1,  1218.383264215
1,  1218.690514256
1,  1218.997088708
1,  1219.302655989
1,  1219.607287531
1,  1219.911045548
1,  1220.212017757
1,  1220.509946576
1,  1220.814061794
1,  1221.118766383
1,  1221.421911783
1,  1221.721773826
1,  1222.017859857
1,  1222.308575228
1,  1222.593765626
1,  1222.884084776
1,  1223.176049276
1,  1223.463068812
1,  1223.743709892
1,  1224.041445290
1,  1224.345221300
1,  1224.650738326
1,  1224.960570117
1,  1225.271992483
1,  1225.584555796
1,  1225.897530675
1,  1226.209966944
1,  1226.521764473
1,  1226.833065179
1,  1227.143603533
1,  1227.454291836
1,  1227.765228392
1,  1228.077421758
1,  1228.389472198
1,  1228.701736573
1,  1229.014670863
1,  1229.328209372
1,  1229.640387359
1,  1229.951979833
1,  1230.263273543
1,  1230.573877151
1,  1230.887038184
1,  1231.199589233
1,  1231.511858768
1,  1231.825090479
1,  1232.139177790
1,  1232.452917485
1,  1232.766324766
1,  1233.079405948
1,  1233.391809259
1,  1233.704731767
1,  1234.018502025
1,  1234.333103571
1,  1234.647913779
1,  1234.961953504
1,  1235.275385793
1,  1235.589144284
1,  1235.904421780
1,  1236.219282282
1,  1236.533362198
1,  1236.847440634
1,  1237.160096965
1,  1237.469976866
1,  1237.778715245
1,  1238.086862502
1,  1238.394568815
1,  1238.701637927
1,  1239.007524770
1,  1239.313202639
1,  1239.618975083
1,  1239.926640009
1,  1240.238536216
1,  1240.552481976
1,  1240.865819237
1,  1241.177503058
1,  1241.486266036
1,  1241.793041844
1,  1242.099081652
1,  1242.403551581
1,  1242.706883867
1,  1243.009732649
1,  1243.312544204
1,  1243.615371438
1,  1243.918216998
1,  1244.222598410
1,  1244.529915013
1,  1244.835938424
1,  1245.141910366
1,  1245.447601553
1,  1245.752771908
1,  1246.056427159
1,  1246.360368601
1,  1246.653869343
1,  1246.928756917
1,  1247.187561834
1,  1247.448218635
1,  1247.709285391
1,  1247.982567494
