1,   311.809232100
1,   312.012298124
1,   312.187137409
1,   312.352533800
1,   312.516454396
1,   312.686312980
1,   312.859994870
1,   313.021805031
1,   313.180478167
1,   313.352168221
1,   313.537361324
1,   313.736401912
1,   313.922763422
1,   314.089167758
1,   314.260757179
1,   314.430075526
1,   314.595076914
1,   314.767930099
1,   314.951847844
1,   315.150824722
1,   315.362899097
1,   315.572794014
1,   315.797522064
1,   316.024482786
1,   316.248689195
1,   316.467747089
1,   316.695850554
1,   316.932400397
1,   317.163604727
1,   317.386468768
1,   317.604346152
1,   317.835216647
1,   318.062937297
1,   318.294036496
1,   318.528659395
1,   318.739362817
1,   318.925640992
1,   319.107077426
1,   319.294172026
1,   319.480055442
1,   319.659486529
1,   319.833207411
1,   320.004415877
1,   320.188277985
1,   320.384127601
1,   320.593955142
1,   320.810282567
1,   321.022372886
1,   321.232049918
1,   321.449087892
1,   321.665961740
1,   321.881913897
1,   322.088282282
1,   322.289426317
1,   322.502552595
1,   322.725359569
1,   322.940660623
1,   323.160767111
1,   323.387274332
1,   323.601028296
1,   323.806774936
1,   324.019469635
1,   324.238919459
1,   324.463604852
1,   324.692116632
1,   324.928344235
1,   325.170116022
1,   325.402245954
1,   325.626949425
1,   325.849929478
1,   326.077371338
1,   326.313105029
1,   326.545043008
1,   326.777637184
1,   327.007014509
1,   327.235197088
1,   327.468148708
1,   327.717699941
1,   327.979574133
1,   328.219285999
1,   328.441490237
1,   328.656626132
1,   328.871419957
1,   329.090611454
1,   329.321387684
1,   329.566976784
1,   329.798826557
1,   330.030803945
1,   330.266017886
1,   330.494334902
1,   330.723985647
1,   330.960498692
1,   331.201087279
1,   331.437774182
1,   331.670916403
1,   331.894173810
1,   332.121228486
1,   332.352385994
1,   332.582729728
1,   332.817871923
1,   333.050373256
1,   333.286223114
1,   333.526659042
1,   333.761908775
1,   333.981297263
1,   334.198428604
1,   334.414466168
1,   334.634069605
1,   334.855997668
1,   335.081176490
1,   335.304921213
1,   335.526748836
1,   335.751410537
1,   335.980390611
1,   336.213297385
1,   336.449382573
1,   336.674100516
1,   336.881892613
1,   337.083124854
1,   337.280594303
1,   337.476914405
1,   337.675238822
1,   337.873242624
1,   338.071731445
1,   338.270609255
1,   338.465487770
1,   338.659773897
1,   338.858098834
1,   339.060917227
1,   339.257185049
1,   339.448766812
1,   339.640329173
1,   339.833938348
1,   340.023139940
1,   340.209850158
1,   340.396341088
1,   340.588815129
1,   340.767247768
1,   340.935179350
1,   341.094562034
1,   341.246361877
1,   341.398513659
1,   341.550857304
1,   341.706774789
1,   341.865843299
1,   342.027049606
1,   342.190258691
1,   342.354115545
1,   342.516001676
1,   342.675394012
1,   342.835631993
1,   342.995538604
1,   343.154212698
1,   343.316991511
1,   343.485605643
1,   343.660245520
1,   343.841030913
1,   344.023854691
1,   344.204940091
1,   344.377404234
1,   344.539452472
1,   344.700198205
1,   344.858930785
1,   345.015169410
1,   345.169347380
1,   345.319687801
1,   345.472019787
1,   345.626848078
1,   345.780122592
1,   345.931558966
1,   346.087008403
1,   346.245240844
1,   346.398448356
1,   346.549258336
1,   346.699948500
1,   346.853087467
1,   347.007988006
1,   347.161972538
1,   347.310728540
1,   347.456615564
1,   347.602685801
1,   347.752111328
1,   347.900612136
1,   348.046471173
1,   348.190352470
1,   348.330250858
1,   348.471172117
1,   348.611045749
1,   348.753581513
1,   348.896600228
1,   349.042389273
1,   349.188388135
1,   349.338821213
1,   349.490798233
1,   349.647600105
1,   349.803013322
1,   349.958317791
1,   350.111010544
1,   350.257569996
1,   350.404171228
1,   350.561469406
1,   350.720584554
1,   350.876250504
1,   351.031333052
1,   351.187579204
1,   351.344185311
1,   351.494609770
1,   351.645655044
1,   351.803231670
1,   351.967368187
1,   352.132341023
1,   352.297605608
1,   352.465749766
1,   352.635785597
1,   352.804212098
1,   352.967663580
1,   353.127892154
1,   353.289448642
1,   353.448971004
1,   353.607211725
1,   353.772352111
1,   353.944580050
1,   354.116323918
1,   354.296094771
1,   354.461123437
1,   354.612323139
1,   354.761566616
1,   354.914898854
1,   355.077083817
1,   355.243708826
1,   355.414410278
1,   355.582401398
1,   355.747297842
1,   355.912224534
1,   356.079875112
1,   356.249003984
1,   356.417744401
1,   356.587242387
1,   356.759482680
1,   356.934142492
1,   357.110526648
1,   357.284013461
1,   357.452572905
1,   357.624586203
1,   357.805289090
1,   357.990979645
1,   358.177037191
1,   358.361436448
1,   358.550713432
1,   358.744644088
1,   358.929306364
1,   359.109323969
1,   359.284195716
1,   359.455288743
1,   359.627409828
1,   359.807588217
1,   359.994977105
1,   360.191792452
1,   360.398824783
1,   360.601385105
1,   360.792963582
1,   360.968256750
1,   361.135889251
1,   361.306052075
1,   361.490485344
1,   361.691712198
1,   361.900344354
1,   362.116718920
1,   362.335954983
1,   362.549245707
1,   362.763287732
1,   362.965012965
1,   363.148673455
1,   363.339397346
1,   363.537829528
1,   363.748277516
1,   363.975098070
1,   364.207965364
1,   364.432046509
1,   364.659319258
1,   364.892276669
1,   365.124225255
1,   365.344628672
1,   365.560676493
1,   365.778306773
1,   365.998572276
1,   366.218390836
1,   366.421665913
1,   366.620137727
1,   366.832696214
1,   367.056441574
1,   367.285565320
1,   367.521111405
1,   367.753369982
1,   367.987536460
1,   368.217672071
1,   368.436848309
1,   368.635914582
1,   368.848891667
1,   369.067643980
1,   369.285784527
1,   369.508458480
1,   369.745750647
1,   370.004763129
1,   370.273847954
1,   370.545415801
1,   370.826413692
1,   371.113229969
1,   371.370536592
1,   371.619156517
1,   371.882111354
1,   372.171000173
1,   372.483584486
1,   372.802846292
1,   373.131301749
1,   373.453540019
1,   373.788273699
1,   374.114178776
1,   374.421242838
1,   374.734103325
1,   375.043373088
1,   375.362648387
1,   375.705617209
1,   376.065480666
1,   376.406613450
1,   376.731634917
1,   377.060620808
1,   377.403714457
1,   377.761495172
1,   378.123314822
1,   378.494640885
1,   378.847103748
1,   379.196673105
1,   379.542741596
1,   379.863461429
1,   380.186505001
1,   380.533375248
1,   380.899742914
1,   381.243457068
1,   381.540825264
1,   381.801452224
1,   382.073108039
1,   382.379074861
1,   382.685396980
1,   382.968593302
1,   383.265052202
1,   383.581181161
1,   383.897986677
1,   384.225057397
1,   384.580745340
1,   384.972693843
1,   385.388435800
1,   385.815584232
1,   386.239873319
1,   386.668935636
1,   387.112177987
1,   387.568816128
1,   387.994575684
1,   388.387625135
1,   388.766605034
1,   389.116858279
1,   389.459977913
1,   389.814678917
1,   390.197050621
1,   390.585725073
1,   390.961102429
1,   391.334377640
1,   391.691521702
1,   392.058898972
1,   392.435394887
1,   392.812158835
1,   393.195829872
1,   393.607839697
1,   394.009115727
1,   394.359309705
1,   394.710155527
1,   395.052132966
1,   395.387265283
1,   395.738996736
1,   396.112924027
1,   396.502189560
1,   396.902686296
1,   397.333765180
1,   397.802038812
1,   398.242726640
1,   398.678853196
1,   399.136985074
1,   399.576638355
1,   399.977430422
1,   400.385053708
1,   400.829917920
1,   401.318549885
1,   401.776024701
1,   402.203674856
1,   402.643975386
1,   403.110256201
1,   403.515176226
1,   403.899126679
1,   404.289429430
1,   404.685882615
1,   405.089055160
1,   405.513517714
1,   405.952979290
1,   406.400083163
1,   406.852277776
1,   407.285518653
1,   407.794426803
1,   408.284996976
1,   408.771341209
1,   409.248326501
1,   409.718472003
1,   410.201609397
1,   410.672541915
1,   411.136897287
1,   411.578062724
1,   412.021092386
1,   412.444422721
1,   412.892022249
1,   413.330807217
1,   413.785064440
1,   414.248314226
1,   414.719810482
1,   415.202505986
1,   415.684307753
1,   416.133724434
1,   416.523783926
1,   416.883503001
1,   417.255208990
1,   417.638406333
1,   418.025080622
1,   418.414335679
1,   418.807922589
1,   419.206210250
1,   419.576753177
1,   419.930244714
1,   420.289839832
1,   420.661760522
1,   421.044390093
1,   421.435542043
1,   421.825255999
1,   422.213006400
1,   422.609988633
1,   423.024371952
1,   423.431348049
1,   423.811545593
1,   424.156161044
1,   424.494847746
1,   424.835404765
1,   425.178113299
1,   425.527461201
1,   425.892197796
1,   426.266004730
1,   426.644250638
1,   427.025900610
1,   427.400762854
1,   427.764026819
1,   428.122360492
1,   428.474983700
1,   428.824575733
1,   429.148908657
1,   429.458816741
1,   429.770386687
1,   430.088033926
1,   430.404691023
1,   430.712231046
1,   431.016058765
1,   431.324542221
1,   431.639312764
1,   431.967550557
1,   432.316564773
1,   432.645406309
1,   432.957615541
1,   433.273280982
1,   433.593181743
1,   433.912144516
1,   434.235211461
1,   434.562853398
1,   434.894858806
1,   435.226406969
1,   435.552749730
1,   435.869716320
1,   436.179673113
1,   436.500970828
1,   436.837326801
1,   437.177129239
1,   437.508988402
1,   437.831524232
1,   438.148612873
1,   438.466516652
1,   438.767067777
1,   439.066747351
1,   439.377773215
1,   439.695729297
1,   440.006374741
1,   440.310221310
1,   440.607853684
1,   440.892322620
1,   441.174133594
1,   441.458857315
1,   441.746936064
1,   442.040416740
1,   442.334306584
1,   442.628816630
1,   442.925430875
1,   443.236714600
1,   443.518406324
1,   443.778890782
1,   444.032632732
1,   444.290661975
1,   444.550067229
1,   444.811229659
1,   445.073564054
1,   445.334691880
1,   445.599506653
1,   445.869729091
1,   446.143320008
1,   446.419140381
1,   446.690427350
1,   446.958194171
1,   447.226958371
1,   447.494103936
1,   447.745852915
1,   447.984476303
1,   448.217504509
1,   448.450091810
1,   448.681092646
1,   448.909827511
1,   449.137965666
1,   449.375198597
1,   449.608354692
1,   449.834704875
1,   450.062362362
1,   450.291088364
1,   450.519823727
1,   450.749136196
1,   450.977630754
1,   451.203950071
1,   451.426046930
1,   451.642778710
1,   451.858253875
1,   452.073480320
1,   452.288670895
1,   452.504151498
1,   452.721148789
1,   452.938847922
1,   453.156434940
1,   453.373527144
1,   453.590384688
1,   453.806169344
1,   454.021738594
1,   454.237241953
1,   454.451890820
1,   454.666981744
1,   454.882787095
1,   455.099614810
1,   455.317386860
1,   455.536078572
1,   455.757345694
1,   455.981363354
1,   456.200137946
1,   456.418552454
1,   456.638485287
1,   456.861438552
1,   457.087810397
1,   457.319037686
1,   457.555265822
1,   457.787214360
1,   458.017897914
1,   458.253056904
1,   458.493943715
1,   458.720022605
1,   458.940944735
1,   459.160459897
1,   459.376335173
1,   459.590955742
1,   459.804721224
1,   460.018244327
1,   460.232377825
1,   460.447229424
1,   460.662684387
1,   460.878983510
1,   461.095329226
1,   461.311626112
1,   461.526925613
1,   461.742485983
1,   461.958001787
1,   462.173070704
1,   462.387759669
1,   462.603822210
1,   462.820582788
1,   463.037741016
1,   463.255595775
1,   463.471324339
1,   463.687772849
1,   463.904650745
1,   464.120823509
1,   464.336387400
1,   464.552422302
1,   464.768935340
1,   464.985896907
1,   465.203581973
1,   465.420947963
1,   465.637662340
1,   465.853767816
1,   466.069846380
1,   466.286769229
1,   466.504397977
1,   466.721930427
1,   466.938239372
1,   467.155067855
1,   467.372774449
1,   467.590674800
1,   467.810031685
1,   468.032087739
1,   468.255361984
1,   468.479303746
1,   468.703860962
1,   468.929213024
1,   469.155835453
1,   469.382849401
1,   469.609971363
1,   469.835560191
1,   470.057528864
1,   470.277787891
1,   470.498744328
1,   470.721341073
1,   470.946718483
1,   471.174061405
1,   471.402250337
1,   471.632099886
1,   471.863186379
1,   472.094926812
1,   472.326865969
1,   472.558986937
1,   472.791287190
1,   473.022422015
1,   473.251056648
1,   473.481110163
1,   473.711411558
1,   473.942223384
1,   474.173657734
1,   474.406629413
1,   474.639564789
1,   474.882182126
1,   475.141963139
1,   475.416669159
1,   475.690001056
1,   475.963192130
1,   476.225535325
