1,     1.027344709
1,     0.675161290
1,     0.987336926
1,     1.251652808
1,     1.936724115
1,     1.924225545
1,     1.239204898
1,     1.720941522
1,     2.529320628
1,     2.943117287
1,     3.332059637
1,     1.961029449
1,     1.652323506
1,     2.350742112
1,     1.604400394
1,     1.806325687
1,     2.573057041
1,     2.948427293
1,     3.449830472
1,     3.626375098
1,     2.532774774
1,     1.577667069
1,     2.374462212
1,     1.834466839
1,     2.046183266
1,     2.584844099
1,     2.893153440
1,     2.644934425
1,     2.378084337
1,     2.770051144
1,     2.427064493
1,     2.472588068
1,     2.571458690
1,     2.013809100
1,     1.028963506
1,     1.038944414
1,     1.091530121
1,     1.528873838
1,     1.055411153
1,     1.264116658
1,     0.772290609
1,     1.284292269
1,     1.767887741
1,     2.118511578
1,     2.371658321
1,     2.544653639
1,     1.936924728
1,     1.972115941
1,     2.321364824
1,     2.080503127
1,     2.109118346
1,     1.397800148
1,     1.703373224
1,     2.456165811
1,     2.436160993
1,     1.536524247
1,     2.423289627
1,     2.375801416
1,     1.290043771
1,     1.427403303
1,     1.765452363
1,     1.866044959
1,     1.962522795
1,     2.046957938
1,     2.411002722
1,     2.402563740
1,     1.757663205
1,     1.861042672
1,     1.972315311
1,     2.453206468
1,     2.730876613
1,     2.636408603
1,     2.542178830
1,     2.386035016
1,     2.499033773
1,     3.090339484
1,     3.970407665
1,     3.832481161
1,     2.231306843
1,     1.912279723
1,     2.136197634
1,     2.182022413
1,     2.481581496
1,     2.707459249
1,     1.355911141
1,     1.675229264
1,     1.653122190
1,     1.966068707
1,     1.335123770
1,     1.748261485
1,     1.924873034
1,     1.944297962
1,     1.690139938
1,     1.475001841
1,     1.366130056
1,     1.748049054
1,     1.943947429
1,     1.938478440
1,     2.483168062
1,     1.424577726
1,     2.116129657
1,     2.279932702
1,     1.802895328
1,     1.011586437
1,     1.313755177
1,     1.241371268
1,     1.232205210
1,     1.450616576
1,     1.609104371
1,     1.401166175
1,     1.249378255
1,     1.618745394
1,     1.634044014
1,     1.891484978
1,     1.835996348
1,     1.120532953
1,     1.018758844
1,     1.067022007
1,     1.012097929
1,     1.151509986
1,     1.313275427
1,     1.332378058
1,     1.418957314
1,     1.396794407
1,     1.199732101
1,     1.450554784
1,     1.709814535
1,     1.850737642
1,     1.210357200
1,     1.137541656
1,     1.433705978
1,     1.513373991
1,     0.856285117
1,     0.714600291
1,     0.770813155
1,     0.680001169
1,     0.414488899
1,     0.392171842
1,     0.369799020
1,     0.389667609
1,     0.443953063
1,     0.470309786
1,     0.639913469
1,     0.680419528
1,     0.697035723
1,     0.709742103
1,     0.659932592
1,     0.577343968
1,     0.544796818
1,     0.625202877
1,     0.588129340
1,     0.606250150
1,     0.784331626
1,     0.921177431
1,     1.036616780
1,     1.281161398
1,     0.974132524
1,     0.895349541
1,     0.456244113
1,     0.440687014
1,     0.516706169
1,     0.470570163
1,     0.488204344
1,     0.415372649
1,     0.410670221
1,     0.520619264
1,     0.524209255
1,     0.475059917
1,     0.466968608
1,     0.715129424
1,     0.564611956
1,     0.414274708
1,     0.425385551
1,     0.447801160
1,     0.652391302
1,     0.532544153
1,     0.529245848
1,     0.357063161
1,     0.399547599
1,     0.440372573
1,     0.500760189
1,     0.440022831
1,     0.341852579
1,     0.428443029
1,     0.346365922
1,     0.386004837
1,     0.354488483
1,     0.414860313
1,     0.418394801
1,     0.472473963
1,     0.517072322
1,     0.593673663
1,     0.604015119
1,     0.725716981
1,     0.470286599
1,     0.613473772
1,     0.420208773
1,     0.338980504
1,     0.470456416
1,     0.880795323
1,     0.578910438
1,     0.547880658
1,     0.500921336
1,     0.603242873
1,     0.498358116
1,     0.406095309
1,     0.500696023
1,     0.727682077
1,     0.834937098
1,     0.619258478
1,     0.654780785
1,     0.787571802
1,     0.710000392
1,     0.613545019
1,     0.438491744
1,     0.512778057
1,     0.634991214
1,     0.426829787
1,     0.502608479
1,     0.938999904
1,     0.818152182
1,     0.825179649
1,     1.055755530
1,     0.300182611
1,     0.259881345
1,     0.445505887
1,     0.581870257
1,     0.773399144
1,     0.749031834
1,     0.732197078
1,     0.526965190
1,     0.553262443
1,     0.577717477
1,     0.691669888
1,     0.666047206
1,     0.648520100
1,     0.675342536
1,     0.745746348
1,     0.781907371
1,     0.785642345
1,     0.553668617
1,     0.493749862
1,     0.750389112
1,     0.958636913
1,     1.093054975
1,     0.711909581
1,     0.771828877
1,     1.054603288
1,     0.957416670
1,     0.514908482
1,     0.625513653
1,     0.461496081
1,     0.516035971
1,     0.677066475
1,     0.883072882
1,     1.038493228
1,     1.344043374
1,     1.565392422
1,     0.863405778
1,     0.559733438
1,     0.433147175
1,     0.405085619
1,     0.879229641
1,     1.122127836
1,     1.616676576
1,     1.444288610
1,     1.621256860
1,     1.280470802
1,     1.080318576
1,     1.205315261
1,     0.568663640
1,     0.631251539
1,     0.891649681
1,     1.074184401
1,     1.555039678
1,     2.201832261
1,     1.581064901
1,     1.055428524
1,     1.583941715
1,     1.614438029
1,     1.134601692
1,     1.001968053
1,     0.903853274
1,     1.127431973
1,     1.321201427
1,     0.951542530
1,     0.535671647
1,     0.682935669
1,     1.726920864
1,     1.234744594
1,     1.833202182
1,     1.338971184
1,     1.426023629
1,     1.391102859
1,     1.185349831
1,     0.693423492
1,     0.680495191
1,     1.358424669
1,     1.150979251
1,     1.212879789
1,     1.250516068
1,     1.820999649
1,     2.565454323
1,     1.911461756
1,     2.211784141
1,     2.166715387
1,     2.014879856
1,     0.724517231
1,     1.327403559
1,     2.199772544
1,     3.400550779
1,     4.337334573
1,     3.856764149
1,     4.049739091
1,     3.669431610
1,     4.469491512
1,     2.676214295
1,     2.653678770
1,     3.370383492
1,     3.112625975
1,     3.685247771
1,     5.070005365
1,     4.887305167
1,     2.809313770
1,     2.672121275
1,     3.476005072
1,     4.283143727
1,     4.601585869
1,     4.438972183
1,     2.534950087
1,     2.120522836
1,     2.599936375
1,     2.254819650
1,     1.285946655
1,     2.538250588
1,     3.680842873
1,     4.047416061
1,     2.038747982
1,     0.649686053
1,     0.603527236
1,     1.833134028
1,     2.799834266
1,     1.368014988
1,     1.197771408
1,     2.348891650
1,     2.501865512
1,     2.459649816
1,     3.677767299
1,     5.447007246
1,     6.493881196
1,     6.381142512
1,     5.108265243
1,     5.191461988
1,     5.863220245
1,     6.382593293
1,     6.658126686
1,     4.678159576
1,     4.056589503
1,     3.882871432
1,     2.538005663
1,     3.263360726
1,     4.068195399
1,     5.628413092
1,     4.707477883
1,     2.578251775
1,     1.659002684
1,     2.238885392
1,     3.108017771
1,     3.988929331
1,     4.298303800
1,     5.161655065
1,     6.477071237
1,     3.925994152
1,     3.122372446
1,     3.892436882
1,     3.120937981
1,     3.271027960
1,     4.884547947
1,     5.399294369
1,     5.616312828
1,     5.931926396
1,     6.803794578
1,     6.602978092
1,     5.393604174
1,     6.322455510
1,     6.704001658
1,     5.236059804
1,     3.954444144
1,     5.567435317
1,     6.868861772
1,     7.262038238
1,     4.978725582
1,     5.173625415
1,     6.197111700
1,     5.939523779
1,     3.081619229
1,     3.927031985
1,     4.514560468
1,     4.705383578
1,     4.818067888
1,     5.720753908
1,     5.955536414
1,     5.846436594
1,     5.578486726
1,     4.801985502
1,     4.957247190
1,     4.837800123
1,     5.100062262
1,     4.687161509
1,     5.207535502
1,     5.713626757
1,     4.387718506
1,     4.397823958
1,     4.077594534
1,     4.675518388
1,     3.113427509
1,     1.845945925
1,     2.886558570
1,     3.675523911
1,     3.696679173
1,     3.925616046
1,     4.284273986
1,     3.208589703
1,     2.192857357
1,     0.806434661
1,     1.253364806
1,     2.109855213
1,     1.974047858
1,     2.446275085
1,     2.509258669
1,     2.777385851
1,     2.185929015
1,     1.459698911
1,     1.408644980
1,     2.135255238
1,     3.182343647
1,     3.220907070
1,     3.601012472
1,     3.596004717
1,     3.496747099
1,     4.255718343
1,     4.717592444
1,     2.853955008
1,     0.787525157
1,     1.123853622
1,     1.428091604
1,     1.786092318
1,     2.151977887
1,     2.450901745
1,     3.630779712
1,     3.553434959
1,     2.680498499
1,     2.244431008
1,     2.059562795
1,     2.051884187
1,     2.134076465
1,     1.519969855
1,     1.606236583
1,     1.104545117
1,     1.288121266
1,     1.684742417
1,     2.142423926
1,     1.498194553
1,     1.626487131
1,     1.680053984
1,     2.034417292
1,     2.221816212
1,     1.823611099
1,     1.221199931
1,     0.941311876
1,     0.975541466
1,     1.421480252
1,     1.441132392
1,     1.485631076
1,     1.697797110
1,     1.887741679
1,     2.032911435
1,     1.888403689
1,     1.688146332
1,     1.572695661
1,     1.611413803
1,     1.423805946
1,     1.377123225
1,     1.726353612
1,     1.330879536
1,     1.176912238
1,     1.322941237
1,     1.446563533
1,     1.024453951
1,     1.536797464
1,     2.050366661
1,     1.934262767
1,     1.571520541
1,     1.021929270
1,     1.068232716
1,     0.933261127
1,     0.984736391
1,     1.237621270
1,     1.334640980
1,     1.379444314
1,     1.263087498
1,     1.479774801
1,     1.069867000
1,     1.071486843
1,     0.539998212
1,     0.582429719
1,     0.644073894
1,     0.910839139
1,     0.756661722
1,     0.917489392
1,     0.843269951
1,     0.799859866
1,     0.920867921
1,     0.975469960
1,     1.066785566
1,     0.931245076
1,     0.808465308
1,     0.947053126
1,     0.962084341
1,     0.824480892
1,     0.507788451
1,     0.641526975
1,     0.376758038
1,     0.592473688
1,     0.791460242
1,     0.768787519
1,     0.764366916
1,     0.853154701
1,     0.427407093
1,     0.348080126
1,     0.365800944
1,     0.426519579
1,     0.886301118
1,     1.331709381
1,     1.097043842
1,     0.741862202
1,     0.395443367
1,     0.304029742
1,     0.431712730
1,     0.496765377
1,     0.625776010
1,     0.809501207
1,     0.594530823
1,     0.583295562
1,     0.535992666
1,     0.515953317
1,     0.557432842
1,     0.572168072
1,     0.534726708
1,     0.602596872
1,     0.492735193
1,     0.531708586
1,     0.633133609
1,     0.603272966
1,     0.741237598
1,     0.754089878
1,     0.705003472
1,     0.523714794
1,     0.526171979
1,     0.637632138
1,     0.653667867
1,     0.605945686
1,     0.733041746
1,     0.821075947
1,     0.803449750
1,     0.566956788
1,     0.632047647
1,     0.806657918
1,     0.772379761
1,     0.289988854
1,     0.302024305
1,     0.294867494
1,     0.298896919
1,     0.344712986
1,     0.274575876
1,     0.298353935
1,     0.432723803
1,     0.577307023
1,     0.838653347
1,     0.987470411
1,     0.776596290
1,     0.571871920
1,     0.407912681
1,     0.500441988
1,     0.489136502
1,     0.418527455
1,     0.592777787
1,     0.933433870
1,     0.769165920
1,     1.058541650
1,     0.446826857
1,     0.563179020
1,     0.659907155
1,     0.576273734
1,     0.422089949
1,     0.426885521
1,     0.623983533
1,     0.510926151
1,     0.516034908
1,     0.845440825
1,     0.454558698
1,     0.404050400
1,     0.375216188
1,     0.388290633
1,     0.503153215
1,     0.741312902
1,     0.415994235
1,     0.356510347
1,     0.490435387
1,     0.602879161
1,     0.605217848
1,     1.130944183
1,     0.807979996
1,     0.511278356
1,     0.927134623
1,     0.963340542
1,     0.942004681
1,     1.071348904
1,     0.869440665
1,     0.783558687
1,     0.596833916
1,     0.325251365
1,     0.357027265
1,     0.491807381
1,     0.603428417
1,     0.614944515
1,     0.782210866
1,     1.120967810
1,     1.502423155
1,     2.175373027
1,     1.230357183
1,     0.828066295
1,     1.330856114
1,     1.080737701
1,     0.515459280
1,     0.962704741
1,     0.781398905
1,     1.305401175
1,     0.968736773
1,     1.034318103
1,     1.164397875
1,     0.959131772
1,     1.088535884
1,     1.313327162
1,     1.573615505
1,     0.934894369
1,     1.109052656
1,     0.626388144
1,     1.046698285
