1,     0.003028129
1,     0.002597683
1,     0.002449452
1,     0.002420118
1,     0.002500138
1,     0.002548424
1,     0.002366706
1,     0.002313880
1,     0.002496342
1,     0.002684289
1,     0.002875507
1,     0.002682997
1,     0.002387832
1,     0.002454878
1,     0.002414998
1,     0.002346344
1,     0.002450772
1,     0.002599729
1,     0.002803664
1,     0.002978163
1,     0.002937185
1,     0.003133850
1,     0.003153486
1,     0.003103890
1,     0.003021776
1,     0.003135595
1,     0.003240075
1,     0.003155275
1,     0.003030618
1,     0.002952631
1,     0.003118224
1,     0.003064950
1,     0.003099765
1,     0.003136189
1,     0.002806705
1,     0.002473525
1,     0.002402397
1,     0.002470457
1,     0.002447532
1,     0.002355963
1,     0.002274801
1,     0.002235991
1,     0.002395008
1,     0.002544180
1,     0.002717956
1,     0.002793704
1,     0.002730576
1,     0.002691408
1,     0.002777657
1,     0.002767171
1,     0.002747140
1,     0.002617416
1,     0.002543874
1,     0.002687911
1,     0.002801855
1,     0.002699377
1,     0.002751649
1,     0.002823383
1,     0.002656486
1,     0.002549741
1,     0.002628637
1,     0.002704531
1,     0.002761143
1,     0.002800028
1,     0.002886113
1,     0.002945032
1,     0.002819035
1,     0.002720904
1,     0.002692415
1,     0.002738623
1,     0.002830452
1,     0.002776830
1,     0.002776784
1,     0.002730630
1,     0.002708839
1,     0.002757818
1,     0.002946081
1,     0.003082485
1,     0.002813059
1,     0.002600281
1,     0.002510936
1,     0.002500529
1,     0.002545227
1,     0.002672842
1,     0.002836807
1,     0.002670637
1,     0.002665038
1,     0.002695106
1,     0.002609154
1,     0.002617637
1,     0.002688907
1,     0.002728056
1,     0.002676700
1,     0.002629744
1,     0.002511793
1,     0.002548211
1,     0.002587795
1,     0.002572198
1,     0.002619221
1,     0.002583257
1,     0.002613923
1,     0.002658057
1,     0.002594121
1,     0.002413206
1,     0.002382777
1,     0.002365278
1,     0.002398783
1,     0.002418544
1,     0.002448244
1,     0.002426932
1,     0.002400527
1,     0.002425586
1,     0.002466469
1,     0.002502876
1,     0.002531021
1,     0.002403410
1,     0.002217301
1,     0.002142689
1,     0.002098223
1,     0.002081715
1,     0.002098664
1,     0.002090958
1,     0.002091779
1,     0.002091578
1,     0.002045315
1,     0.002034985
1,     0.002073115
1,     0.002115770
1,     0.002043205
1,     0.001990409
1,     0.001986281
1,     0.002003550
1,     0.001954059
1,     0.001924578
1,     0.001918626
1,     0.001976387
1,     0.001828621
1,     0.001717827
1,     0.001627501
1,     0.001547441
1,     0.001548495
1,     0.001547914
1,     0.001581638
1,     0.001610925
1,     0.001629830
1,     0.001647281
1,     0.001650993
1,     0.001628345
1,     0.001600544
1,     0.001606341
1,     0.001600328
1,     0.001585333
1,     0.001623637
1,     0.001678995
1,     0.001735982
1,     0.001793881
1,     0.001810811
1,     0.001790314
1,     0.001701991
1,     0.001596410
1,     0.001580940
1,     0.001558558
1,     0.001531557
1,     0.001508912
1,     0.001468998
1,     0.001486118
1,     0.001508077
1,     0.001490552
1,     0.001470337
1,     0.001506925
1,     0.001531447
1,     0.001480411
1,     0.001454939
1,     0.001451510
1,     0.001472796
1,     0.001487388
1,     0.001476244
1,     0.001423865
1,     0.001394251
1,     0.001393881
1,     0.001423732
1,     0.001412739
1,     0.001385477
1,     0.001364621
1,     0.001324856
1,     0.001332581
1,     0.001320722
1,     0.001343883
1,     0.001346432
1,     0.001370470
1,     0.001370374
1,     0.001409866
1,     0.001422146
1,     0.001465025
1,     0.001449757
1,     0.001446471
1,     0.001419920
1,     0.001360780
1,     0.001359127
1,     0.001456112
1,     0.001470616
1,     0.001436459
1,     0.001428848
1,     0.001437337
1,     0.001438406
1,     0.001379477
1,     0.001383076
1,     0.001440696
1,     0.001498333
1,     0.001503555
1,     0.001503796
1,     0.001527543
1,     0.001542224
1,     0.001525134
1,     0.001477691
1,     0.001446265
1,     0.001455983
1,     0.001435406
1,     0.001421673
1,     0.001481385
1,     0.001542523
1,     0.001535688
1,     0.001604861
1,     0.001470794
1,     0.001345435
1,     0.001326076
1,     0.001360424
1,     0.001436838
1,     0.001473902
1,     0.001507595
1,     0.001481296
1,     0.001451725
1,     0.001449746
1,     0.001471414
1,     0.001482072
1,     0.001476351
1,     0.001480662
1,     0.001502264
1,     0.001520961
1,     0.001533530
1,     0.001505925
1,     0.001460844
1,     0.001488477
1,     0.001561226
1,     0.001601724
1,     0.001602249
1,     0.001585357
1,     0.001624642
1,     0.001661829
1,     0.001579745
1,     0.001537519
1,     0.001491202
1,     0.001456721
1,     0.001463245
1,     0.001529406
1,     0.001588108
1,     0.001665301
1,     0.001748821
1,     0.001708084
1,     0.001612737
1,     0.001473249
1,     0.001406726
1,     0.001425864
1,     0.001543153
1,     0.001681026
1,     0.001739982
1,     0.001801471
1,     0.001822100
1,     0.001769564
1,     0.001772745
1,     0.001667864
1,     0.001516018
1,     0.001571921
1,     0.001632894
1,     0.001728989
1,     0.001860381
1,     0.001906602
1,     0.001831371
1,     0.001854229
1,     0.001897284
1,     0.001885713
1,     0.001788695
1,     0.001750385
1,     0.001760282
1,     0.001778635
1,     0.001772058
1,     0.001635966
1,     0.001594809
1,     0.001705381
1,     0.001792244
1,     0.001832264
1,     0.001880434
1,     0.001850994
1,     0.001863030
1,     0.001827842
1,     0.001737883
1,     0.001575887
1,     0.001683490
1,     0.001726430
1,     0.001718855
1,     0.001751791
1,     0.001863790
1,     0.002030963
1,     0.002106149
1,     0.002121659
1,     0.002191265
1,     0.002232400
1,     0.001998878
1,     0.001928009
1,     0.002035702
1,     0.002232513
1,     0.002411048
1,     0.002457610
1,     0.002523250
1,     0.002470384
1,     0.002561001
1,     0.002488303
1,     0.002339741
1,     0.002379367
1,     0.002347537
1,     0.002418893
1,     0.002593379
1,     0.002715597
1,     0.002568852
1,     0.002442646
1,     0.002467726
1,     0.002568624
1,     0.002673314
1,     0.002698033
1,     0.002763321
1,     0.002617572
1,     0.002591022
1,     0.002560138
1,     0.002368115
1,     0.002381038
1,     0.002552113
1,     0.002690530
1,     0.002519275
1,     0.002175589
1,     0.001903678
1,     0.001981323
1,     0.002228201
1,     0.002227111
1,     0.002055591
1,     0.002148537
1,     0.002287443
1,     0.002288518
1,     0.002358742
1,     0.002560770
1,     0.002816744
1,     0.002981961
1,     0.003057616
1,     0.003030966
1,     0.003058919
1,     0.003153676
1,     0.003242359
1,     0.003016849
1,     0.002779676
1,     0.002675340
1,     0.002468243
1,     0.002414030
1,     0.002491524
1,     0.002681510
1,     0.002721026
1,     0.002623390
1,     0.002604337
1,     0.002487670
1,     0.002554880
1,     0.002614061
1,     0.002611636
1,     0.002655176
1,     0.002846600
1,     0.002767647
1,     0.002411264
1,     0.002412107
1,     0.002347596
1,     0.002297219
1,     0.002407516
1,     0.002555620
1,     0.002656309
1,     0.002728588
1,     0.002932182
1,     0.003179748
1,     0.002987029
1,     0.002951070
1,     0.003094766
1,     0.002964800
1,     0.002698248
1,     0.002740018
1,     0.002985720
1,     0.003274076
1,     0.003059930
1,     0.002855720
1,     0.002935623
1,     0.003103934
1,     0.002691054
1,     0.002547969
1,     0.002586509
1,     0.002623574
1,     0.002664263
1,     0.002800954
1,     0.002895657
1,     0.002941587
1,     0.002970585
1,     0.002841767
1,     0.003333241
1,     0.003207906
1,     0.003175296
1,     0.003109397
1,     0.003060200
1,     0.003140126
1,     0.003056229
1,     0.003009168
1,     0.002854816
1,     0.002862974
1,     0.002731958
1,     0.002884808
1,     0.002824182
1,     0.002919911
1,     0.002973714
1,     0.003022552
1,     0.003090130
1,     0.003080164
1,     0.002869211
1,     0.002487063
1,     0.002290965
1,     0.002364731
1,     0.002435130
1,     0.002454444
1,     0.002468021
1,     0.002492650
1,     0.002519540
1,     0.002341340
1,     0.002231167
1,     0.002267303
1,     0.002342527
1,     0.002407362
1,     0.002458266
1,     0.002446491
1,     0.002431459
1,     0.002486599
1,     0.002592689
1,     0.002543417
1,     0.002373378
1,     0.002148947
1,     0.002109857
1,     0.002119405
1,     0.002130673
1,     0.002169783
1,     0.002263073
1,     0.002316943
1,     0.002341985
1,     0.002360558
1,     0.002316111
1,     0.002242100
1,     0.002209406
1,     0.002171994
1,     0.002151168
1,     0.001993756
1,     0.001903280
1,     0.001911726
1,     0.001947215
1,     0.001939328
1,     0.001881731
1,     0.001857310
1,     0.001884051
1,     0.001920677
1,     0.002000981
1,     0.002125598
1,     0.002000747
1,     0.001897735
1,     0.001916968
1,     0.001940878
1,     0.001933368
1,     0.001956408
1,     0.001982236
1,     0.002006718
1,     0.002002026
1,     0.001968699
1,     0.001910318
1,     0.001866327
1,     0.001932832
1,     0.002021513
1,     0.002040247
1,     0.001990613
1,     0.001932833
1,     0.001898402
1,     0.001901511
1,     0.001796042
1,     0.001789222
1,     0.001855295
1,     0.001894888
1,     0.001849590
1,     0.001807443
1,     0.001768871
1,     0.001689124
1,     0.001671882
1,     0.001687695
1,     0.001706089
1,     0.001736548
1,     0.001737417
1,     0.001739528
1,     0.001750387
1,     0.001835303
1,     0.001659291
1,     0.001533037
1,     0.001492121
1,     0.001516101
1,     0.001522938
1,     0.001531993
1,     0.001537596
1,     0.001529255
1,     0.001549561
1,     0.001579879
1,     0.001598214
1,     0.001609857
1,     0.001582031
1,     0.001560170
1,     0.001564659
1,     0.001553921
1,     0.001463130
1,     0.001385718
1,     0.001352160
1,     0.001348552
1,     0.001338312
1,     0.001324156
1,     0.001319681
1,     0.001371231
1,     0.001346599
1,     0.001306266
1,     0.001312796
1,     0.001317935
1,     0.001316963
1,     0.001319256
1,     0.001313523
1,     0.001300002
1,     0.001274756
1,     0.001243004
1,     0.001234858
1,     0.001232496
1,     0.001231355
1,     0.001232077
1,     0.001239804
1,     0.001242860
1,     0.001241265
1,     0.001237489
1,     0.001235201
1,     0.001228144
1,     0.001225975
1,     0.001224657
1,     0.001218863
1,     0.001220433
1,     0.001223543
1,     0.001228389
1,     0.001232781
1,     0.001237022
1,     0.001250611
1,     0.001265159
1,     0.001234566
1,     0.001231568
1,     0.001239156
1,     0.001255184
1,     0.001273416
1,     0.001299684
1,     0.001326711
1,     0.001301600
1,     0.001293443
1,     0.001317463
1,     0.001348439
1,     0.001264487
1,     0.001234650
1,     0.001225812
1,     0.001204532
1,     0.001196592
1,     0.001190893
1,     0.001188613
1,     0.001191080
1,     0.001194139
1,     0.001196552
1,     0.001200294
1,     0.001199605
1,     0.001198386
1,     0.001191916
1,     0.001192418
1,     0.001191230
1,     0.001187819
1,     0.001184784
1,     0.001191422
1,     0.001194322
1,     0.001195561
1,     0.001198439
1,     0.001185795
1,     0.001188807
1,     0.001190216
1,     0.001185399
1,     0.001181118
1,     0.001182756
1,     0.001184429
1,     0.001185934
1,     0.001188936
1,     0.001186240
1,     0.001181735
1,     0.001177471
1,     0.001176383
1,     0.001180034
1,     0.001182924
1,     0.001181450
1,     0.001173859
1,     0.001175735
1,     0.001179548
1,     0.001179647
1,     0.001186574
1,     0.001200201
1,     0.001205800
1,     0.001208413
1,     0.001210738
1,     0.001214023
1,     0.001219859
1,     0.001220954
1,     0.001220521
1,     0.001211276
1,     0.001190853
1,     0.001180714
1,     0.001183489
1,     0.001191302
1,     0.001205195
1,     0.001214701
1,     0.001218208
1,     0.001226051
1,     0.001231617
1,     0.001234065
1,     0.001234084
1,     0.001234012
1,     0.001233926
1,     0.001226701
1,     0.001212413
1,     0.001218921
1,     0.001219213
1,     0.001220892
1,     0.001223158
1,     0.001230249
1,     0.001229020
1,     0.001279025
1,     0.001368323
1,     0.001445626
1,     0.001437044
1,     0.001434960
1,     0.001376695
1,     0.001382590
