1,   282.772263845
1,   279.062812805
1,   279.541458766
1,   280.771979650
1,   284.885626475
1,   283.953332265
1,   282.672917684
1,   282.320208232
1,   287.087293625
1,   289.270104090
1,   292.241353989
1,   283.543021520
1,   280.841979345
1,   284.885626475
1,   283.953332265
1,   284.285624822
1,   287.087293625
1,   289.314689636
1,   292.931145350
1,   294.361708323
1,   291.603750229
1,   287.961563746
1,   289.566247940
1,   288.425104141
1,   289.099269867
1,   290.941352208
1,   293.492080688
1,   292.204064051
1,   290.889792760
1,   291.592294057
1,   290.593648911
1,   290.478645325
1,   290.694386800
1,   289.156278610
1,   283.896353404
1,   282.920835495
1,   283.413123449
1,   286.761021296
1,   282.789272944
1,   283.931768417
1,   280.198958079
1,   283.651353200
1,   286.615813573
1,   289.405624390
1,   290.694386800
1,   291.205549876
1,   289.729458491
1,   290.112332662
1,   289.994625092
1,   289.247539520
1,   289.759206136
1,   285.073433558
1,   284.876562754
1,   289.001043320
1,   289.302126567
1,   287.406043371
1,   288.862229665
1,   289.166563034
1,   283.544686000
1,   282.783646901
1,   285.756873449
1,   287.147918065
1,   287.501457850
1,   288.396876017
1,   290.189997355
1,   289.771667480
1,   285.623792648
1,   285.180624644
1,   285.359897614
1,   288.123125076
1,   289.632645289
1,   288.030625025
1,   288.232498805
1,   288.172437668
1,   288.655312220
1,   290.543228149
1,   294.816665014
1,   294.115313212
1,   286.210833867
1,   284.388958613
1,   284.378856023
1,   285.783018748
1,   288.369936625
1,   288.854376475
1,   284.985520681
1,   285.378855387
1,   286.840312322
1,   287.264624914
1,   284.102396011
1,   286.022813161
1,   286.898748398
1,   286.688020070
1,   285.888957977
1,   284.375832240
1,   283.055831909
1,   286.108649572
1,   287.433854421
1,   286.881040573
1,   289.341874441
1,   286.616458893
1,   288.929211299
1,   289.178023020
1,   287.415250778
1,   283.084998449
1,   283.957185745
1,   284.248334249
1,   284.364894867
1,   285.245418549
1,   285.233853022
1,   284.243541718
1,   283.400309245
1,   286.041144689
1,   286.280729930
1,   287.629269918
1,   287.611040751
1,   281.543228149
1,   280.017291387
1,   280.593022664
1,   280.972187042
1,   281.939790726
1,   283.131874720
1,   283.432500203
1,   283.831666311
1,   283.648021698
1,   283.353541056
1,   283.924584071
1,   285.474897385
1,   285.835626602
1,   283.321042379
1,   280.979270935
1,   283.593854904
1,   284.189897537
1,   281.810521444
1,   279.761875153
1,   280.105415980
1,   279.322707494
1,   274.939790090
1,   274.421875000
1,   273.885209401
1,   274.975728353
1,   276.145623525
1,   276.733751933
1,   277.799479167
1,   278.056875865
1,   277.861249288
1,   278.470207214
1,   277.745730718
1,   277.257917404
1,   276.853020350
1,   277.226249059
1,   276.540728251
1,   276.696769714
1,   279.485414505
1,   280.971770604
1,   282.245002111
1,   285.006770452
1,   282.268543243
1,   282.273021698
1,   275.091458003
1,   275.595935186
1,   276.946354548
1,   276.304894129
1,   276.913853963
1,   275.283751170
1,   275.066041946
1,   277.310416540
1,   277.296873728
1,   275.764375051
1,   275.213748932
1,   278.554167430
1,   276.964792252
1,   274.773124059
1,   275.088017782
1,   275.256039937
1,   277.041665395
1,   275.912711461
1,   275.373437881
1,   272.947290421
1,   272.499375661
1,   273.929583232
1,   275.029479345
1,   273.881978989
1,   273.097393672
1,   274.532812119
1,   273.929583232
1,   275.029479345
1,   273.881978989
1,   274.622705460
1,   274.958230972
1,   274.842707316
1,   274.568437576
1,   277.154581070
1,   277.122708639
1,   278.956874212
1,   276.111459096
1,   276.733228683
1,   275.173749924
1,   273.432394028
1,   275.380729675
1,   281.334375381
1,   276.275521596
1,   274.697185516
1,   275.601667404
1,   277.177291870
1,   274.799481710
1,   272.455729167
1,   275.563646317
1,   278.496560415
1,   279.995312373
1,   278.394062678
1,   278.026352564
1,   278.804688136
1,   278.516249339
1,   276.928124746
1,   275.221042633
1,   275.154894511
1,   276.210313161
1,   275.280103683
1,   275.927292506
1,   279.466773987
1,   278.929062525
1,   278.837812424
1,   281.947604497
1,   271.869164149
1,   270.928852717
1,   272.459789912
1,   275.310935974
1,   278.378437042
1,   277.971043905
1,   277.358854294
1,   275.241039912
1,   274.405626297
1,   275.428852081
1,   276.752187729
1,   275.729166667
1,   275.762810389
1,   276.150938670
1,   276.946771622
1,   277.362708410
1,   277.971043905
1,   277.358854294
1,   275.703332265
1,   278.694896698
1,   279.795521418
1,   280.566771825
1,   278.674374898
1,   279.202500661
1,   280.509684881
1,   281.021040599
1,   275.909479777
1,   274.694690069
1,   274.897605260
1,   273.078958511
1,   275.259583155
1,   278.106664658
1,   280.089896520
1,   282.847188314
1,   284.105311076
1,   280.631354014
1,   274.940727870
1,   274.708436966
1,   272.921563466
1,   276.216665268
1,   280.390314738
1,   284.318957011
1,   283.565832138
1,   283.892707825
1,   281.684270859
1,   279.047500610
1,   281.622500738
1,   274.866873423
1,   274.564270020
1,   276.285415014
1,   278.829896291
1,   283.200208664
1,   287.401084900
1,   284.438229243
1,   280.028748194
1,   282.600416819
1,   285.950625738
1,   280.235728582
1,   277.821460724
1,   278.756251653
1,   278.816456477
1,   279.847499847
1,   279.375729243
1,   274.245311737
1,   276.448438009
1,   283.691980998
1,   279.680311839
1,   283.690520604
1,   280.538123449
1,   280.671145757
1,   280.463331858
1,   279.244684855
1,   276.070519765
1,   273.553749720
1,   279.966769536
1,   277.989686966
1,   277.264375687
1,   278.565414429
1,   283.161252340
1,   287.963645299
1,   283.354478836
1,   285.065664927
1,   287.064479828
1,   283.381352107
1,   275.082914988
1,   278.083644867
1,   282.683439255
1,   288.057605108
1,   291.636248906
1,   289.529791514
1,   289.715145747
1,   286.421083450
1,   290.298853556
1,   283.685832977
1,   282.774168015
1,   284.793127060
1,   283.772083918
1,   287.497084300
1,   292.024103165
1,   293.169164022
1,   287.356145859
1,   283.882811228
1,   286.497708639
1,   288.786874771
1,   291.151770910
1,   292.747708003
1,   286.814582825
1,   284.586456935
1,   286.399480820
1,   285.548229853
1,   279.446876526
1,   284.765356064
1,   289.449479421
1,   292.554165522
1,   282.167081197
1,   275.258021037
1,   272.602603912
1,   280.299582163
1,   286.479376475
1,   281.347810745
1,   278.729478200
1,   282.740000407
1,   283.824584325
1,   283.854060491
1,   287.725831985
1,   292.566188176
1,   295.697917302
1,   295.562289556
1,   292.456876119
1,   291.368230184
1,   293.333333969
1,   295.269895554
1,   296.332292557
1,   287.790415446
1,   286.384624481
1,   285.359895070
1,   283.318958282
1,   285.762917201
1,   287.999166489
1,   291.735417048
1,   291.149998983
1,   286.262222926
1,   281.942487081
1,   282.723747889
1,   286.453438441
1,   288.333958308
1,   288.515102386
1,   290.860626856
1,   294.490460078
1,   288.001978556
1,   281.914166133
1,   284.941190084
1,   284.751979192
1,   285.528855642
1,   288.148435593
1,   291.378020604
1,   291.848123550
1,   292.265104930
1,   296.165313085
1,   297.371772766
1,   291.136397044
1,   294.207186381
1,   295.763435364
1,   290.898437500
1,   287.937916438
1,   292.603960037
1,   296.583955765
1,   298.804374059
1,   290.831563314
1,   289.752707799
1,   294.064104080
1,   295.358959198
1,   282.496876399
1,   285.537398656
1,   287.390314102
1,   288.031188329
1,   288.747228622
1,   292.265562057
1,   293.803647359
1,   293.632959366
1,   292.583541870
1,   290.315521876
1,   290.772293091
1,   290.340114594
1,   291.066593806
1,   291.324062983
1,   291.201353709
1,   293.167605718
1,   290.477586110
1,   289.478539785
1,   287.596144994
1,   289.068021139
1,   287.545935949
1,   284.753959020
1,   288.014059703
1,   289.339688619
1,   288.946038564
1,   290.271354040
1,   291.654687881
1,   288.756249746
1,   285.115416845
1,   275.963019053
1,   276.853541692
1,   282.438332876
1,   283.837292353
1,   285.171709696
1,   285.741143545
1,   287.017292023
1,   284.334376017
1,   280.638021469
1,   280.838957469
1,   283.991562525
1,   286.525000890
1,   288.054583867
1,   288.881665548
1,   286.894312541
1,   287.099583308
1,   288.906561534
1,   290.099834442
1,   285.987085978
1,   276.018437068
1,   276.707499186
1,   279.797706604
1,   281.717814763
1,   283.650208791
1,   285.745519002
1,   287.814791997
1,   287.582228978
1,   285.350313187
1,   283.876249949
1,   283.585833867
1,   284.083852768
1,   284.764896393
1,   283.063853582
1,   280.766667684
1,   277.588020960
1,   277.819583893
1,   280.731770833
1,   283.031043371
1,   282.289791743
1,   279.449894587
1,   280.450000127
1,   282.480936050
1,   283.819895426
1,   284.412812551
1,   279.461144765
1,   278.233957926
1,   275.491874695
1,   279.634374619
1,   279.821250280
1,   280.380626043
1,   281.642083486
1,   282.711043676
1,   284.278020859
1,   282.978958766
1,   282.639373779
1,   281.126145045
1,   280.881248474
1,   281.407917023
1,   281.473335266
1,   282.067601522
1,   279.123957316
1,   279.359479904
1,   279.902811686
1,   280.365416209
1,   276.421875636
1,   280.706040700
1,   283.910519282
1,   283.825939814
1,   281.948331833
1,   278.783748627
1,   277.404479345
1,   277.131771723
1,   278.552916845
1,   279.199999491
1,   280.535418193
1,   281.262083689
1,   280.535003026
1,   281.550104141
1,   279.787185669
1,   279.236978531
1,   274.224999110
1,   274.270418167
1,   274.030834834
1,   276.385416667
1,   276.421564738
1,   276.635416667
1,   275.870206833
1,   275.330834071
1,   277.199375153
1,   277.620625814
1,   278.182916005
1,   277.204791387
1,   277.688126246
1,   278.518852234
1,   278.171043396
1,   277.334061941
1,   273.522500356
1,   274.323959351
1,   270.813855489
1,   273.005624771
1,   276.412811279
1,   276.223438263
1,   276.186248779
1,   276.628750483
1,   270.935208003
1,   270.327708562
1,   270.614896774
1,   271.903956731
1,   276.554686864
1,   282.106458664
1,   279.836667379
1,   275.588436762
1,   271.892190297
1,   270.013439814
1,   270.944583893
1,   272.098229726
1,   274.150416056
1,   276.877292633
1,   275.714687983
1,   274.869791031
1,   274.587498347
1,   273.863124847
1,   273.271562576
1,   273.469477971
1,   273.223437627
1,   273.424790700
1,   273.295414607
1,   273.890207291
1,   274.214378357
1,   274.999792099
1,   275.361563365
1,   276.016770681
1,   276.814895630
1,   273.320208232
1,   272.091145198
1,   274.043229421
1,   273.942603429
1,   275.689060211
1,   274.413541794
1,   275.903018316
1,   276.059061686
1,   273.401149750
1,   274.961770376
1,   276.951459885
1,   277.271666209
1,   269.291665395
1,   269.974475861
1,   268.406562169
1,   268.861041387
1,   268.751459122
1,   268.461561839
1,   267.952604294
1,   269.810104370
1,   272.437604904
1,   276.231145859
1,   277.962604523
1,   275.945315043
1,   275.022710164
1,   271.282397588
1,   273.016042709
1,   273.019270579
1,   270.369063059
1,   271.976146698
1,   276.263542175
1,   277.085208257
1,   280.710939407
1,   272.124895732
1,   271.258956273
1,   273.362811406
1,   274.139687220
1,   270.633542379
1,   269.855001450
1,   271.935833613
1,   272.432707469
1,   274.029582977
1,   277.623126348
1,   272.873961131
1,   271.361666361
1,   269.652396520
1,   270.213750839
1,   272.423645655
1,   274.162293116
1,   271.776252111
1,   269.537290573
1,   269.901145935
1,   271.787501017
1,   272.426564535
1,   277.933124542
1,   275.850417455
1,   273.828958511
1,   275.362499873
1,   275.573959986
1,   276.809481303
1,   278.291248957
1,   276.813018799
1,   276.478958766
1,   273.251875559
1,   269.743542989
1,   269.832290649
1,   272.612082799
1,   274.577812831
1,   274.148749669
1,   276.080832799
1,   276.674788793
1,   281.800834020
1,   286.421873093
1,   281.436667760
1,   276.619064331
1,   281.293749491
1,   278.040937424
1,   273.456561406
1,   275.355728785
1,   275.668541590
1,   278.121144613
1,   279.550207138
1,   279.431979497
1,   278.677916845
1,   278.982500712
1,   279.377916336
1,   279.885313034
1,   279.839480082
1,   277.676353455
1,   276.010416667
1,   273.638020198
1,   274.833440781
