1,   291.057986669
1,   288.257833991
1,   287.196105705
1,   287.394158506
1,   288.512024015
1,   289.379254946
1,   288.360096250
1,   288.188257196
1,   289.817773585
1,   291.375413269
1,   292.895440863
1,   291.838792737
1,   289.890226707
1,   290.540387393
1,   290.231796536
1,   289.380258818
1,   290.360070167
1,   291.648854639
1,   293.222720437
1,   294.262515600
1,   293.501351300
1,   291.072683231
1,   291.130458018
1,   290.797501721
1,   290.299222282
1,   291.053121162
1,   291.937133954
1,   291.890371610
1,   291.651450390
1,   291.656129499
1,   291.922464857
1,   291.315147725
1,   291.649170327
1,   291.094214279
1,   289.114696553
1,   287.341871997
1,   286.810733948
1,   287.335366295
1,   287.172344422
1,   286.478538589
1,   285.840415021
1,   285.529792454
1,   286.801501743
1,   287.809838722
1,   288.670835716
1,   289.285321408
1,   289.227881852
1,   288.982199435
1,   289.588220192
1,   289.534069613
1,   289.410304280
1,   288.525649713
1,   288.006704078
1,   289.026660446
1,   289.773452724
1,   289.110255138
1,   289.466100444
1,   289.942130098
1,   288.704736315
1,   287.711488927
1,   288.018216231
1,   288.386227898
1,   288.688151741
1,   288.902092893
1,   289.455167326
1,   289.894209199
1,   289.232753018
1,   288.776680986
1,   288.826049597
1,   289.404721728
1,   290.324496329
1,   290.264839181
1,   290.473748464
1,   290.317154780
1,   290.345900342
1,   290.882709369
1,   292.277307822
1,   293.266247798
1,   291.708374492
1,   290.356253984
1,   289.795096559
1,   289.797465113
1,   290.195626785
1,   290.769917736
1,   289.137662969
1,   288.291579718
1,   288.311900824
1,   288.570057631
1,   287.914921560
1,   287.796241583
1,   288.178151804
1,   288.413084967
1,   288.090137158
1,   287.796052991
1,   287.017776902
1,   287.425633928
1,   287.952304164
1,   288.118381715
1,   288.729950569
1,   288.109031241
1,   288.124014640
1,   288.739362204
1,   288.582960395
1,   286.983081979
1,   286.446957986
1,   286.333133170
1,   286.091069334
1,   286.291578500
1,   286.603401079
1,   286.465217798
1,   286.068642968
1,   286.290808939
1,   286.656526457
1,   287.026073759
1,   287.388048245
1,   286.477346356
1,   285.168622481
1,   284.755231956
1,   284.547634465
1,   284.586405688
1,   284.957401968
1,   285.102489345
1,   285.296396407
1,   285.454783277
1,   285.176019630
1,   285.244892359
1,   285.774295056
1,   286.288576764
1,   285.686108444
1,   284.928172111
1,   285.012269255
1,   285.305911375
1,   284.480698767
1,   283.337245461
1,   282.865148208
1,   282.476879329
1,   281.164536322
1,   280.088866667
1,   279.318318218
1,   278.802674646
1,   278.853917972
1,   278.909753410
1,   279.317811858
1,   279.656129399
1,   279.871272463
1,   280.067662667
1,   280.109180637
1,   279.854493128
1,   279.536966249
1,   279.603641770
1,   279.534493580
1,   279.360919078
1,   279.801152082
1,   280.419360993
1,   281.034835881
1,   281.639797334
1,   281.785214927
1,   281.603114868
1,   280.670249886
1,   279.489408206
1,   279.309893614
1,   279.047030145
1,   278.724821743
1,   278.450147682
1,   277.955829666
1,   278.169478906
1,   278.439944987
1,   278.224406838
1,   277.972620470
1,   278.425848965
1,   278.723489235
1,   278.098529554
1,   277.778501131
1,   277.734998681
1,   278.003431917
1,   278.185224599
1,   278.046550416
1,   277.380415709
1,   276.992876200
1,   276.987981532
1,   277.378701993
1,   277.235770495
1,   276.876471711
1,   276.596790334
1,   276.051493936
1,   276.158696241
1,   275.993860728
1,   276.314416583
1,   276.349366318
1,   276.675658150
1,   276.674365398
1,   277.198239684
1,   277.358145123
1,   277.905885812
1,   277.712705634
1,   277.670864395
1,   277.329259609
1,   276.544812598
1,   276.522398978
1,   277.793365960
1,   277.976121025
1,   277.542798334
1,   277.444839355
1,   277.554062981
1,   277.567767770
1,   276.796437855
1,   276.844484549
1,   277.597107471
1,   278.320418546
1,   278.384565504
1,   278.387520681
1,   278.676429073
1,   278.852790966
1,   278.647326825
1,   278.064612716
1,   277.668242535
1,   277.791732560
1,   277.529272471
1,   277.352008790
1,   278.110650716
1,   278.856373115
1,   278.774484284
1,   279.586893006
1,   277.978350300
1,   276.335699111
1,   276.068458056
1,   276.539989570
1,   277.547659185
1,   278.017270933
1,   278.434040451
1,   278.109553868
1,   277.737729915
1,   277.712570514
1,   277.986119809
1,   278.119208456
1,   278.047886099
1,   278.101660081
1,   278.368732059
1,   278.596798498
1,   278.748554730
1,   278.413606531
1,   277.853183662
1,   278.198715499
1,   279.078599168
1,   279.550813892
1,   279.556850028
1,   279.361428631
1,   279.812777740
1,   280.230078303
1,   279.296028895
1,   278.796451619
1,   278.232446921
1,   277.801068394
1,   277.883467068
1,   278.698903390
1,   279.393394444
1,   280.268564870
1,   281.170902034
1,   280.736290434
1,   279.677157701
1,   278.009102104
1,   277.157120543
1,   277.406288580
1,   278.863898944
1,   280.441859144
1,   281.077468659
1,   281.717829812
1,   281.927781312
1,   281.388324408
1,   281.421435575
1,   280.296919493
1,   278.536773675
1,   279.204489187
1,   279.906191920
1,   280.960594441
1,   282.311163295
1,   282.763683717
1,   282.021363575
1,   282.250090694
1,   282.673348160
1,   282.560553422
1,   281.586594741
1,   281.187383030
1,   281.291344150
1,   281.482601268
1,   281.414289580
1,   279.940852571
1,   279.471030693
1,   280.707091318
1,   281.623149216
1,   282.030357716
1,   282.508853111
1,   282.217890754
1,   282.337399824
1,   281.985804267
1,   281.055202992
1,   279.250950975
1,   280.468866352
1,   280.933284545
1,   280.852207855
1,   281.124419594
1,   282.068388612
1,   283.392571950
1,   283.847694960
1,   283.826305994
1,   284.372846825
1,   284.736701931
1,   282.734082478
1,   282.115000726
1,   283.252332230
1,   285.164751716
1,   286.886527898
1,   287.486167605
1,   288.141618702
1,   287.872269777
1,   288.615869261
1,   288.160454340
1,   287.090752326
1,   287.466866807
1,   287.301253961
1,   287.930379911
1,   289.296906908
1,   290.228298986
1,   289.099532088
1,   287.572053797
1,   287.914844773
1,   288.837439002
1,   289.695285895
1,   289.809176894
1,   288.784227985
1,   287.656321485
1,   287.501356247
1,   287.333455003
1,   285.804608352
1,   285.916200250
1,   287.338031004
1,   288.648284934
1,   287.686612472
1,   284.269423447
1,   282.145463326
1,   282.793064135
1,   284.728080572
1,   284.698231360
1,   283.256230224
1,   284.012261275
1,   285.221731820
1,   285.475751077
1,   286.481811373
1,   288.542023462
1,   290.715999296
1,   291.993075528
1,   292.038409067
1,   291.230811684
1,   291.840468614
1,   292.814309735
1,   293.680098315
1,   292.574457034
1,   291.239873987
1,   290.651026306
1,   289.241097097
1,   288.875816930
1,   289.411048702
1,   290.726643741
1,   291.099877373
1,   289.707579136
1,   287.654158258
1,   286.900239026
1,   287.709137192
1,   288.671382834
1,   289.295013067
1,   290.116347474
1,   291.806174128
1,   291.502583364
1,   289.095989187
1,   289.261845984
1,   288.894285178
1,   288.586894381
1,   289.512559975
1,   290.674014021
1,   291.446518164
1,   292.005724530
1,   293.412639334
1,   295.010424606
1,   293.946450422
1,   293.782289064
1,   294.727599720
1,   294.002041048
1,   292.299803426
1,   292.601781261
1,   294.212339511
1,   295.965388505
1,   294.765439581
1,   293.511625297
1,   294.049337313
1,   295.116440654
1,   292.424128333
1,   291.421571873
1,   291.723290489
1,   292.011291655
1,   292.325043668
1,   293.282206591
1,   293.931635497
1,   294.254037457
1,   294.471016973
1,   293.475619801
1,   293.192804410
1,   292.867834717
1,   293.012387391
1,   292.901792244
1,   292.814533160
1,   293.506068546
1,   293.048576305
1,   292.398580706
1,   291.652077346
1,   291.907477513
1,   291.190108330
1,   289.460043864
1,   289.108986432
1,   289.794306796
1,   290.045737251
1,   290.322717080
1,   290.893880893
1,   290.653431719
1,   289.498073508
1,   286.833352736
1,   285.233714703
1,   285.778406115
1,   286.381088078
1,   286.665240359
1,   286.969994369
1,   287.387076168
1,   287.217706352
1,   285.996711881
1,   285.209055899
1,   285.635238448
1,   286.581948312
1,   287.503266966
1,   288.237131550
1,   288.426552393
1,   288.510657781
1,   289.053084684
1,   289.965971308
1,   289.183386202
1,   286.203456564
1,   284.526679061
1,   284.421112017
1,   284.757420570
1,   285.147107341
1,   285.815798982
1,   286.938329846
1,   287.597896976
1,   287.505828149
1,   286.734296323
1,   286.278444360
1,   285.940553985
1,   285.904125899
1,   285.444605012
1,   284.913145628
1,   283.750954496
1,   283.155591098
1,   283.571650309
1,   284.218938805
1,   284.249276088
1,   283.648266123
1,   283.600820707
1,   284.040993227
1,   284.519801566
1,   284.562375002
1,   283.897628596
1,   282.736832247
1,   281.743229561
1,   282.007833205
1,   282.354439322
1,   282.436711971
1,   282.834685343
1,   283.294257751
1,   283.757627679
1,   283.944558294
1,   283.869390841
1,   283.507527251
1,   283.265051882
1,   283.118504721
1,   282.938633799
1,   283.164031995
1,   282.794615702
1,   282.340248684
1,   282.124042307
1,   282.326245575
1,   281.472103821
1,   281.656162578
1,   282.618925338
1,   283.316899503
1,   283.124697213
1,   282.192084106
1,   281.494632718
1,   280.811287890
1,   280.700663014
1,   280.903024437
1,   281.219887601
1,   281.564265646
1,   281.561703312
1,   281.672783940
1,   281.387988042
1,   281.112003868
1,   279.297356324
1,   278.208031766
1,   278.076173020
1,   278.473501877
1,   278.594074989
1,   278.714395311
1,   278.719712701
1,   278.505477263
1,   278.661409598
1,   278.944706811
1,   279.069295810
1,   279.117848697
1,   278.905543830
1,   278.952806640
1,   279.119103835
1,   278.992124036
1,   277.882013709
1,   276.879680576
1,   276.427644174
1,   276.378376348
1,   276.237823468
1,   276.041742086
1,   275.979325605
1,   276.685882142
1,   276.351648343
1,   275.790919657
1,   275.882871633
1,   275.954908679
1,   275.941300523
1,   275.973384240
1,   275.893077278
1,   275.702289235
1,   275.340672683
1,   274.875572300
1,   274.754326965
1,   274.719034710
1,   274.701954003
1,   274.712761839
1,   274.828034235
1,   274.873438969
1,   274.849759637
1,   274.793585406
1,   274.759451699
1,   274.653799345
1,   274.621207439
1,   274.601384785
1,   274.513925658
1,   274.537675062
1,   274.584599459
1,   274.657483092
1,   274.723293841
1,   274.786625087
1,   274.988077079
1,   275.201334064
1,   274.749976000
1,   274.705135030
1,   274.818405902
1,   275.055373473
1,   275.321281911
1,   275.697777212
1,   276.077287782
1,   275.724935263
1,   275.609024740
1,   275.948302748
1,   276.376830064
1,   275.191540487
1,   274.751226825
1,   274.618766941
1,   274.295851047
1,   274.173899717
1,   274.085860769
1,   274.050536498
1,   274.088767000
1,   274.136056690
1,   274.173281714
1,   274.230863420
1,   274.220265545
1,   274.201519489
1,   274.101703054
1,   274.109471147
1,   274.091077789
1,   274.038214794
1,   273.991030913
1,   274.094054574
1,   274.138888078
1,   274.158001590
1,   274.202343719
1,   274.006759128
1,   274.053535104
1,   274.075379834
1,   274.000605065
1,   273.933892226
1,   273.959452334
1,   273.985503029
1,   274.008918323
1,   274.055534287
1,   274.013680280
1,   273.943522294
1,   273.876866537
1,   273.859816645
1,   273.916964463
1,   273.962069297
1,   273.939070497
1,   273.820225782
1,   273.849667336
1,   273.909370872
1,   273.910909382
1,   274.018874065
1,   274.229432988
1,   274.315241598
1,   274.355157910
1,   274.390606621
1,   274.440570036
1,   274.528996646
1,   274.545539399
1,   274.539005741
1,   274.398803341
1,   274.085254510
1,   273.927591824
1,   273.970865767
1,   274.092196205
1,   274.305987454
1,   274.450854362
1,   274.504015952
1,   274.622353896
1,   274.705879694
1,   274.742493539
1,   274.742778537
1,   274.741701756
1,   274.740407476
1,   274.632131100
1,   274.416102646
1,   274.514807311
1,   274.519227771
1,   274.544603635
1,   274.578798313
1,   274.685384000
1,   274.666954637
1,   275.402325157
1,   276.646739235
1,   277.660094707
1,   277.550298296
1,   277.523549866
1,   276.759221772
1,   276.838000480
