1,    11.377654420
1,    11.847843407
1,    12.251420632
1,    12.632615369
1,    13.010024647
1,    13.400748102
1,    13.799786242
1,    14.171042224
1,    14.534854771
1,    14.928321046
1,    15.352233948
1,    15.806983871
1,    16.231652469
1,    16.610122150
1,    17.000074955
1,    17.384457702
1,    17.758686830
1,    18.150438339
1,    18.566787761
1,    19.016443792
1,    19.494477881
1,    19.966059228
1,    20.469373065
1,    20.975575964
1,    21.473515598
1,    21.958052813
1,    22.460710624
1,    22.979814120
1,    23.484879079
1,    23.969677032
1,    24.441874005
1,    24.940541839
1,    25.430408885
1,    25.925624645
1,    26.426386111
1,    26.874236520
1,    27.268997398
1,    27.652753340
1,    28.047815334
1,    28.439549507
1,    28.816972373
1,    29.181820643
1,    29.540948135
1,    29.926192855
1,    30.335835202
1,    30.773702994
1,    31.223857639
1,    31.663790376
1,    32.097366272
1,    32.544829763
1,    32.990459739
1,    33.432728830
1,    33.854004890
1,    34.263505049
1,    34.696353397
1,    35.147508106
1,    35.581964565
1,    36.024773824
1,    36.478976183
1,    36.906086883
1,    37.316051412
1,    37.738915994
1,    38.174153757
1,    38.618592603
1,    39.069313813
1,    39.533867033
1,    40.007747945
1,    40.461120049
1,    40.898668160
1,    41.331733054
1,    41.772369773
1,    42.227853365
1,    42.674640241
1,    43.121435087
1,    43.560819211
1,    43.996780084
1,    44.440739837
1,    44.915049502
1,    45.411040859
1,    45.863207005
1,    46.281119338
1,    46.684917779
1,    47.087408899
1,    47.497477989
1,    47.928437854
1,    48.385964551
1,    48.816495648
1,    49.246092194
1,    49.680494210
1,    50.100937992
1,    50.522781985
1,    50.956168581
1,    51.395838080
1,    51.827156988
1,    52.250919677
1,    52.655750932
1,    53.066698642
1,    53.484221716
1,    53.899354919
1,    54.322226557
1,    54.739365739
1,    55.161577159
1,    55.590975342
1,    56.010029695
1,    56.399935128
1,    56.785244565
1,    57.168069560
1,    57.556684171
1,    57.948807430
1,    58.346018193
1,    58.739989844
1,    59.129916841
1,    59.524184538
1,    59.925329559
1,    60.332562786
1,    60.744481520
1,    61.135685652
1,    61.496814521
1,    61.846242240
1,    62.188951888
1,    62.529546799
1,    62.873516814
1,    63.216798280
1,    63.560796352
1,    63.905339135
1,    64.242822836
1,    64.579217052
1,    64.922550126
1,    65.273542340
1,    65.613011681
1,    65.944297485
1,    66.275533161
1,    66.610293296
1,    66.937387573
1,    67.260183307
1,    67.582618318
1,    67.915407315
1,    68.223826260
1,    68.514166196
1,    68.789914920
1,    69.052794869
1,    69.316565233
1,    69.580931770
1,    69.851750422
1,    70.128241837
1,    70.408605340
1,    70.692577999
1,    70.977774611
1,    71.259625745
1,    71.537242085
1,    71.816468452
1,    72.095239424
1,    72.371984609
1,    72.656028918
1,    72.950340539
1,    73.255171087
1,    73.570638041
1,    73.889476909
1,    74.205075252
1,    74.505468975
1,    74.787663360
1,    75.067668145
1,    75.344256304
1,    75.616608795
1,    75.885504302
1,    76.147858618
1,    76.413884565
1,    76.684438718
1,    76.952407845
1,    77.217306648
1,    77.489392053
1,    77.766462570
1,    78.034807515
1,    78.299085527
1,    78.563311886
1,    78.831990376
1,    79.103884978
1,    79.374272327
1,    79.635584898
1,    79.892022773
1,    80.148978967
1,    80.412033182
1,    80.673609920
1,    80.930689785
1,    81.184466907
1,    81.431415988
1,    81.680412346
1,    81.927780396
1,    82.180090088
1,    82.433452447
1,    82.691914705
1,    82.950904253
1,    83.217914307
1,    83.487763331
1,    83.766259443
1,    84.042305185
1,    84.318190842
1,    84.589468273
1,    84.849909953
1,    85.110558108
1,    85.390362249
1,    85.673394268
1,    85.950262928
1,    86.226109359
1,    86.504048185
1,    86.782633856
1,    87.050224081
1,    87.318995759
1,    87.599460395
1,    87.891585092
1,    88.185093712
1,    88.479005932
1,    88.777916676
1,    89.080026369
1,    89.379089853
1,    89.669160568
1,    89.953421305
1,    90.239987236
1,    90.522877520
1,    90.803454727
1,    91.096238461
1,    91.401461647
1,    91.705604122
1,    92.023738213
1,    92.315473892
1,    92.582661301
1,    92.846456147
1,    93.117565376
1,    93.404365407
1,    93.698937649
1,    94.000575815
1,    94.297233133
1,    94.588275593
1,    94.879263205
1,    95.174947799
1,    95.473094469
1,    95.770393765
1,    96.068872185
1,    96.372013618
1,    96.679209532
1,    96.989201695
1,    97.293848911
1,    97.589639692
1,    97.891348743
1,    98.208099987
1,    98.533264366
1,    98.858672655
1,    99.180785728
1,    99.511040641
1,    99.848956361
1,   100.170224328
1,   100.483060129
1,   100.786676320
1,   101.083532651
1,   101.382022871
1,   101.694317247
1,   102.018820411
1,   102.359240123
1,   102.716759964
1,   103.065847840
1,   103.395414280
1,   103.696570353
1,   103.984398378
1,   104.276498848
1,   104.592982084
1,   104.937945134
1,   105.294994120
1,   105.664550428
1,   106.038122478
1,   106.400682412
1,   106.763742801
1,   107.105179464
1,   107.415550856
1,   107.737610966
1,   108.072330162
1,   108.426826315
1,   108.808180595
1,   109.198693236
1,   109.573417431
1,   109.952568209
1,   110.340227795
1,   110.725157874
1,   111.089955636
1,   111.446783228
1,   111.805537293
1,   112.167923037
1,   112.528832258
1,   112.861911710
1,   113.186707582
1,   113.534189703
1,   113.899355600
1,   114.272509876
1,   114.655236411
1,   115.031656589
1,   115.410265672
1,   115.781454235
1,   116.134181425
1,   116.453993546
1,   116.795864178
1,   117.146503418
1,   117.495584863
1,   117.851351116
1,   118.229820116
1,   118.642018941
1,   119.068976992
1,   119.498475221
1,   119.941455018
1,   120.392009920
1,   120.794702652
1,   121.182858575
1,   121.592564641
1,   122.041512033
1,   122.525513160
1,   123.017582942
1,   123.521384410
1,   124.013106889
1,   124.521432674
1,   125.013734628
1,   125.475324042
1,   125.943745439
1,   126.404852580
1,   126.878984032
1,   127.386091026
1,   127.915372881
1,   128.414136923
1,   128.886927119
1,   129.363376297
1,   129.858018108
1,   130.371241969
1,   130.887367731
1,   131.414040949
1,   131.910921111
1,   132.401131192
1,   132.883971309
1,   133.329268476
1,   133.776093910
1,   134.254039534
1,   134.756456366
1,   135.225222648
1,   135.628959786
1,   135.981916579
1,   136.349340384
1,   136.762483639
1,   137.174909056
1,   137.555112480
1,   137.952364931
1,   138.374972845
1,   138.797174766
1,   139.231721714
1,   139.702668724
1,   140.219274810
1,   140.763988504
1,   141.319818731
1,   141.867907058
1,   142.418204598
1,   142.982575036
1,   143.559517799
1,   144.093059074
1,   144.582257705
1,   145.051408316
1,   145.482945627
1,   145.904214475
1,   146.338324713
1,   146.804613949
1,   147.276361150
1,   147.729734773
1,   148.178581156
1,   148.606148096
1,   149.044347615
1,   149.491608422
1,   149.937243696
1,   150.389118997
1,   150.872222990
1,   151.340161187
1,   151.746498714
1,   152.152440166
1,   152.547012988
1,   152.932762708
1,   153.336777934
1,   153.765117137
1,   154.209418375
1,   154.664618330
1,   155.152311063
1,   155.678993301
1,   156.171030389
1,   156.654992374
1,   157.160377155
1,   157.642104755
1,   158.078639690
1,   158.520693268
1,   159.000922538
1,   159.525194241
1,   160.012197424
1,   160.464490871
1,   160.927720786
1,   161.415474137
1,   161.836180744
1,   162.233417427
1,   162.635883049
1,   163.043234199
1,   163.455918776
1,   163.888639216
1,   164.334460098
1,   164.785549949
1,   165.239147583
1,   165.671152048
1,   166.175994286
1,   166.658454646
1,   167.133049611
1,   167.595030878
1,   168.047201630
1,   168.508785377
1,   168.955522937
1,   169.393149298
1,   169.806321099
1,   170.219077637
1,   170.611428290
1,   171.024478336
1,   171.427158099
1,   171.841856711
1,   172.262272590
1,   172.687549516
1,   173.120178581
1,   173.549115051
1,   173.946568594
1,   174.289667318
1,   174.605174976
1,   174.930712189
1,   175.265681528
1,   175.602914258
1,   175.941582380
1,   176.283172076
1,   176.627934565
1,   176.947785743
1,   177.252429757
1,   177.562064087
1,   177.881953760
1,   178.210525757
1,   178.545744805
1,   178.878964573
1,   179.209782685
1,   179.547784297
1,   179.899756373
1,   180.244371061
1,   180.565404743
1,   180.855873061
1,   181.141261927
1,   181.428220271
1,   181.716967179
1,   182.011263980
1,   182.318404546
1,   182.632872217
1,   182.950652541
1,   183.270798087
1,   183.584696697
1,   183.888439145
1,   184.187776507
1,   184.482133787
1,   184.773819584
1,   185.044323306
1,   185.302972277
1,   185.563345416
1,   185.829130278
1,   186.094360315
1,   186.352232512
1,   186.607355510
1,   186.866802118
1,   187.131911882
1,   187.408685386
1,   187.703119004
1,   187.980394044
1,   188.243729826
1,   188.510243372
1,   188.780563011
1,   189.050272681
1,   189.323648159
1,   189.601045135
1,   189.882236223
1,   190.163091578
1,   190.439596115
1,   190.708275955
1,   190.971235380
1,   191.244127065
1,   191.529977306
1,   191.818735258
1,   192.100680721
1,   192.374735838
1,   192.644296612
1,   192.914742626
1,   193.170598430
1,   193.426065373
1,   193.691580145
1,   193.963270131
1,   194.228895423
1,   194.488967754
1,   194.744030886
1,   194.988160218
1,   195.230481281
1,   195.475806892
1,   195.724492838
1,   195.978282866
1,   196.232806404
1,   196.488236714
1,   196.745853574
1,   197.016553610
1,   197.261664192
1,   197.488702396
1,   197.710351577
1,   197.936229747
1,   198.163735375
1,   198.393184401
1,   198.624043478
1,   198.854217432
1,   199.088053428
1,   199.327062913
1,   199.569412741
1,   199.814081676
1,   200.055059143
1,   200.293255509
1,   200.532654836
1,   200.770889193
1,   200.995664660
1,   201.209105222
1,   201.418019849
1,   201.627059335
1,   201.835186827
1,   202.041790384
1,   202.248386054
1,   202.463770822
1,   202.675916895
1,   202.882348956
1,   203.090505922
1,   203.300157468
1,   203.510320059
1,   203.721510860
1,   203.932436087
1,   204.141839555
1,   204.347827482
1,   204.549348734
1,   204.750244044
1,   204.951452828
1,   205.153170670
1,   205.355699665
1,   205.560190736
1,   205.765864868
1,   205.971942049
1,   206.178053958
1,   206.384443750
1,   206.590307302
1,   206.796464037
1,   207.003053909
1,   207.209315083
1,   207.416495864
1,   207.624852866
1,   207.834676855
1,   208.045884700
1,   208.258444245
1,   208.473961459
1,   208.692592891
1,   208.906503774
1,   209.120496741
1,   209.336413967
1,   209.555723423
1,   209.778800337
1,   210.007040820
1,   210.240558810
1,   210.470135533
1,   210.698783477
1,   210.932205300
1,   211.171614431
1,   211.396537182
1,   211.616674192
1,   211.835789705
1,   212.051652513
1,   212.266664848
1,   212.481229585
1,   212.695963225
1,   212.911721464
1,   213.128606735
1,   213.346497116
1,   213.565631579
1,   213.785194864
1,   214.005088063
1,   214.224343320
1,   214.444243792
1,   214.664472403
1,   214.884614300
1,   215.104737020
1,   215.326640557
1,   215.549621427
1,   215.773365179
1,   215.998174463
1,   216.221122845
1,   216.445163727
1,   216.669990807
1,   216.894422583
1,   217.118559874
1,   217.343527563
1,   217.569328449
1,   217.795927887
1,   218.023608706
1,   218.251270603
1,   218.478563456
1,   218.705530677
1,   218.932784119
1,   219.161239228
1,   219.390743109
1,   219.620442736
1,   219.849146348
1,   220.078702748
1,   220.309486392
1,   220.540764711
1,   220.773877962
1,   221.010138614
1,   221.247952856
1,   221.486725209
1,   221.726392421
1,   221.967142732
1,   222.209480103
1,   222.452455300
1,   222.695761729
1,   222.937638290
1,   223.175853839
1,   223.412483555
1,   223.650123650
1,   223.889782277
1,   224.132675206
1,   224.377901522
1,   224.624237249
1,   224.872555197
1,   225.122386884
1,   225.373092413
1,   225.624174520
1,   225.875611339
1,   226.127398240
1,   226.378074935
1,   226.626202778
1,   226.876054543
1,   227.126348952
1,   227.377369454
1,   227.629236563
1,   227.882938984
1,   228.136747848
1,   228.401259585
1,   228.684548121
1,   228.983995920
1,   229.281674043
1,   229.578947883
1,   229.864179448
