1,     0.000002815
1,     0.000002415
1,     0.000002277
1,     0.000002250
1,     0.000002324
1,     0.000002369
1,     0.000002200
1,     0.000002151
1,     0.000002321
1,     0.000002496
1,     0.000002673
1,     0.000002494
1,     0.000002220
1,     0.000002282
1,     0.000002245
1,     0.000002181
1,     0.000002279
1,     0.000002417
1,     0.000002607
1,     0.000002769
1,     0.000002731
1,     0.000002914
1,     0.000002932
1,     0.000002886
1,     0.000002809
1,     0.000002915
1,     0.000003012
1,     0.000002934
1,     0.000002818
1,     0.000002745
1,     0.000002899
1,     0.000002850
1,     0.000002882
1,     0.000002916
1,     0.000002610
1,     0.000002300
1,     0.000002234
1,     0.000002297
1,     0.000002276
1,     0.000002190
1,     0.000002115
1,     0.000002079
1,     0.000002227
1,     0.000002365
1,     0.000002527
1,     0.000002597
1,     0.000002539
1,     0.000002502
1,     0.000002582
1,     0.000002573
1,     0.000002554
1,     0.000002434
1,     0.000002365
1,     0.000002499
1,     0.000002605
1,     0.000002510
1,     0.000002558
1,     0.000002625
1,     0.000002470
1,     0.000002371
1,     0.000002444
1,     0.000002515
1,     0.000002567
1,     0.000002603
1,     0.000002683
1,     0.000002738
1,     0.000002621
1,     0.000002530
1,     0.000002503
1,     0.000002546
1,     0.000002632
1,     0.000002582
1,     0.000002582
1,     0.000002539
1,     0.000002519
1,     0.000002564
1,     0.000002739
1,     0.000002866
1,     0.000002615
1,     0.000002418
1,     0.000002335
1,     0.000002325
1,     0.000002366
1,     0.000002485
1,     0.000002637
1,     0.000002483
1,     0.000002478
1,     0.000002506
1,     0.000002426
1,     0.000002434
1,     0.000002500
1,     0.000002536
1,     0.000002489
1,     0.000002445
1,     0.000002335
1,     0.000002369
1,     0.000002406
1,     0.000002391
1,     0.000002435
1,     0.000002402
1,     0.000002430
1,     0.000002471
1,     0.000002412
1,     0.000002244
1,     0.000002215
1,     0.000002199
1,     0.000002230
1,     0.000002249
1,     0.000002276
1,     0.000002256
1,     0.000002232
1,     0.000002255
1,     0.000002293
1,     0.000002327
1,     0.000002353
1,     0.000002235
1,     0.000002062
1,     0.000001992
1,     0.000001951
1,     0.000001935
1,     0.000001951
1,     0.000001944
1,     0.000001945
1,     0.000001945
1,     0.000001902
1,     0.000001892
1,     0.000001927
1,     0.000001967
1,     0.000001900
1,     0.000001851
1,     0.000001847
1,     0.000001863
1,     0.000001817
1,     0.000001789
1,     0.000001784
1,     0.000001838
1,     0.000001700
1,     0.000001597
1,     0.000001513
1,     0.000001439
1,     0.000001440
1,     0.000001439
1,     0.000001471
1,     0.000001498
1,     0.000001515
1,     0.000001532
1,     0.000001535
1,     0.000001514
1,     0.000001488
1,     0.000001493
1,     0.000001488
1,     0.000001474
1,     0.000001510
1,     0.000001561
1,     0.000001614
1,     0.000001668
1,     0.000001684
1,     0.000001665
1,     0.000001582
1,     0.000001484
1,     0.000001470
1,     0.000001449
1,     0.000001424
1,     0.000001403
1,     0.000001366
1,     0.000001382
1,     0.000001402
1,     0.000001386
1,     0.000001367
1,     0.000001401
1,     0.000001424
1,     0.000001376
1,     0.000001353
1,     0.000001350
1,     0.000001369
1,     0.000001383
1,     0.000001373
1,     0.000001324
1,     0.000001296
1,     0.000001296
1,     0.000001324
1,     0.000001313
1,     0.000001288
1,     0.000001269
1,     0.000001232
1,     0.000001239
1,     0.000001228
1,     0.000001249
1,     0.000001252
1,     0.000001274
1,     0.000001274
1,     0.000001311
1,     0.000001322
1,     0.000001362
1,     0.000001348
1,     0.000001345
1,     0.000001320
1,     0.000001265
1,     0.000001264
1,     0.000001354
1,     0.000001367
1,     0.000001336
1,     0.000001328
1,     0.000001336
1,     0.000001337
1,     0.000001283
1,     0.000001286
1,     0.000001339
1,     0.000001393
1,     0.000001398
1,     0.000001398
1,     0.000001420
1,     0.000001434
1,     0.000001418
1,     0.000001374
1,     0.000001345
1,     0.000001354
1,     0.000001335
1,     0.000001322
1,     0.000001377
1,     0.000001434
1,     0.000001428
1,     0.000001492
1,     0.000001367
1,     0.000001251
1,     0.000001233
1,     0.000001265
1,     0.000001336
1,     0.000001370
1,     0.000001402
1,     0.000001377
1,     0.000001350
1,     0.000001348
1,     0.000001368
1,     0.000001378
1,     0.000001373
1,     0.000001377
1,     0.000001397
1,     0.000001414
1,     0.000001426
1,     0.000001400
1,     0.000001358
1,     0.000001384
1,     0.000001452
1,     0.000001489
1,     0.000001490
1,     0.000001474
1,     0.000001510
1,     0.000001545
1,     0.000001469
1,     0.000001429
1,     0.000001386
1,     0.000001354
1,     0.000001360
1,     0.000001422
1,     0.000001477
1,     0.000001548
1,     0.000001626
1,     0.000001588
1,     0.000001499
1,     0.000001370
1,     0.000001308
1,     0.000001326
1,     0.000001435
1,     0.000001563
1,     0.000001618
1,     0.000001675
1,     0.000001694
1,     0.000001645
1,     0.000001648
1,     0.000001551
1,     0.000001409
1,     0.000001461
1,     0.000001518
1,     0.000001608
1,     0.000001730
1,     0.000001773
1,     0.000001703
1,     0.000001724
1,     0.000001764
1,     0.000001753
1,     0.000001663
1,     0.000001627
1,     0.000001637
1,     0.000001654
1,     0.000001648
1,     0.000001521
1,     0.000001483
1,     0.000001586
1,     0.000001666
1,     0.000001704
1,     0.000001748
1,     0.000001721
1,     0.000001732
1,     0.000001699
1,     0.000001616
1,     0.000001465
1,     0.000001565
1,     0.000001605
1,     0.000001598
1,     0.000001629
1,     0.000001733
1,     0.000001888
1,     0.000001958
1,     0.000001973
1,     0.000002037
1,     0.000002076
1,     0.000001858
1,     0.000001793
1,     0.000001893
1,     0.000002076
1,     0.000002242
1,     0.000002285
1,     0.000002346
1,     0.000002297
1,     0.000002381
1,     0.000002313
1,     0.000002175
1,     0.000002212
1,     0.000002183
1,     0.000002249
1,     0.000002411
1,     0.000002525
1,     0.000002388
1,     0.000002271
1,     0.000002294
1,     0.000002388
1,     0.000002485
1,     0.000002508
1,     0.000002569
1,     0.000002434
1,     0.000002409
1,     0.000002380
1,     0.000002202
1,     0.000002214
1,     0.000002373
1,     0.000002501
1,     0.000002342
1,     0.000002023
1,     0.000001770
1,     0.000001842
1,     0.000002072
1,     0.000002071
1,     0.000001911
1,     0.000001998
1,     0.000002127
1,     0.000002128
1,     0.000002193
1,     0.000002381
1,     0.000002619
1,     0.000002772
1,     0.000002843
1,     0.000002818
1,     0.000002844
1,     0.000002932
1,     0.000003015
1,     0.000002805
1,     0.000002584
1,     0.000002487
1,     0.000002295
1,     0.000002244
1,     0.000002316
1,     0.000002493
1,     0.000002530
1,     0.000002439
1,     0.000002421
1,     0.000002313
1,     0.000002375
1,     0.000002430
1,     0.000002428
1,     0.000002469
1,     0.000002647
1,     0.000002573
1,     0.000002242
1,     0.000002243
1,     0.000002183
1,     0.000002136
1,     0.000002238
1,     0.000002376
1,     0.000002470
1,     0.000002537
1,     0.000002726
1,     0.000002956
1,     0.000002777
1,     0.000002744
1,     0.000002877
1,     0.000002756
1,     0.000002509
1,     0.000002547
1,     0.000002776
1,     0.000003044
1,     0.000002845
1,     0.000002655
1,     0.000002729
1,     0.000002886
1,     0.000002502
1,     0.000002369
1,     0.000002405
1,     0.000002439
1,     0.000002477
1,     0.000002604
1,     0.000002692
1,     0.000002735
1,     0.000002762
1,     0.000002642
1,     0.000003099
1,     0.000002983
1,     0.000002952
1,     0.000002891
1,     0.000002845
1,     0.000002919
1,     0.000002841
1,     0.000002798
1,     0.000002654
1,     0.000002662
1,     0.000002540
1,     0.000002682
1,     0.000002626
1,     0.000002715
1,     0.000002765
1,     0.000002810
1,     0.000002873
1,     0.000002864
1,     0.000002668
1,     0.000002312
1,     0.000002130
1,     0.000002199
1,     0.000002264
1,     0.000002282
1,     0.000002295
1,     0.000002318
1,     0.000002343
1,     0.000002177
1,     0.000002074
1,     0.000002108
1,     0.000002178
1,     0.000002238
1,     0.000002286
1,     0.000002275
1,     0.000002261
1,     0.000002312
1,     0.000002411
1,     0.000002365
1,     0.000002207
1,     0.000001998
1,     0.000001962
1,     0.000001970
1,     0.000001981
1,     0.000002017
1,     0.000002104
1,     0.000002154
1,     0.000002177
1,     0.000002195
1,     0.000002153
1,     0.000002085
1,     0.000002054
1,     0.000002019
1,     0.000002000
1,     0.000001854
1,     0.000001770
1,     0.000001777
1,     0.000001810
1,     0.000001803
1,     0.000001750
1,     0.000001727
1,     0.000001752
1,     0.000001786
1,     0.000001860
1,     0.000001976
1,     0.000001860
1,     0.000001764
1,     0.000001782
1,     0.000001805
1,     0.000001798
1,     0.000001819
1,     0.000001843
1,     0.000001866
1,     0.000001861
1,     0.000001830
1,     0.000001776
1,     0.000001735
1,     0.000001797
1,     0.000001879
1,     0.000001897
1,     0.000001851
1,     0.000001797
1,     0.000001765
1,     0.000001768
1,     0.000001670
1,     0.000001664
1,     0.000001725
1,     0.000001762
1,     0.000001720
1,     0.000001680
1,     0.000001645
1,     0.000001570
1,     0.000001554
1,     0.000001569
1,     0.000001586
1,     0.000001615
1,     0.000001615
1,     0.000001617
1,     0.000001627
1,     0.000001706
1,     0.000001543
1,     0.000001425
1,     0.000001387
1,     0.000001410
1,     0.000001416
1,     0.000001424
1,     0.000001430
1,     0.000001422
1,     0.000001441
1,     0.000001469
1,     0.000001486
1,     0.000001497
1,     0.000001471
1,     0.000001451
1,     0.000001455
1,     0.000001445
1,     0.000001360
1,     0.000001288
1,     0.000001257
1,     0.000001254
1,     0.000001244
1,     0.000001231
1,     0.000001227
1,     0.000001275
1,     0.000001252
1,     0.000001214
1,     0.000001221
1,     0.000001225
1,     0.000001224
1,     0.000001227
1,     0.000001221
1,     0.000001209
1,     0.000001185
1,     0.000001156
1,     0.000001148
1,     0.000001146
1,     0.000001145
1,     0.000001146
1,     0.000001153
1,     0.000001156
1,     0.000001154
1,     0.000001151
1,     0.000001148
1,     0.000001142
1,     0.000001140
1,     0.000001139
1,     0.000001133
1,     0.000001135
1,     0.000001138
1,     0.000001142
1,     0.000001146
1,     0.000001150
1,     0.000001163
1,     0.000001176
1,     0.000001148
1,     0.000001145
1,     0.000001152
1,     0.000001167
1,     0.000001184
1,     0.000001208
1,     0.000001233
1,     0.000001210
1,     0.000001203
1,     0.000001225
1,     0.000001254
1,     0.000001176
1,     0.000001148
1,     0.000001140
1,     0.000001120
1,     0.000001113
1,     0.000001107
1,     0.000001105
1,     0.000001107
1,     0.000001110
1,     0.000001112
1,     0.000001116
1,     0.000001115
1,     0.000001114
1,     0.000001108
1,     0.000001109
1,     0.000001108
1,     0.000001104
1,     0.000001102
1,     0.000001108
1,     0.000001110
1,     0.000001112
1,     0.000001114
1,     0.000001102
1,     0.000001105
1,     0.000001107
1,     0.000001102
1,     0.000001098
1,     0.000001100
1,     0.000001101
1,     0.000001103
1,     0.000001105
1,     0.000001103
1,     0.000001099
1,     0.000001095
1,     0.000001094
1,     0.000001097
1,     0.000001100
1,     0.000001098
1,     0.000001091
1,     0.000001093
1,     0.000001097
1,     0.000001097
1,     0.000001103
1,     0.000001116
1,     0.000001121
1,     0.000001124
1,     0.000001126
1,     0.000001129
1,     0.000001134
1,     0.000001135
1,     0.000001135
1,     0.000001126
1,     0.000001107
1,     0.000001098
1,     0.000001100
1,     0.000001108
1,     0.000001121
1,     0.000001129
1,     0.000001133
1,     0.000001140
1,     0.000001145
1,     0.000001147
1,     0.000001147
1,     0.000001147
1,     0.000001147
1,     0.000001141
1,     0.000001127
1,     0.000001133
1,     0.000001134
1,     0.000001135
1,     0.000001137
1,     0.000001144
1,     0.000001143
1,     0.000001189
1,     0.000001272
1,     0.000001344
1,     0.000001336
1,     0.000001334
1,     0.000001280
1,     0.000001285
