1,   433.762582100
1,   433.849559844
1,   433.998404778
1,   434.168675216
1,   434.344606131
1,   434.511311470
1,   434.673734596
1,   434.864408695
1,   435.064107884
1,   435.239416973
1,   435.389154242
1,   435.512663651
1,   435.664383983
1,   435.859636310
1,   436.046396726
1,   436.239017221
1,   436.440814922
1,   436.628463815
1,   436.795371139
1,   436.933360529
1,   437.045734165
1,   437.161921746
1,   437.237898005
1,   437.310840514
1,   437.391194663
1,   437.482969321
1,   437.560146525
1,   437.623250952
1,   437.699283829
1,   437.794561260
1,   437.902637301
1,   437.985415725
1,   438.075726794
1,   438.161794431
1,   438.242739614
1,   438.364679227
1,   438.520305277
1,   438.686300367
1,   438.842459092
1,   439.002079469
1,   439.174914726
1,   439.359691894
1,   439.550155163
1,   439.718050100
1,   439.867881230
1,   440.002461253
1,   440.124033313
1,   440.245809413
1,   440.372566749
1,   440.486115242
1,   440.601259377
1,   440.719343162
1,   440.856524643
1,   441.004733419
1,   441.132837554
1,   441.245741793
1,   441.373528010
1,   441.493386254
1,   441.603523508
1,   441.741710468
1,   441.902278968
1,   442.058911822
1,   442.209422280
1,   442.354515350
1,   442.496105883
1,   442.626738261
1,   442.750099608
1,   442.892613907
1,   443.050025596
1,   443.212336769
1,   443.368797052
1,   443.512960560
1,   443.666093957
1,   443.820266423
1,   443.982035438
1,   444.147885757
1,   444.307494638
1,   444.440366623
1,   444.553576308
1,   444.706320267
1,   444.890911242
1,   445.089312526
1,   445.289912645
1,   445.484621990
1,   445.660039001
1,   445.804469995
1,   445.963880686
1,   446.122946568
1,   446.276185639
1,   446.443892167
1,   446.615373094
1,   446.780314597
1,   446.941843261
1,   447.112273953
1,   447.290194836
1,   447.485944807
1,   447.676867216
1,   447.862417025
1,   448.050806901
1,   448.233004604
1,   448.420296241
1,   448.602325893
1,   448.778262612
1,   448.964322491
1,   449.176648575
1,   449.392769910
1,   449.611470706
1,   449.824608089
1,   450.034704724
1,   450.240472029
1,   450.449657767
1,   450.662149013
1,   450.871293517
1,   451.074641216
1,   451.272761469
1,   451.466886791
1,   451.679982414
1,   451.920922686
1,   452.173341771
1,   452.432798503
1,   452.695047130
1,   452.955481282
1,   453.217824805
1,   453.480798230
1,   453.744476001
1,   454.015657935
1,   454.288951919
1,   454.557451015
1,   454.820212982
1,   455.093998805
1,   455.374139289
1,   455.655608430
1,   455.935176978
1,   456.220159065
1,   456.505603278
1,   456.790626259
1,   457.065245752
1,   457.356156146
1,   457.661080963
1,   457.973036560
1,   458.284913257
1,   458.594949706
1,   458.902717375
1,   459.204674624
1,   459.502128836
1,   459.796731374
1,   460.088786853
1,   460.380324909
1,   460.675333660
1,   460.974413389
1,   461.272490769
1,   461.571522360
1,   461.872865861
1,   462.168417367
1,   462.455590351
1,   462.734143301
1,   463.003921204
1,   463.271942117
1,   463.542085402
1,   463.824964287
1,   464.123674246
1,   464.424312407
1,   464.727930781
1,   465.035324152
1,   465.345678589
1,   465.661677328
1,   465.974629395
1,   466.283847250
1,   466.595310888
1,   466.909635989
1,   467.218210797
1,   467.523066889
1,   467.835713236
1,   468.152005762
1,   468.468529884
1,   468.781618426
1,   469.092555057
1,   469.405165951
1,   469.725886977
1,   470.050957443
1,   470.376063387
1,   470.696512321
1,   471.018643532
1,   471.344932674
1,   471.674153745
1,   472.009444672
1,   472.343122673
1,   472.678052203
1,   473.009025733
1,   473.339388417
1,   473.665765529
1,   473.992045040
1,   474.312254802
1,   474.630611769
1,   474.942331188
1,   475.256501175
1,   475.570896335
1,   475.889513940
1,   476.217078923
1,   476.544548023
1,   476.856693564
1,   477.166625597
1,   477.481878900
1,   477.798460449
1,   478.113684355
1,   478.428762958
1,   478.753129059
1,   479.076960933
1,   479.391720147
1,   479.697547945
1,   480.002648112
1,   480.307456032
1,   480.608494068
1,   480.907376808
1,   481.208962367
1,   481.518011439
1,   481.831653453
1,   482.143762853
1,   482.459288299
1,   482.776592400
1,   483.084251809
1,   483.382478062
1,   483.682045870
1,   483.970864514
1,   484.281080261
1,   484.610838525
1,   484.943322261
1,   485.270471714
1,   485.585672107
1,   485.895251444
1,   486.199720165
1,   486.508639791
1,   486.822331517
1,   487.136591490
1,   487.447619665
1,   487.757247792
1,   488.068124135
1,   488.378644372
1,   488.686040875
1,   488.990809056
1,   489.293942362
1,   489.601840230
1,   489.916586073
1,   490.226726982
1,   490.525321078
1,   490.817761214
1,   491.110552955
1,   491.405861838
1,   491.694786627
1,   491.978138138
1,   492.274754959
1,   492.577953928
1,   492.889021445
1,   493.205477724
1,   493.521203717
1,   493.826603902
1,   494.123022200
1,   494.407468114
1,   494.678928378
1,   494.957619557
1,   495.251415092
1,   495.567997346
1,   495.895011455
1,   496.218868090
1,   496.524246442
1,   496.807686553
1,   497.082099790
1,   497.346699278
1,   497.608513135
1,   497.879538657
1,   498.150766598
1,   498.439684264
1,   498.753587065
1,   499.058767415
1,   499.354640928
1,   499.635466650
1,   499.895487073
1,   500.148631559
1,   500.414398453
1,   500.676873211
1,   500.933023985
1,   501.190932535
1,   501.465331880
1,   501.746721411
1,   502.026692492
1,   502.304307646
1,   502.583799656
1,   502.885833545
1,   503.194724409
1,   503.485434787
1,   503.762346951
1,   504.033420485
1,   504.297374504
1,   504.567077023
1,   504.835697112
1,   505.111064172
1,   505.402084386
1,   505.720026901
1,   506.020570918
1,   506.314840328
1,   506.611151291
1,   506.905493893
1,   507.188463406
1,   507.452589643
1,   507.711414811
1,   507.973754215
1,   508.228205791
1,   508.477111224
1,   508.766385652
1,   509.068139962
1,   509.353102231
1,   509.606248010
1,   509.830526627
1,   510.047970022
1,   510.255269815
1,   510.472120242
1,   510.674791390
1,   510.890438568
1,   511.132214236
1,   511.368569711
1,   511.611417048
1,   511.843477173
1,   512.047142842
1,   512.230845958
1,   512.438925853
1,   512.666317131
1,   512.890844417
1,   513.099786810
1,   513.292098528
1,   513.480205634
1,   513.654667266
1,   513.852762244
1,   514.056435519
1,   514.266223058
1,   514.507633449
1,   514.748016179
1,   514.961375572
1,   515.152408437
1,   515.372898340
1,   515.651899369
1,   515.962061196
1,   516.262229501
1,   516.529418151
1,   516.798787348
1,   517.095771876
1,   517.380428455
1,   517.644668166
1,   517.910421087
1,   518.165706084
1,   518.388783595
1,   518.570292012
1,   518.724462922
1,   518.863681833
1,   519.005386190
1,   519.144018349
1,   519.268426151
1,   519.379377080
1,   519.529635642
1,   519.721879034
1,   519.933086012
1,   520.180524488
1,   520.437897869
1,   520.682245005
1,   520.894062977
1,   521.099654052
1,   521.317342147
1,   521.533392356
1,   521.769798159
1,   521.995786056
1,   522.213333226
1,   522.434418959
1,   522.651431593
1,   522.838355032
1,   523.039768321
1,   523.303502212
1,   523.568716478
1,   523.846049580
1,   524.132885789
1,   524.401085128
1,   524.643709350
1,   524.868800593
1,   525.081391359
1,   525.258792582
1,   525.393004822
1,   525.559912544
1,   525.732748357
1,   525.880178991
1,   526.049413953
1,   526.264178050
1,   526.471263738
1,   526.635075698
1,   526.748111914
1,   526.897267350
1,   527.081131959
1,   527.250852817
1,   527.390787326
1,   527.600926695
1,   527.835817421
1,   528.063733207
1,   528.284830433
1,   528.498412933
1,   528.687984257
1,   528.860425889
1,   529.023975620
1,   529.181675321
1,   529.360122822
1,   529.435274183
1,   529.533780043
1,   529.639720093
1,   529.758697721
1,   529.887287018
1,   530.003315415
1,   530.133956065
1,   530.270381830
1,   530.435149248
1,   530.600047549
1,   530.788715956
1,   530.941177356
1,   531.099466922
1,   531.238382503
1,   531.371503250
1,   531.500458236
1,   531.618925526
1,   531.738279222
1,   531.887755284
1,   532.104836122
1,   532.359430009
1,   532.604715397
1,   532.839728268
1,   533.072157197
1,   533.302821070
1,   533.529607726
1,   533.751974003
1,   534.005906007
1,   534.279388252
1,   534.546655619
1,   534.801443466
1,   535.046483133
1,   535.284224308
1,   535.525491108
1,   535.770745394
1,   536.007032571
1,   536.225422602
1,   536.449925530
1,   536.699799678
1,   536.989114061
1,   537.286022314
1,   537.582021589
1,   537.877086368
1,   538.166749107
1,   538.441671686
1,   538.708426480
1,   538.969119046
1,   539.223197265
1,   539.485197649
1,   539.761118558
1,   540.043565194
1,   540.332101353
1,   540.622959726
1,   540.942547895
1,   541.279138749
1,   541.615961347
1,   541.948355934
1,   542.283000150
1,   542.627144195
1,   542.977055523
1,   543.323508051
1,   543.664338476
1,   543.986597959
1,   544.282084335
1,   544.599498712
1,   544.934545389
1,   545.267049613
1,   545.595761882
1,   545.926165038
1,   546.252696341
1,   546.575027264
1,   546.893570635
1,   547.213533972
1,   547.540399282
1,   547.878486413
1,   548.225281531
1,   548.557404992
1,   548.872094747
1,   549.183229854
1,   549.503588005
1,   549.834597943
1,   550.171714050
1,   550.508446234
1,   550.864562414
1,   551.222451813
1,   551.569227662
1,   551.909975638
1,   552.260015569
1,   552.615536337
1,   552.976728832
1,   553.352839276
1,   553.732139729
1,   554.108230307
1,   554.481262245
1,   554.848498612
1,   555.215128391
1,   555.581296439
1,   555.943921796
1,   556.288412494
1,   556.660744073
1,   557.042936307
1,   557.419619828
1,   557.788154383
1,   558.154126204
1,   558.517714431
1,   558.882537758
1,   559.252944976
1,   559.622667640
1,   559.989262629
1,   560.355433098
1,   560.722336893
1,   561.090700971
1,   561.451942252
1,   561.807834361
1,   562.165382995
1,   562.539285364
1,   562.926994858
1,   563.320768868
1,   563.714857077
1,   564.110759878
1,   564.509291199
1,   564.908615809
1,   565.298279736
1,   565.692414714
1,   566.093787340
1,   566.493453276
1,   566.891795499
1,   567.289877154
1,   567.687520152
1,   568.086227011
1,   568.487467954
1,   568.893397782
1,   569.304825620
1,   569.717283619
1,   570.129971734
1,   570.542735227
1,   570.955249882
1,   571.366139653
1,   571.775745507
1,   572.185221561
1,   572.594914616
1,   573.004616700
1,   573.415445563
1,   573.826520073
1,   574.237633873
1,   574.649814142
1,   575.061349635
1,   575.471980077
1,   575.881611594
1,   576.290111241
1,   576.697840513
1,   577.102964531
1,   577.504709657
1,   577.911810449
1,   578.319371225
1,   578.725509823
1,   579.128611485
1,   579.527817349
1,   579.922097172
1,   580.311323750
1,   580.705434350
1,   581.100999165
1,   581.491748734
1,   581.876250132
1,   582.276150817
1,   582.681319626
1,   583.087688696
1,   583.497829484
1,   583.909251382
1,   584.321618291
1,   584.733969740
1,   585.145628437
1,   585.556703954
1,   585.967422466
1,   586.377602999
1,   586.788134231
1,   587.199009364
1,   587.610588802
1,   588.021781362
1,   588.433015456
1,   588.844717580
1,   589.256932088
1,   589.668026991
1,   590.078800063
1,   590.488998063
1,   590.897820154
1,   591.308770419
1,   591.719367204
1,   592.129908694
1,   592.541208002
1,   592.953198013
1,   593.364890711
1,   593.776512841
1,   594.187801916
1,   594.598135595
1,   595.008741017
1,   595.419530368
1,   595.830776800
1,   596.242199657
1,   596.652859700
1,   597.062969362
1,   597.473726696
1,   597.885592788
1,   598.296910112
1,   598.707684476
1,   599.118766969
1,   599.528720276
1,   599.936554975
1,   600.343587395
1,   600.749702297
1,   601.155910003
1,   601.562046259
1,   601.967429666
1,   602.372909494
1,   602.778652746
1,   603.186109066
1,   603.597721606
1,   604.010918723
1,   604.423339788
1,   604.833987710
1,   605.241594589
1,   605.647284275
1,   606.052317850
1,   606.456530607
1,   606.859951719
1,   607.263271784
1,   607.666362439
1,   608.069598908
1,   608.472979733
1,   608.878282275
1,   609.286183735
1,   609.693540245
1,   610.101057160
1,   610.509079496
1,   610.916250806
1,   611.321713070
1,   611.727859687
1,   612.123832911
1,   612.501912233
1,   612.864861864
1,   613.230309263
1,   613.596030303
1,   613.974277512
