1,     0.200417977
1,     0.199893420
1,     0.199479936
1,     0.192440286
1,     0.185426065
1,     0.179545783
1,     0.176021955
1,     0.173684364
1,     0.171588308
1,     0.169673897
1,     0.167569062
1,     0.165787644
1,     0.164224792
1,     0.163164384
1,     0.163213895
1,     0.165679147
1,     0.164300757
1,     0.162779654
1,     0.161443087
1,     0.161981102
1,     0.165839098
1,     0.218308710
1,     0.222023923
1,     0.227063114
1,     0.230333709
1,     0.220049572
1,     0.208984874
1,     0.199005813
1,     0.190838342
1,     0.184492026
1,     0.194692107
1,     0.199754021
1,     0.197447495
1,     0.217899076
1,     0.244328608
1,     0.260036940
1,     0.260182256
1,     0.260382424
1,     0.260568269
1,     0.260761498
1,     0.260933149
1,     0.261070556
1,     0.261171103
1,     0.258929082
1,     0.249693870
1,     0.252845283
1,     0.261345267
1,     0.261765059
1,     0.262252289
1,     0.262560173
1,     0.262760131
1,     0.262902552
1,     0.263030100
1,     0.263115319
1,     0.262750465
1,     0.263213992
1,     0.263256354
1,     0.263284997
1,     0.261019487
1,     0.255718434
1,     0.248512622
1,     0.242299998
1,     0.237515457
1,     0.232732581
1,     0.227328908
1,     0.220229762
1,     0.213406846
1,     0.207354742
1,     0.201728197
1,     0.196757377
1,     0.191810451
1,     0.187746142
1,     0.185099963
1,     0.183280576
1,     0.181273510
1,     0.179043975
1,     0.177221279
1,     0.175690878
1,     0.174454482
1,     0.173533020
1,     0.172763059
1,     0.172047026
1,     0.171408148
1,     0.174413366
1,     0.227261369
1,     0.247871054
1,     0.249807089
1,     0.251355718
1,     0.249611907
1,     0.242881981
1,     0.235678289
1,     0.229207706
1,     0.223644169
1,     0.220923550
1,     0.217039330
1,     0.211492181
1,     0.204864252
1,     0.199091435
1,     0.194323893
1,     0.200794733
1,     0.205183799
1,     0.198802971
1,     0.193841660
1,     0.198332734
1,     0.204478147
1,     0.203974118
1,     0.221660246
1,     0.218503006
1,     0.214513542
1,     0.213627905
1,     0.225300125
1,     0.222070175
1,     0.218332845
1,     0.213903025
1,     0.208845627
1,     0.207658684
1,     0.203378090
1,     0.198985854
1,     0.195834684
1,     0.192898948
1,     0.189688964
1,     0.186857586
1,     0.184541317
1,     0.182658614
1,     0.181152242
1,     0.179394876
1,     0.177454601
1,     0.176069584
1,     0.175668082
1,     0.178433179
1,     0.177182075
1,     0.175851663
1,     0.179564269
1,     0.190014830
1,     0.196382389
1,     0.226478395
1,     0.242042188
1,     0.245428817
1,     0.252737835
1,     0.262280992
1,     0.263039569
1,     0.264236799
1,     0.264435988
1,     0.264436086
1,     0.264436211
1,     0.264436357
1,     0.264436519
1,     0.264436691
1,     0.264436869
1,     0.264437052
1,     0.264437238
1,     0.264437424
1,     0.264437610
1,     0.264437793
1,     0.264437972
1,     0.264438145
1,     0.263915794
1,     0.264438476
1,     0.264438734
1,     0.264439245
1,     0.264440015
1,     0.264441080
1,     0.264441609
1,     0.264441609
1,     0.264441609
1,     0.264441609
1,     0.264441609
1,     0.264441609
1,     0.264441609
1,     0.264441609
1,     0.264441609
1,     0.264441609
1,     0.264441609
1,     0.264441609
1,     0.264441609
1,     0.264441609
1,     0.264441609
1,     0.264441609
1,     0.264441609
1,     0.264441609
1,     0.264441609
1,     0.264441609
1,     0.264441609
1,     0.264441609
1,     0.264441609
1,     0.264441609
1,     0.264441609
1,     0.264441609
1,     0.264441609
1,     0.264441609
1,     0.264441609
1,     0.264441609
1,     0.264441609
1,     0.264441609
1,     0.264441609
1,     0.264441609
1,     0.264441609
1,     0.264441609
1,     0.264441609
1,     0.264441609
1,     0.264441609
1,     0.264441609
1,     0.264441609
1,     0.264441609
1,     0.264441609
1,     0.264441609
1,     0.264441609
1,     0.264441609
1,     0.264441609
1,     0.264441609
1,     0.264441609
1,     0.264441609
1,     0.264441609
1,     0.264441609
1,     0.264441609
1,     0.264441609
1,     0.264441609
1,     0.264441609
1,     0.264441609
1,     0.264441609
1,     0.264441609
1,     0.264441609
1,     0.264441609
1,     0.264441609
1,     0.264441609
1,     0.264441609
1,     0.264441609
1,     0.264441609
1,     0.264441609
1,     0.264441609
1,     0.264441609
1,     0.264441609
1,     0.264441609
1,     0.264441609
1,     0.264441609
1,     0.264441609
1,     0.264441609
1,     0.264441609
1,     0.264441609
1,     0.264441609
1,     0.264441609
1,     0.264441609
1,     0.264441609
1,     0.264441609
1,     0.264441609
1,     0.264441609
1,     0.264441609
1,     0.264441609
1,     0.264441609
1,     0.264441609
1,     0.264441609
1,     0.264441609
1,     0.264441609
1,     0.264441609
1,     0.264441609
1,     0.264441609
1,     0.264441609
1,     0.264441609
1,     0.264441609
1,     0.264441609
1,     0.264441609
1,     0.264441609
1,     0.264441609
1,     0.264441609
1,     0.264441609
1,     0.264441609
1,     0.264441609
1,     0.264441609
1,     0.264441609
1,     0.264441609
1,     0.264441609
1,     0.264441609
1,     0.264441609
1,     0.264441609
1,     0.264441609
1,     0.264441609
1,     0.264441609
1,     0.264441609
1,     0.264441609
1,     0.264441609
1,     0.264441609
1,     0.264441609
1,     0.264441609
1,     0.264441609
1,     0.264441609
1,     0.264441609
1,     0.264441609
1,     0.264441609
1,     0.264441609
1,     0.264441609
1,     0.264441609
1,     0.264441609
1,     0.264441609
1,     0.264441609
1,     0.264441609
1,     0.264441609
1,     0.264441609
1,     0.264441609
1,     0.264441609
1,     0.264441609
1,     0.262960757
1,     0.258857485
1,     0.252479074
1,     0.245465001
1,     0.237191885
1,     0.229486094
1,     0.224381448
1,     0.221218498
1,     0.218330754
1,     0.212599677
1,     0.206429481
1,     0.199826520
1,     0.195447712
1,     0.192772493
1,     0.190986667
1,     0.189865436
1,     0.188829648
1,     0.187956701
1,     0.187091043
1,     0.186040714
1,     0.185088621
1,     0.184097414
1,     0.183130015
1,     0.184362071
1,     0.192334789
1,     0.190101446
1,     0.187618639
1,     0.186067971
1,     0.186774043
1,     0.216722165
1,     0.226814167
1,     0.222583898
1,     0.218905657
1,     0.228564685
1,     0.225625870
1,     0.215822840
1,     0.205383534
1,     0.200010569
1,     0.223494596
1,     0.250936902
1,     0.248094804
1,     0.237056807
1,     0.235113474
1,     0.238191167
1,     0.231185635
1,     0.221134417
1,     0.210473313
1,     0.199832057
1,     0.190884045
1,     0.185359935
1,     0.182674444
1,     0.187780114
1,     0.197526843
1,     0.190587130
1,     0.185176836
1,     0.181061075
1,     0.178662599
1,     0.176873242
1,     0.175721513
1,     0.174989181
1,     0.174566777
1,     0.175019456
1,     0.175399468
1,     0.174408470
1,     0.181801671
1,     0.218620719
1,     0.214423955
1,     0.205032014
1,     0.194678935
1,     0.185692206
1,     0.179754676
1,     0.175614177
1,     0.173568950
1,     0.172328601
1,     0.170906799
1,     0.169758211
1,     0.168970288
1,     0.168458591
1,     0.167954610
1,     0.167461349
1,     0.166938778
1,     0.166295044
1,     0.165476509
1,     0.164781938
1,     0.164324835
1,     0.163799619
1,     0.163303076
1,     0.163040859
1,     0.162900617
1,     0.162698429
1,     0.162304464
1,     0.161955422
1,     0.161810530
1,     0.161599415
1,     0.161314707
1,     0.161754731
1,     0.161718928
1,     0.161537088
1,     0.161350451
1,     0.161133184
1,     0.160883397
1,     0.160622751
1,     0.160392375
1,     0.160135436
1,     0.161414077
1,     0.194042754
1,     0.188513472
1,     0.184304267
1,     0.181129753
1,     0.178903155
1,     0.176694083
1,     0.176278810
1,     0.180028154
1,     0.177677371
1,     0.175657559
1,     0.174254366
1,     0.224901556
1,     0.237861613
1,     0.242062723
1,     0.236706186
1,     0.224564562
1,     0.214630121
1,     0.227866549
1,     0.243331498
1,     0.241943619
1,     0.236500062
1,     0.228453641
1,     0.220730951
1,     0.213923182
1,     0.207565843
1,     0.202090406
1,     0.211468887
1,     0.207610020
1,     0.205077821
1,     0.202187481
1,     0.195777359
1,     0.189475886
1,     0.184978507
1,     0.181731446
1,     0.179569868
1,     0.178217947
1,     0.176771472
1,     0.181280481
1,     0.208811697
1,     0.204843564
1,     0.199920039
1,     0.195427194
1,     0.190948629
1,     0.186463294
1,     0.182310448
1,     0.179817727
1,     0.183051545
1,     0.195595329
1,     0.197392604
1,     0.193119099
1,     0.189709305
1,     0.191771756
1,     0.197446081
1,     0.193503903
1,     0.189687638
1,     0.185332892
1,     0.181717824
1,     0.180554623
1,     0.181049200
1,     0.178967234
1,     0.177151401
1,     0.175921998
1,     0.183539699
1,     0.219252086
1,     0.222360066
1,     0.224222764
1,     0.218399711
1,     0.213254049
1,     0.208414240
1,     0.203950780
1,     0.199468700
1,     0.195301850
1,     0.191735227
1,     0.188454819
1,     0.185959071
1,     0.183689652
1,     0.194450647
1,     0.221447002
1,     0.218029394
1,     0.214246376
1,     0.211127080
1,     0.207764254
1,     0.203584677
1,     0.199531450
1,     0.195075186
1,     0.190610389
1,     0.186475875
1,     0.183387385
1,     0.189837879
1,     0.194280882
1,     0.191728492
1,     0.190594179
1,     0.190187987
1,     0.188583085
1,     0.188341343
1,     0.188498731
1,     0.187330717
1,     0.192927907
1,     0.226328845
1,     0.237470719
1,     0.252524819
1,     0.261168232
1,     0.263221816
1,     0.263940470
1,     0.264148077
1,     0.262962637
1,     0.260673680
1,     0.258805487
1,     0.257128476
1,     0.254993725
1,     0.252752446
1,     0.255589189
1,     0.262262770
1,     0.264441609
1,     0.264441609
1,     0.264441609
1,     0.264441609
1,     0.264441609
1,     0.264441609
1,     0.264441609
1,     0.264441609
1,     0.264441609
1,     0.264441609
1,     0.264441609
1,     0.264441609
1,     0.264441609
1,     0.264441609
1,     0.264441609
1,     0.264441609
1,     0.264441609
1,     0.264441609
1,     0.264441609
1,     0.264441609
1,     0.264441609
1,     0.264441609
1,     0.264441609
1,     0.264441609
1,     0.264441609
1,     0.264441609
1,     0.264441609
1,     0.264441609
1,     0.264441609
1,     0.264441609
1,     0.264441609
1,     0.264441609
1,     0.264441609
1,     0.264441609
1,     0.264441609
1,     0.264441609
1,     0.264441609
1,     0.264441609
1,     0.264441609
1,     0.264441609
1,     0.264441609
1,     0.264441609
1,     0.264441609
1,     0.264441609
1,     0.264441609
1,     0.264441609
1,     0.264441609
1,     0.264441609
1,     0.264441609
1,     0.264441609
1,     0.264441609
1,     0.264441609
1,     0.264441609
1,     0.264441609
1,     0.264441609
1,     0.264441609
1,     0.264441609
1,     0.264441609
1,     0.264441609
1,     0.264441609
1,     0.264441609
1,     0.264441609
1,     0.264441609
1,     0.264441609
1,     0.264441609
1,     0.264441609
1,     0.264441609
1,     0.264441609
1,     0.264441609
1,     0.264441609
1,     0.264441609
1,     0.264441609
1,     0.264441609
1,     0.264441609
1,     0.264441609
1,     0.264441609
1,     0.264441609
1,     0.264441609
1,     0.264441609
1,     0.264441609
1,     0.264441609
1,     0.264441609
1,     0.264441609
1,     0.264441609
1,     0.264441609
1,     0.264441609
1,     0.264441609
1,     0.264441609
1,     0.264441609
1,     0.264441609
1,     0.264441609
1,     0.264441609
1,     0.264441609
1,     0.264441609
1,     0.264441609
1,     0.264441609
1,     0.264441609
1,     0.264441609
1,     0.264441609
1,     0.264441609
1,     0.264441609
1,     0.264441609
1,     0.264441609
1,     0.264441609
1,     0.264441609
1,     0.264441609
1,     0.264441609
1,     0.264441609
1,     0.264441609
1,     0.264441609
1,     0.264441609
1,     0.264441609
1,     0.264441609
1,     0.264441609
1,     0.264441609
1,     0.264441609
1,     0.264441609
1,     0.264441609
1,     0.264441609
1,     0.264441609
1,     0.264441609
1,     0.264441609
1,     0.264441609
1,     0.264441609
1,     0.264441609
1,     0.264441609
1,     0.264441609
1,     0.264441609
1,     0.264441609
1,     0.264441609
1,     0.264441609
