1,  2586.000000000
1,  2588.212053565
1,  2590.003438459
1,  2593.443331442
1,  2596.961097453
1,  2600.551069571
1,  2603.986659632
1,  2606.418869756
1,  2609.539704783
1,  2611.702182441
1,  2613.082986601
1,  2613.420542312
1,  2615.373472200
1,  2617.694443499
1,  2618.986436695
1,  2620.762527918
1,  2622.369073091
1,  2623.283875472
1,  2623.650128985
1,  2623.443397284
1,  2623.076640254
1,  2622.982686821
1,  2623.990072192
1,  2627.145818736
1,  2628.683453128
1,  2630.875146952
1,  2633.750602899
1,  2636.164774349
1,  2638.472448032
1,  2640.138682202
1,  2642.109961791
1,  2643.648140849
1,  2646.316643336
1,  2648.556666818
1,  2650.637335613
1,  2651.164300211
1,  2652.983885213
1,  2654.623887152
1,  2656.692554916
1,  2658.384639458
1,  2660.628340034
1,  2662.374894514
1,  2664.871244382
1,  2667.723820011
1,  2670.540893444
1,  2673.361265431
1,  2676.097945060
1,  2676.733021490
1,  2677.540524054
1,  2679.859838784
1,  2681.677153037
1,  2684.016013932
1,  2686.507544781
1,  2689.947191715
1,  2693.094873057
1,  2695.917338326
1,  2696.117575326
1,  2699.068201307
1,  2701.798476038
1,  2704.066988039
1,  2707.372616242
1,  2710.529401875
1,  2713.007224718
1,  2715.460515737
1,  2717.524587952
1,  2719.953335667
1,  2722.592005315
1,  2725.266676139
1,  2728.194989905
1,  2731.056234929
1,  2733.784017726
1,  2736.233308619
1,  2738.615336647
1,  2740.870832553
1,  2742.961977921
1,  2744.734437147
1,  2746.368285378
1,  2746.958436505
1,  2747.415663608
1,  2749.537041017
1,  2751.784511151
1,  2753.892280628
1,  2755.997113470
1,  2757.577468825
1,  2758.962754317
1,  2759.203904995
1,  2761.418696487
1,  2762.455428788
1,  2764.412046490
1,  2766.105443205
1,  2768.588024982
1,  2771.036949979
1,  2773.457794941
1,  2775.549881698
1,  2777.518591091
1,  2779.891542421
1,  2782.246232110
1,  2784.470839652
1,  2786.608979018
1,  2788.508155286
1,  2788.011647084
1,  2789.864390846
1,  2791.787649572
1,  2792.985658279
1,  2792.753675482
1,  2794.021495451
1,  2794.722161112
1,  2795.214646990
1,  2796.364986479
1,  2798.276108832
1,  2799.878190380
1,  2801.168950029
1,  2802.494543660
1,  2803.901183590
1,  2805.573979733
1,  2806.935020076
1,  2808.686338816
1,  2810.617286835
1,  2812.440028700
1,  2813.771694915
1,  2815.527850567
1,  2817.150793658
1,  2818.701087365
1,  2820.147958803
1,  2821.612412530
1,  2822.628057769
1,  2824.074050608
1,  2825.380554788
1,  2826.500663748
1,  2827.111319759
1,  2828.633305219
1,  2829.858693014
1,  2831.019405674
1,  2830.547138348
1,  2830.396480258
1,  2830.594457139
1,  2830.258522580
1,  2830.240839359
1,  2830.406128023
1,  2830.545076863
1,  2830.051776988
1,  2829.628410520
1,  2829.359579603
1,  2830.230672661
1,  2831.337682424
1,  2832.681013397
1,  2833.900172155
1,  2835.119338406
1,  2835.843109853
1,  2836.603601914
1,  2837.816196564
1,  2839.014133691
1,  2840.171640229
1,  2841.351515838
1,  2842.564562747
1,  2843.748448567
1,  2844.827845415
1,  2845.471562993
1,  2844.621348417
1,  2845.003470252
1,  2844.926527042
1,  2844.835521219
1,  2844.667113061
1,  2844.222615456
1,  2843.847490444
1,  2843.763063003
1,  2843.544300631
1,  2843.423023910
1,  2843.845119185
1,  2844.543896034
1,  2845.739822543
1,  2846.670241664
1,  2847.003342243
1,  2847.263926380
1,  2847.896222291
1,  2849.220435849
1,  2850.165800982
1,  2851.308665427
1,  2851.764640317
1,  2852.760966863
1,  2853.701472769
1,  2854.709082193
1,  2855.596436336
1,  2855.839123216
1,  2856.632722375
1,  2856.318941145
1,  2855.688331437
1,  2855.473465801
1,  2855.933573080
1,  2856.307409685
1,  2857.044604838
1,  2858.310034515
1,  2859.522637579
1,  2860.708899028
1,  2861.942122271
1,  2862.211027308
1,  2863.456031429
1,  2863.682465536
1,  2863.760652751
1,  2864.436333028
1,  2865.643387345
1,  2866.594320312
1,  2868.001191237
1,  2868.978559352
1,  2870.084468842
1,  2871.187349244
1,  2872.313953217
1,  2873.353733463
1,  2874.804414061
1,  2876.113061444
1,  2876.474840315
1,  2877.466738611
1,  2878.960225416
1,  2880.016927345
1,  2880.959850372
1,  2880.977781670
1,  2882.039012424
1,  2883.504210970
1,  2883.467858163
1,  2884.047793500
1,  2885.833680197
1,  2887.574834226
1,  2889.293753165
1,  2890.542392026
1,  2890.479885245
1,  2890.546218868
1,  2891.956907012
1,  2893.636810517
1,  2895.475625494
1,  2897.253280563
1,  2898.976289975
1,  2900.144698590
1,  2901.873259879
1,  2903.564139014
1,  2905.447630439
1,  2907.396682704
1,  2909.359054034
1,  2911.345002821
1,  2913.417385562
1,  2915.521241393
1,  2917.465658958
1,  2917.184237978
1,  2917.823990360
1,  2919.357153889
1,  2921.437156265
1,  2923.685624934
1,  2924.191383774
1,  2925.154838012
1,  2927.404449347
1,  2928.458308241
1,  2928.855120454
1,  2930.924290408
1,  2931.459657620
1,  2933.408407680
1,  2935.570815154
1,  2938.116953056
1,  2940.717118035
1,  2943.381088814
1,  2946.107171780
1,  2946.098477292
1,  2947.405144637
1,  2947.139541005
1,  2948.107581165
1,  2950.936330524
1,  2953.534843549
1,  2956.243955341
1,  2957.962395467
1,  2960.638515113
1,  2963.407115446
1,  2966.458033888
1,  2968.960359321
1,  2970.362933178
1,  2972.654926043
1,  2975.633313355
1,  2978.695717221
1,  2981.890941325
1,  2984.944704382
1,  2986.753207161
1,  2989.136401492
1,  2992.312710860
1,  2993.041565822
1,  2995.542001597
1,  2998.497528969
1,  3000.208595947
1,  3003.157795436
1,  3006.430207537
1,  3007.741236601
1,  3009.030673015
1,  3010.457554365
1,  3013.153724549
1,  3016.423214935
1,  3019.891492682
1,  3023.386562281
1,  3027.006536025
1,  3030.617530496
1,  3033.722518726
1,  3034.932090143
1,  3037.410182932
1,  3040.919467225
1,  3044.202848312
1,  3048.037910497
1,  3051.778261357
1,  3055.725303699
1,  3058.996417005
1,  3063.065937489
1,  3067.103067008
1,  3069.411369758
1,  3073.256810961
1,  3075.751611418
1,  3079.832203188
1,  3084.013228524
1,  3087.652681102
1,  3090.711587400
1,  3093.505896783
1,  3095.973007352
1,  3099.473710502
1,  3102.360590524
1,  3106.284888505
1,  3110.329905663
1,  3114.010403545
1,  3117.856829062
1,  3121.015710499
1,  3123.277239781
1,  3124.322078207
1,  3124.872188637
1,  3128.607599611
1,  3132.045440911
1,  3134.982593566
1,  3136.756133604
1,  3137.442144477
1,  3139.011617385
1,  3141.567708479
1,  3144.444192066
1,  3147.069634716
1,  3149.945498334
1,  3154.005788223
1,  3157.980379239
1,  3160.204641910
1,  3164.290516645
1,  3164.646721849
1,  3166.854318928
1,  3171.274045626
1,  3175.526063807
1,  3176.871126344
1,  3179.842634045
1,  3184.607422281
1,  3189.393279040
1,  3194.167258748
1,  3198.452810498
1,  3201.339894322
1,  3202.438609218
1,  3202.991726814
1,  3203.516897493
1,  3206.622941462
1,  3209.022548408
1,  3210.244233979
1,  3210.608380636
1,  3213.225880012
1,  3215.917199208
1,  3218.528200806
1,  3221.109610529
1,  3223.359297805
1,  3225.348718027
1,  3226.539201296
1,  3227.549833335
1,  3227.996553441
1,  3230.012023145
1,  3234.142981374
1,  3238.356419673
1,  3242.434729235
1,  3245.835011456
1,  3248.152054821
1,  3248.465730035
1,  3250.132204256
1,  3252.930797090
1,  3254.706917115
1,  3256.739860307
1,  3258.321111137
1,  3258.939055245
1,  3259.260917852
1,  3259.405301170
1,  3259.376362986
1,  3258.460720619
1,  3257.311606000
1,  3257.035134537
1,  3256.196788250
1,  3255.184744776
1,  3254.753368640
1,  3254.712670791
1,  3254.106920405
1,  3253.010740892
1,  3251.638108139
1,  3251.211936316
1,  3251.300497119
1,  3250.788668791
1,  3249.720254268
1,  3251.094336410
1,  3251.760828422
1,  3252.180430304
1,  3252.397680723
1,  3252.519689162
1,  3251.958237433
1,  3251.021913600
1,  3250.220730937
1,  3249.577266592
1,  3249.754243277
1,  3252.102256164
1,  3254.421082083
1,  3256.232643184
1,  3257.302919524
1,  3258.737033482
1,  3259.418236445
1,  3260.253369223
1,  3261.918395037
1,  3263.943037093
1,  3265.178458292
1,  3266.351243951
1,  3265.850018146
1,  3266.673296021
1,  3269.378107088
1,  3272.643856926
1,  3275.392240265
1,  3277.856779886
1,  3279.543222887
1,  3280.438942911
1,  3282.230336576
1,  3285.768505109
1,  3289.374739345
1,  3292.050297709
1,  3294.961547149
1,  3297.339480348
1,  3299.708807153
1,  3301.913579138
1,  3303.902556175
1,  3305.598414715
1,  3307.879801333
1,  3310.780683301
1,  3313.036060200
1,  3314.812840116
1,  3317.075130120
1,  3318.638688484
1,  3320.081782832
1,  3321.129451404
1,  3322.298998486
1,  3323.398975453
1,  3326.269047609
1,  3328.792419888
1,  3331.163597682
1,  3333.528655165
1,  3335.478752503
1,  3337.354287440
1,  3338.729566514
1,  3339.910470522
1,  3341.969860307
1,  3344.173805186
1,  3345.838172425
1,  3347.098794782
1,  3346.837242599
1,  3349.100140043
1,  3351.085465901
1,  3353.741086058
1,  3356.266712779
1,  3358.496182032
1,  3358.829347589
1,  3361.129408011
1,  3363.214757505
1,  3365.034227408
1,  3366.516934489
1,  3366.034346546
1,  3367.244112763
1,  3367.395035986
1,  3369.756646837
1,  3372.118049044
1,  3374.463400088
1,  3376.579957258
1,  3378.806172922
1,  3380.955251577
1,  3382.572379443
1,  3384.509133612
1,  3385.966949181
1,  3387.385090581
1,  3389.225748552
1,  3389.847293118
1,  3390.348537315
1,  3392.232480351
1,  3394.238124288
1,  3395.495810213
1,  3397.394244572
1,  3399.315576069
1,  3401.210673385
1,  3403.016520774
1,  3404.664824805
1,  3406.055954229
1,  3407.424506065
1,  3407.734451543
1,  3409.295270100
1,  3410.411708484
1,  3410.931358881
1,  3412.224698594
1,  3413.020313944
1,  3413.583634696
1,  3414.138624190
1,  3415.008368804
1,  3414.706018466
1,  3414.802746768
1,  3414.249008010
1,  3414.378012412
1,  3415.446793675
1,  3416.847310826
1,  3417.260096624
1,  3418.649103121
1,  3420.013488431
1,  3421.373862877
1,  3422.489014282
1,  3423.766870461
1,  3425.225631134
1,  3426.583637782
1,  3426.074726957
1,  3426.133127505
1,  3426.533908914
1,  3426.677810940
1,  3426.339328316
1,  3427.207341000
1,  3427.144906145
1,  3428.171421760
1,  3429.428531829
1,  3430.574198316
1,  3431.577021286
1,  3432.544760727
1,  3433.090828199
1,  3432.759480896
1,  3432.663610555
1,  3432.717199740
1,  3433.923867574
1,  3435.144832754
1,  3436.406488770
1,  3437.564966381
1,  3437.326451502
1,  3436.978041447
1,  3437.629786322
1,  3438.477532111
1,  3439.391526795
1,  3440.140021860
1,  3439.378718174
1,  3439.442329935
1,  3439.088553564
1,  3439.168503212
1,  3439.834749803
1,  3440.604051628
1,  3441.248781399
1,  3442.380407916
1,  3442.650214813
1,  3443.001298855
1,  3443.981568135
1,  3444.376991194
1,  3445.666481537
1,  3446.788820919
1,  3446.188029909
1,  3446.181837653
1,  3447.084697363
1,  3448.334748986
1,  3449.562864845
1,  3449.620914501
1,  3451.028168010
1,  3452.495153241
1,  3453.956865359
1,  3454.887228864
1,  3455.479709088
1,  3455.805308789
1,  3455.138532552
1,  3454.867638465
1,  3454.496983679
1,  3454.860459970
1,  3455.393044208
1,  3456.172237696
1,  3456.133679871
1,  3456.721515362
1,  3457.908764537
1,  3459.371110741
1,  3461.036404757
1,  3462.797052988
1,  3464.266309371
1,  3463.788788468
1,  3464.185752209
1,  3464.854161603
1,  3465.512796925
1,  3466.482203284
1,  3468.097362202
1,  3469.913540529
1,  3470.188828579
1,  3469.172732784
1,  3469.463353907
1,  3471.250612927
1,  3473.004260486
1,  3473.690835730
1,  3474.473944064
1,  3475.698176547
1,  3477.549082512
1,  3478.610627430
1,  3478.457395453
1,  3478.939761617
1,  3478.162554136
1,  3478.311582871
1,  3479.371899286
1,  3480.403563602
1,  3481.606139089
1,  3483.726286678
1,  3483.863328660
1,  3484.537913926
1,  3486.249747858
1,  3488.286670455
1,  3490.076628354
1,  3492.758076968
1,  3494.733639694
1,  3494.825097632
1,  3497.472732188
1,  3500.191993661
1,  3502.440703585
1,  3504.456270241
1,  3506.110773798
1,  3506.971719829
1,  3508.436583431
1,  3508.466655939
1,  3509.033173366
1,  3509.610546172
1,  3510.031910420
1,  3511.132572234
1,  3512.417574129
1,  3515.578438618
1,  3517.608056618
1,  3519.825849435
1,  3520.402921131
1,  3521.936077511
1,  3523.458092193
1,  3525.918649702
1,  3526.404058604
1,  3529.616308776
1,  3531.387536393
1,  3534.830069382
1,  3534.957086506
1,  3535.380173814
1,  3537.740268655
1,  3538.608440992
1,  3539.994476443
1,  3542.357304556
1,  3545.631812419
1,  3546.456259657
1,  3549.751945283
1,  3551.083265248
