1,     0.844210505
1,     0.834740912
1,     0.827276483
1,     0.700192890
1,     0.578139875
1,     0.483773762
1,     0.425193859
1,     0.389982096
1,     0.359958884
1,     0.332775269
1,     0.304351725
1,     0.279700432
1,     0.257243527
1,     0.242271480
1,     0.239513350
1,     0.258994131
1,     0.243703958
1,     0.227236918
1,     0.212572474
1,     0.214941135
1,     0.247590884
1,     1.167183775
1,     1.234252824
1,     1.325223029
1,     1.384265602
1,     1.198610755
1,     0.998864804
1,     0.818717353
1,     0.671273721
1,     0.560246950
1,     0.740843991
1,     0.832224405
1,     0.790585747
1,     1.159788823
1,     1.636909149
1,     1.920484516
1,     1.923107832
1,     1.926721377
1,     1.930076351
1,     1.933564629
1,     1.936663367
1,     1.939143916
1,     1.940959036
1,     1.900484847
1,     1.733765777
1,     1.790656792
1,     1.944103133
1,     1.951681453
1,     1.960477204
1,     1.966035277
1,     1.969645038
1,     1.972216089
1,     1.974518659
1,     1.976057083
1,     1.969470543
1,     1.977838388
1,     1.978603130
1,     1.979120208
1,     1.938221988
1,     1.842524482
1,     1.712441240
1,     1.600287562
1,     1.513914431
1,     1.427571348
1,     1.330021290
1,     1.201863646
1,     1.078692648
1,     0.969436771
1,     0.871406386
1,     0.786318695
1,     0.702790917
1,     0.634585719
1,     0.591313776
1,     0.562531733
1,     0.531344710
1,     0.497447481
1,     0.471661553
1,     0.451286078
1,     0.434162552
1,     0.420523038
1,     0.408686797
1,     0.397508143
1,     0.387433815
1,     0.410230572
1,     1.328802050
1,     1.700859305
1,     1.735809664
1,     1.763766365
1,     1.732286132
1,     1.610793837
1,     1.480748876
1,     1.363938388
1,     1.263502385
1,     1.214388277
1,     1.144268230
1,     1.044128073
1,     0.924477082
1,     0.820263042
1,     0.734196786
1,     0.851011910
1,     0.930245726
1,     0.815055548
1,     0.725491260
1,     0.806566562
1,     0.917506907
1,     0.908407907
1,     1.227687530
1,     1.170691304
1,     1.098671332
1,     1.082683321
1,     1.293396592
1,     1.235087774
1,     1.167619466
1,     1.087649942
1,     0.996351040
1,     0.974923695
1,     0.897648086
1,     0.818357044
1,     0.761470408
1,     0.708472895
1,     0.650524513
1,     0.599410940
1,     0.557596394
1,     0.524153781
1,     0.498163189
1,     0.468553780
1,     0.436471069
1,     0.414255284
1,     0.405415447
1,     0.447328966
1,     0.424743338
1,     0.400726031
1,     0.467748017
1,     0.656407238
1,     0.771357869
1,     1.314667376
1,     1.595633439
1,     1.656770712
1,     1.788717085
1,     1.960995354
1,     1.974689603
1,     1.996302657
1,     1.999898528
1,     1.999900282
1,     1.999902543
1,     1.999905188
1,     1.999908107
1,     1.999911205
1,     1.999914427
1,     1.999917731
1,     1.999921079
1,     1.999924442
1,     1.999927793
1,     1.999931098
1,     1.999934331
1,     1.999937465
1,     1.990507693
1,     1.999943431
1,     1.999948090
1,     1.999957312
1,     1.999971218
1,     1.999990447
1,     2.000000000
1,     2.000000000
1,     2.000000000
1,     2.000000000
1,     2.000000000
1,     2.000000000
1,     2.000000000
1,     2.000000000
1,     2.000000000
1,     2.000000000
1,     2.000000000
1,     2.000000000
1,     2.000000000
1,     2.000000000
1,     2.000000000
1,     2.000000000
1,     2.000000000
1,     2.000000000
1,     2.000000000
1,     2.000000000
1,     2.000000000
1,     2.000000000
1,     2.000000000
1,     2.000000000
1,     2.000000000
1,     2.000000000
1,     2.000000000
1,     2.000000000
1,     2.000000000
1,     2.000000000
1,     2.000000000
1,     2.000000000
1,     2.000000000
1,     2.000000000
1,     2.000000000
1,     2.000000000
1,     2.000000000
1,     2.000000000
1,     2.000000000
1,     2.000000000
1,     2.000000000
1,     2.000000000
1,     2.000000000
1,     2.000000000
1,     2.000000000
1,     2.000000000
1,     2.000000000
1,     2.000000000
1,     2.000000000
1,     2.000000000
1,     2.000000000
1,     2.000000000
1,     2.000000000
1,     2.000000000
1,     2.000000000
1,     2.000000000
1,     2.000000000
1,     2.000000000
1,     2.000000000
1,     2.000000000
1,     2.000000000
1,     2.000000000
1,     2.000000000
1,     2.000000000
1,     2.000000000
1,     2.000000000
1,     2.000000000
1,     2.000000000
1,     2.000000000
1,     2.000000000
1,     2.000000000
1,     2.000000000
1,     2.000000000
1,     2.000000000
1,     2.000000000
1,     2.000000000
1,     2.000000000
1,     2.000000000
1,     2.000000000
1,     2.000000000
1,     2.000000000
1,     2.000000000
1,     2.000000000
1,     2.000000000
1,     2.000000000
1,     2.000000000
1,     2.000000000
1,     2.000000000
1,     2.000000000
1,     2.000000000
1,     2.000000000
1,     2.000000000
1,     2.000000000
1,     2.000000000
1,     2.000000000
1,     2.000000000
1,     2.000000000
1,     2.000000000
1,     2.000000000
1,     2.000000000
1,     2.000000000
1,     2.000000000
1,     2.000000000
1,     2.000000000
1,     2.000000000
1,     2.000000000
1,     2.000000000
1,     2.000000000
1,     2.000000000
1,     2.000000000
1,     2.000000000
1,     2.000000000
1,     2.000000000
1,     2.000000000
1,     2.000000000
1,     2.000000000
1,     2.000000000
1,     2.000000000
1,     2.000000000
1,     2.000000000
1,     2.000000000
1,     2.000000000
1,     2.000000000
1,     2.000000000
1,     2.000000000
1,     2.000000000
1,     2.000000000
1,     2.000000000
1,     2.000000000
1,     2.000000000
1,     2.000000000
1,     2.000000000
1,     2.000000000
1,     2.000000000
1,     2.000000000
1,     2.000000000
1,     2.000000000
1,     2.000000000
1,     1.973266847
1,     1.899192351
1,     1.784045789
1,     1.657423933
1,     1.508073139
1,     1.368963984
1,     1.276812140
1,     1.219712850
1,     1.167581712
1,     1.064121192
1,     0.955559658
1,     0.839960980
1,     0.765303891
1,     0.720873033
1,     0.691915895
1,     0.674851597
1,     0.659648826
1,     0.646428938
1,     0.633102959
1,     0.616974496
1,     0.601860278
1,     0.586262981
1,     0.571453307
1,     0.580860450
1,     0.698288403
1,     0.657970870
1,     0.613149880
1,     0.587940568
1,     0.598031686
1,     1.138542591
1,     1.320728919
1,     1.244361785
1,     1.177960182
1,     1.352330208
1,     1.299277127
1,     1.122307488
1,     0.933851442
1,     0.836855758
1,     1.260802208
1,     1.756205664
1,     1.704898565
1,     1.505634631
1,     1.470552528
1,     1.526112707
1,     1.399645041
1,     1.218194968
1,     1.025734904
1,     0.833633158
1,     0.673533727
1,     0.575740080
1,     0.529975008
1,     0.616064912
1,     0.792018176
1,     0.666738708
1,     0.569069124
1,     0.494769168
1,     0.453232089
1,     0.423487649
1,     0.405617261
1,     0.395191062
1,     0.388770143
1,     0.389759056
1,     0.394309269
1,     0.377236583
1,     0.508138807
1,     1.172816325
1,     1.097054059
1,     0.927505625
1,     0.740606191
1,     0.578372860
1,     0.471185337
1,     0.399691153
1,     0.365049265
1,     0.342615895
1,     0.319227334
1,     0.300612753
1,     0.288173182
1,     0.280957642
1,     0.274037382
1,     0.267314548
1,     0.260502740
1,     0.252518339
1,     0.242616966
1,     0.234260063
1,     0.228345234
1,     0.221603759
1,     0.215299526
1,     0.212264523
1,     0.210962600
1,     0.209088038
1,     0.205459167
1,     0.202397974
1,     0.201207004
1,     0.199210917
1,     0.196569951
1,     0.200737735
1,     0.200350982
1,     0.198724340
1,     0.197024013
1,     0.195049986
1,     0.192753561
1,     0.190380297
1,     0.188300784
1,     0.185992095
1,     0.197633490
1,     0.729121508
1,     0.629303892
1,     0.553317034
1,     0.496008976
1,     0.455813224
1,     0.415933845
1,     0.408437108
1,     0.476122318
1,     0.433684702
1,     0.397221947
1,     0.371890749
1,     1.286201424
1,     1.520163418
1,     1.596004142
1,     1.499305024
1,     1.280117821
1,     1.100775877
1,     1.339727087
1,     1.618908775
1,     1.593854015
1,     1.495583966
1,     1.350325585
1,     1.210911384
1,     1.088013821
1,     0.973247680
1,     0.874402105
1,     1.043707550
1,     0.974045180
1,     0.928332548
1,     0.876154564
1,     0.760435541
1,     0.646677921
1,     0.565488783
1,     0.506871071
1,     0.469768326
1,     0.446468376
1,     0.422195849
1,     0.498730001
1,     0.995738519
1,     0.924103614
1,     0.835221465
1,     0.754114174
1,     0.673264687
1,     0.592292964
1,     0.517323538
1,     0.472323576
1,     0.530702215
1,     0.757149438
1,     0.789594821
1,     0.712447178
1,     0.650891725
1,     0.688124219
1,     0.790560228
1,     0.719393873
1,     0.650500586
1,     0.571886340
1,     0.506625156
1,     0.485626412
1,     0.494554792
1,     0.456970017
1,     0.424189606
1,     0.401995746
1,     0.539514641
1,     1.184214097
1,     1.240321051
1,     1.273947493
1,     1.168826562
1,     1.075934268
1,     0.988563404
1,     0.907986590
1,     0.827073637
1,     0.751851391
1,     0.687464777
1,     0.628245057
1,     0.583190464
1,     0.542221674
1,     0.736485009
1,     1.223837923
1,     1.162141406
1,     1.093848302
1,     1.037537077
1,     0.976829501
1,     0.901377507
1,     0.828206431
1,     0.747759530
1,     0.667158585
1,     0.592520083
1,     0.536764984
1,     0.653212813
1,     0.733420318
1,     0.687343192
1,     0.666865955
1,     0.659533150
1,     0.630560591
1,     0.626196540
1,     0.629037781
1,     0.607952160
1,     0.708995677
1,     1.311967608
1,     1.513106790
1,     1.784871612
1,     1.940907201
1,     1.977979619
1,     1.990953158
1,     1.994700989
1,     1.973300786
1,     1.931979282
1,     1.898253651
1,     1.867979332
1,     1.829441637
1,     1.788980854
1,     1.840191276
1,     1.960666408
1,     2.000000000
1,     2.000000000
1,     2.000000000
1,     2.000000000
1,     2.000000000
1,     2.000000000
1,     2.000000000
1,     2.000000000
1,     2.000000000
1,     2.000000000
1,     2.000000000
1,     2.000000000
1,     2.000000000
1,     2.000000000
1,     2.000000000
1,     2.000000000
1,     2.000000000
1,     2.000000000
1,     2.000000000
1,     2.000000000
1,     2.000000000
1,     2.000000000
1,     2.000000000
1,     2.000000000
1,     2.000000000
1,     2.000000000
1,     2.000000000
1,     2.000000000
1,     2.000000000
1,     2.000000000
1,     2.000000000
1,     2.000000000
1,     2.000000000
1,     2.000000000
1,     2.000000000
1,     2.000000000
1,     2.000000000
1,     2.000000000
1,     2.000000000
1,     2.000000000
1,     2.000000000
1,     2.000000000
1,     2.000000000
1,     2.000000000
1,     2.000000000
1,     2.000000000
1,     2.000000000
1,     2.000000000
1,     2.000000000
1,     2.000000000
1,     2.000000000
1,     2.000000000
1,     2.000000000
1,     2.000000000
1,     2.000000000
1,     2.000000000
1,     2.000000000
1,     2.000000000
1,     2.000000000
1,     2.000000000
1,     2.000000000
1,     2.000000000
1,     2.000000000
1,     2.000000000
1,     2.000000000
1,     2.000000000
1,     2.000000000
1,     2.000000000
1,     2.000000000
1,     2.000000000
1,     2.000000000
1,     2.000000000
1,     2.000000000
1,     2.000000000
1,     2.000000000
1,     2.000000000
1,     2.000000000
1,     2.000000000
1,     2.000000000
1,     2.000000000
1,     2.000000000
1,     2.000000000
1,     2.000000000
1,     2.000000000
1,     2.000000000
1,     2.000000000
1,     2.000000000
1,     2.000000000
1,     2.000000000
1,     2.000000000
1,     2.000000000
1,     2.000000000
1,     2.000000000
1,     2.000000000
1,     2.000000000
1,     2.000000000
1,     2.000000000
1,     2.000000000
1,     2.000000000
1,     2.000000000
1,     2.000000000
1,     2.000000000
1,     2.000000000
1,     2.000000000
1,     2.000000000
1,     2.000000000
1,     2.000000000
1,     2.000000000
1,     2.000000000
1,     2.000000000
1,     2.000000000
1,     2.000000000
1,     2.000000000
1,     2.000000000
1,     2.000000000
1,     2.000000000
1,     2.000000000
1,     2.000000000
1,     2.000000000
1,     2.000000000
1,     2.000000000
1,     2.000000000
1,     2.000000000
1,     2.000000000
1,     2.000000000
1,     2.000000000
1,     2.000000000
1,     2.000000000
1,     2.000000000
1,     2.000000000
1,     2.000000000
