1,     0.000995228
1,     0.000853757
1,     0.000805039
1,     0.000795398
1,     0.000821698
1,     0.000837567
1,     0.000777844
1,     0.000760482
1,     0.000820450
1,     0.000882221
1,     0.000945067
1,     0.000881796
1,     0.000784787
1,     0.000806822
1,     0.000793715
1,     0.000771152
1,     0.000805473
1,     0.000854429
1,     0.000921455
1,     0.000978806
1,     0.000965338
1,     0.001029974
1,     0.001036428
1,     0.001020127
1,     0.000993140
1,     0.001030548
1,     0.001064886
1,     0.001037016
1,     0.000996046
1,     0.000970414
1,     0.001024838
1,     0.001007329
1,     0.001018772
1,     0.001030743
1,     0.000922454
1,     0.000812951
1,     0.000789574
1,     0.000811943
1,     0.000804408
1,     0.000774313
1,     0.000747638
1,     0.000734883
1,     0.000787146
1,     0.000836173
1,     0.000893286
1,     0.000918182
1,     0.000897434
1,     0.000884561
1,     0.000912907
1,     0.000909461
1,     0.000902878
1,     0.000860242
1,     0.000836072
1,     0.000883411
1,     0.000920860
1,     0.000887180
1,     0.000904359
1,     0.000927936
1,     0.000873083
1,     0.000838000
1,     0.000863930
1,     0.000888874
1,     0.000907480
1,     0.000920260
1,     0.000948553
1,     0.000967917
1,     0.000926507
1,     0.000894255
1,     0.000884892
1,     0.000900078
1,     0.000930259
1,     0.000912636
1,     0.000912620
1,     0.000897451
1,     0.000890290
1,     0.000906387
1,     0.000968262
1,     0.001013092
1,     0.000924543
1,     0.000854611
1,     0.000825247
1,     0.000821826
1,     0.000836517
1,     0.000878459
1,     0.000932347
1,     0.000877734
1,     0.000875894
1,     0.000885776
1,     0.000857527
1,     0.000860315
1,     0.000883739
1,     0.000896605
1,     0.000879727
1,     0.000864294
1,     0.000825528
1,     0.000837497
1,     0.000850507
1,     0.000845381
1,     0.000860836
1,     0.000849016
1,     0.000859095
1,     0.000873600
1,     0.000852586
1,     0.000793127
1,     0.000783126
1,     0.000777374
1,     0.000788386
1,     0.000794881
1,     0.000804642
1,     0.000797638
1,     0.000788960
1,     0.000797195
1,     0.000810632
1,     0.000822598
1,     0.000831848
1,     0.000789907
1,     0.000728740
1,     0.000704218
1,     0.000689604
1,     0.000684178
1,     0.000689749
1,     0.000687216
1,     0.000687486
1,     0.000687420
1,     0.000672215
1,     0.000668820
1,     0.000681352
1,     0.000695371
1,     0.000671522
1,     0.000654170
1,     0.000652813
1,     0.000658489
1,     0.000642223
1,     0.000632534
1,     0.000630577
1,     0.000649561
1,     0.000600996
1,     0.000564583
1,     0.000534896
1,     0.000508584
1,     0.000508930
1,     0.000508739
1,     0.000519823
1,     0.000529448
1,     0.000535661
1,     0.000541397
1,     0.000542617
1,     0.000535173
1,     0.000526036
1,     0.000527942
1,     0.000525965
1,     0.000521037
1,     0.000533626
1,     0.000551820
1,     0.000570550
1,     0.000589579
1,     0.000595143
1,     0.000588406
1,     0.000559378
1,     0.000524678
1,     0.000519593
1,     0.000512237
1,     0.000503363
1,     0.000495920
1,     0.000482802
1,     0.000488429
1,     0.000495646
1,     0.000489886
1,     0.000483242
1,     0.000495267
1,     0.000503327
1,     0.000486553
1,     0.000478182
1,     0.000477055
1,     0.000484050
1,     0.000488846
1,     0.000485184
1,     0.000467969
1,     0.000458236
1,     0.000458114
1,     0.000467925
1,     0.000464312
1,     0.000455352
1,     0.000448498
1,     0.000435429
1,     0.000437967
1,     0.000434070
1,     0.000441682
1,     0.000442520
1,     0.000450420
1,     0.000450389
1,     0.000463368
1,     0.000467404
1,     0.000481496
1,     0.000476478
1,     0.000475398
1,     0.000466672
1,     0.000447235
1,     0.000446692
1,     0.000478567
1,     0.000483334
1,     0.000472108
1,     0.000469607
1,     0.000472397
1,     0.000472748
1,     0.000453380
1,     0.000454563
1,     0.000473501
1,     0.000492444
1,     0.000494160
1,     0.000494239
1,     0.000502044
1,     0.000506869
1,     0.000501252
1,     0.000485659
1,     0.000475331
1,     0.000478525
1,     0.000471762
1,     0.000467248
1,     0.000486873
1,     0.000506967
1,     0.000504721
1,     0.000527455
1,     0.000483392
1,     0.000442192
1,     0.000435829
1,     0.000447118
1,     0.000472232
1,     0.000484414
1,     0.000495487
1,     0.000486844
1,     0.000477125
1,     0.000476475
1,     0.000483596
1,     0.000487099
1,     0.000485219
1,     0.000486636
1,     0.000493736
1,     0.000499880
1,     0.000504011
1,     0.000494939
1,     0.000480122
1,     0.000489204
1,     0.000513114
1,     0.000526424
1,     0.000526597
1,     0.000521045
1,     0.000533956
1,     0.000546178
1,     0.000519200
1,     0.000505322
1,     0.000490100
1,     0.000478767
1,     0.000480911
1,     0.000502656
1,     0.000521949
1,     0.000547320
1,     0.000574769
1,     0.000561380
1,     0.000530044
1,     0.000484199
1,     0.000462336
1,     0.000468626
1,     0.000507174
1,     0.000552488
1,     0.000571864
1,     0.000592073
1,     0.000598853
1,     0.000581587
1,     0.000582632
1,     0.000548162
1,     0.000498256
1,     0.000516629
1,     0.000536668
1,     0.000568251
1,     0.000611435
1,     0.000626626
1,     0.000601900
1,     0.000609413
1,     0.000623563
1,     0.000619760
1,     0.000587874
1,     0.000575283
1,     0.000578536
1,     0.000584568
1,     0.000582406
1,     0.000537678
1,     0.000524151
1,     0.000560492
1,     0.000589041
1,     0.000602194
1,     0.000618025
1,     0.000608349
1,     0.000612305
1,     0.000600740
1,     0.000571174
1,     0.000517933
1,     0.000553297
1,     0.000567410
1,     0.000564921
1,     0.000575745
1,     0.000612555
1,     0.000667498
1,     0.000692209
1,     0.000697307
1,     0.000720183
1,     0.000733703
1,     0.000656953
1,     0.000633661
1,     0.000669056
1,     0.000733740
1,     0.000792417
1,     0.000807720
1,     0.000829294
1,     0.000811919
1,     0.000841701
1,     0.000817808
1,     0.000768982
1,     0.000782005
1,     0.000771544
1,     0.000794996
1,     0.000852342
1,     0.000892511
1,     0.000844281
1,     0.000802802
1,     0.000811045
1,     0.000844206
1,     0.000878614
1,     0.000886738
1,     0.000908196
1,     0.000860294
1,     0.000851568
1,     0.000841417
1,     0.000778307
1,     0.000782554
1,     0.000838780
1,     0.000884272
1,     0.000827987
1,     0.000715031
1,     0.000625665
1,     0.000651184
1,     0.000732323
1,     0.000731964
1,     0.000675592
1,     0.000706140
1,     0.000751793
1,     0.000752146
1,     0.000775226
1,     0.000841625
1,     0.000925754
1,     0.000980054
1,     0.001004919
1,     0.000996160
1,     0.001005347
1,     0.001036490
1,     0.001065637
1,     0.000991520
1,     0.000913571
1,     0.000879280
1,     0.000811215
1,     0.000793397
1,     0.000818866
1,     0.000881308
1,     0.000894295
1,     0.000862206
1,     0.000855944
1,     0.000817600
1,     0.000839689
1,     0.000859140
1,     0.000858343
1,     0.000872653
1,     0.000935566
1,     0.000909617
1,     0.000792488
1,     0.000792765
1,     0.000771563
1,     0.000755006
1,     0.000791256
1,     0.000839932
1,     0.000873025
1,     0.000896780
1,     0.000963694
1,     0.001045059
1,     0.000981720
1,     0.000969902
1,     0.001017129
1,     0.000974414
1,     0.000886809
1,     0.000900537
1,     0.000981289
1,     0.001076061
1,     0.001005679
1,     0.000938563
1,     0.000964825
1,     0.001020142
1,     0.000884444
1,     0.000837418
1,     0.000850085
1,     0.000862266
1,     0.000875639
1,     0.000920564
1,     0.000951689
1,     0.000966785
1,     0.000976315
1,     0.000933978
1,     0.001095506
1,     0.001054313
1,     0.001043596
1,     0.001021937
1,     0.001005768
1,     0.001032037
1,     0.001004463
1,     0.000988996
1,     0.000938266
1,     0.000940948
1,     0.000897888
1,     0.000948124
1,     0.000928198
1,     0.000959661
1,     0.000977344
1,     0.000993395
1,     0.001015605
1,     0.001012330
1,     0.000942998
1,     0.000817401
1,     0.000752951
1,     0.000777195
1,     0.000800332
1,     0.000806680
1,     0.000811142
1,     0.000819237
1,     0.000828074
1,     0.000769507
1,     0.000733297
1,     0.000745174
1,     0.000769897
1,     0.000791206
1,     0.000807936
1,     0.000804066
1,     0.000799126
1,     0.000817248
1,     0.000852116
1,     0.000835922
1,     0.000780037
1,     0.000706275
1,     0.000693428
1,     0.000696565
1,     0.000700269
1,     0.000713123
1,     0.000743784
1,     0.000761489
1,     0.000769719
1,     0.000775823
1,     0.000761215
1,     0.000736891
1,     0.000726145
1,     0.000713850
1,     0.000707005
1,     0.000655270
1,     0.000625534
1,     0.000628310
1,     0.000639973
1,     0.000637381
1,     0.000618451
1,     0.000610425
1,     0.000619214
1,     0.000631252
1,     0.000657644
1,     0.000698601
1,     0.000657567
1,     0.000623711
1,     0.000630033
1,     0.000637891
1,     0.000635423
1,     0.000642995
1,     0.000651483
1,     0.000659530
1,     0.000657988
1,     0.000647035
1,     0.000627847
1,     0.000613389
1,     0.000635246
1,     0.000664392
1,     0.000670550
1,     0.000654237
1,     0.000635247
1,     0.000623930
1,     0.000624952
1,     0.000590289
1,     0.000588047
1,     0.000609763
1,     0.000622776
1,     0.000607888
1,     0.000594036
1,     0.000581359
1,     0.000555149
1,     0.000549482
1,     0.000554680
1,     0.000560725
1,     0.000570736
1,     0.000571021
1,     0.000571715
1,     0.000575284
1,     0.000603192
1,     0.000545344
1,     0.000503849
1,     0.000490402
1,     0.000498283
1,     0.000500530
1,     0.000503506
1,     0.000505348
1,     0.000502606
1,     0.000509280
1,     0.000519245
1,     0.000525271
1,     0.000529097
1,     0.000519952
1,     0.000512767
1,     0.000514242
1,     0.000510713
1,     0.000480874
1,     0.000455432
1,     0.000444402
1,     0.000443217
1,     0.000439851
1,     0.000435198
1,     0.000433728
1,     0.000450670
1,     0.000442575
1,     0.000429319
1,     0.000431465
1,     0.000433154
1,     0.000432834
1,     0.000433588
1,     0.000431704
1,     0.000427260
1,     0.000418962
1,     0.000408527
1,     0.000405849
1,     0.000405073
1,     0.000404698
1,     0.000404936
1,     0.000407475
1,     0.000408480
1,     0.000407955
1,     0.000406714
1,     0.000405962
1,     0.000403643
1,     0.000402930
1,     0.000402497
1,     0.000400592
1,     0.000401109
1,     0.000402131
1,     0.000403723
1,     0.000405167
1,     0.000406561
1,     0.000411027
1,     0.000415808
1,     0.000405754
1,     0.000404768
1,     0.000407262
1,     0.000412530
1,     0.000418522
1,     0.000427155
1,     0.000436038
1,     0.000427785
1,     0.000425104
1,     0.000432999
1,     0.000443179
1,     0.000415588
1,     0.000405781
1,     0.000402877
1,     0.000395883
1,     0.000393273
1,     0.000391400
1,     0.000390651
1,     0.000391462
1,     0.000392467
1,     0.000393260
1,     0.000394490
1,     0.000394263
1,     0.000393863
1,     0.000391736
1,     0.000391901
1,     0.000391511
1,     0.000390390
1,     0.000389392
1,     0.000391574
1,     0.000392527
1,     0.000392934
1,     0.000393880
1,     0.000389724
1,     0.000390714
1,     0.000391177
1,     0.000389594
1,     0.000388187
1,     0.000388726
1,     0.000389275
1,     0.000389770
1,     0.000390757
1,     0.000389871
1,     0.000388390
1,     0.000386989
1,     0.000386631
1,     0.000387831
1,     0.000388781
1,     0.000388296
1,     0.000385802
1,     0.000386418
1,     0.000387671
1,     0.000387704
1,     0.000389981
1,     0.000394459
1,     0.000396299
1,     0.000397158
1,     0.000397922
1,     0.000399002
1,     0.000400920
1,     0.000401280
1,     0.000401138
1,     0.000398099
1,     0.000391387
1,     0.000388055
1,     0.000388967
1,     0.000391534
1,     0.000396100
1,     0.000399225
1,     0.000400377
1,     0.000402955
1,     0.000404785
1,     0.000405589
1,     0.000405595
1,     0.000405572
1,     0.000405543
1,     0.000403169
1,     0.000398473
1,     0.000400612
1,     0.000400708
1,     0.000401260
1,     0.000402004
1,     0.000404335
1,     0.000403931
1,     0.000420366
1,     0.000449714
1,     0.000475121
1,     0.000472300
1,     0.000471615
1,     0.000452466
1,     0.000454403
