1,   273.000000000
1,   273.668154445
1,   274.148017917
1,   275.359614502
1,   276.601800089
1,   277.869984501
1,   279.062283621
1,   279.802257552
1,   280.843995371
1,   281.455001467
1,   281.714720416
1,   281.507264891
1,   282.015432965
1,   282.683403066
1,   282.890758672
1,   283.312553819
1,   283.660744762
1,   283.698850202
1,   283.490930708
1,   283.026822084
1,   282.493038934
1,   282.086239493
1,   282.203178627
1,   283.275430652
1,   283.628109019
1,   284.272593788
1,   285.215954477
1,   285.951864249
1,   286.638571779
1,   287.036569527
1,   287.565530069
1,   287.906337972
1,   288.749911952
1,   289.401076323
1,   289.981237453
1,   289.889981555
1,   290.414914642
1,   290.859688248
1,   291.494988834
1,   291.962537226
1,   292.675205980
1,   293.166361273
1,   293.990475309
1,   294.971889939
1,   295.927514045
1,   296.855765122
1,   297.753190864
1,   297.743282282
1,   297.811771773
1,   298.554102376
1,   299.073337830
1,   299.824355056
1,   300.642563288
1,   301.881317971
1,   302.988549404
1,   303.947800128
1,   303.741968789
1,   304.759161584
1,   305.676819236
1,   306.378256214
1,   307.520328343
1,   308.574282777
1,   309.312249977
1,   310.031128967
1,   310.570800149
1,   311.267974945
1,   312.054779399
1,   312.855431354
1,   313.767248642
1,   314.647331014
1,   315.465757357
1,   316.157426252
1,   316.815946367
1,   317.415302800
1,   317.939151192
1,   318.318722303
1,   318.633926132
1,   318.482931088
1,   318.271737891
1,   318.799328118
1,   319.380802897
1,   319.898025392
1,   320.411930024
1,   320.690794647
1,   320.884665174
1,   320.590901545
1,   321.202131220
1,   321.293458860
1,   321.797700958
1,   322.179433300
1,   322.896733541
1,   323.587439103
1,   324.258814080
1,   324.780172657
1,   325.245000682
1,   325.888050306
1,   326.521529717
1,   327.095974444
1,   327.630453172
1,   328.056588514
1,   327.418612144
1,   327.826425377
1,   328.264325989
1,   328.377825369
1,   327.856866326
1,   328.004260178
1,   327.899381287
1,   327.703434671
1,   327.799765403
1,   328.233779544
1,   328.529638574
1,   328.688867508
1,   328.862264916
1,   329.070698760
1,   329.396751240
1,   329.583636631
1,   329.943712406
1,   330.382910771
1,   330.772794220
1,   330.943057228
1,   331.300735135
1,   331.596968707
1,   331.858462269
1,   332.071543571
1,   332.290194021
1,   332.307344970
1,   332.513685831
1,   332.655094516
1,   332.711480948
1,   332.540605131
1,   332.779014101
1,   332.883261309
1,   332.956400779
1,   332.309617448
1,   331.817267166
1,   331.483589267
1,   330.917327227
1,   330.510104224
1,   330.191633134
1,   329.880942396
1,   329.325810527
1,   328.806317587
1,   328.362194797
1,   328.426542835
1,   328.595718512
1,   328.869717431
1,   329.088136146
1,   329.306263545
1,   329.303921473
1,   329.317993436
1,   329.533064780
1,   329.741333148
1,   329.931355889
1,   330.131076117
1,   330.345277829
1,   330.546232329
1,   330.700483905
1,   330.658379526
1,   329.978194179
1,   329.823809312
1,   329.465758313
1,   329.102179301
1,   328.704932243
1,   328.185768125
1,   327.698437189
1,   327.341249846
1,   326.925073683
1,   326.553043590
1,   326.423253431
1,   326.416748016
1,   326.631296313
1,   326.727550946
1,   326.558248355
1,   326.357100851
1,   326.321599081
1,   326.593765403
1,   326.697162797
1,   326.888242651
1,   326.773789110
1,   326.899779973
1,   327.000826944
1,   327.131606875
1,   327.208796937
1,   326.999419398
1,   327.035346809
1,   326.579128778
1,   325.982987007
1,   325.572755069
1,   325.463318600
1,   325.315818031
1,   325.330155420
1,   325.579324337
1,   325.804662486
1,   326.017982973
1,   326.251886306
1,   326.056878596
1,   326.296121738
1,   326.082332507
1,   325.803117801
1,   325.790032506
1,   326.013222318
1,   326.122273831
1,   326.433858614
1,   326.554091366
1,   326.731328292
1,   326.906993439
1,   327.092979702
1,   327.240136864
1,   327.569743962
1,   327.835732003
1,   327.680508404
1,   327.805697380
1,   328.153680952
1,   328.307012598
1,   328.409592914
1,   328.100972147
1,   328.256669387
1,   328.591720683
1,   328.258913344
1,   328.200683749
1,   328.678621486
1,   329.135924235
1,   329.582627406
1,   329.819618727
1,   329.473549080
1,   329.185437504
1,   329.495410403
1,   329.924576421
1,   330.423702166
1,   330.894855314
1,   331.340980485
1,   331.539919604
1,   331.987553456
1,   332.417740485
1,   332.932864642
1,   333.476309464
1,   334.024806811
1,   334.582907325
1,   335.178530581
1,   335.787183800
1,   336.323994843
1,   335.870690170
1,   335.827682815
1,   336.181912381
1,   336.778648257
1,   337.449298631
1,   337.344322197
1,   337.443040857
1,   338.113301594
1,   338.251028626
1,   338.096583347
1,   338.685770356
1,   338.592321869
1,   339.127298631
1,   339.756384358
1,   340.555001824
1,   341.376318411
1,   342.224640667
1,   343.099168765
1,   342.756794948
1,   342.999721101
1,   342.543525588
1,   342.636510941
1,   343.556407070
1,   344.372450976
1,   345.236307940
1,   345.658440737
1,   346.505560267
1,   347.392386673
1,   348.403222711
1,   349.168556916
1,   349.443862032
1,   350.114075796
1,   351.088270841
1,   352.098189488
1,   353.165459896
1,   354.168078896
1,   354.615583210
1,   355.317816790
1,   356.371409057
1,   356.335489473
1,   357.087100883
1,   358.039752272
1,   358.437734062
1,   359.385396540
1,   360.475142346
1,   360.691346249
1,   360.897673689
1,   361.164825479
1,   361.995736480
1,   363.080096188
1,   364.251000316
1,   365.431854746
1,   366.666247984
1,   367.894582695
1,   368.895969224
1,   369.053291350
1,   369.774228327
1,   370.952309301
1,   372.028022072
1,   373.347140187
1,   374.613964649
1,   375.950503958
1,   376.959053247
1,   378.300224383
1,   379.608650069
1,   380.137813118
1,   381.346194682
1,   381.950872079
1,   383.258639261
1,   384.608059725
1,   385.714141371
1,   386.559670886
1,   387.285088352
1,   387.862813052
1,   388.898080448
1,   389.658021117
1,   390.877089055
1,   392.146951922
1,   393.251797437
1,   394.427540770
1,   395.294700170
1,   395.760571061
1,   395.684027930
1,   395.388460706
1,   396.514338452
1,   397.504449874
1,   398.268210027
1,   398.512076011
1,   398.272792168
1,   398.434174911
1,   399.037184853
1,   399.779505825
1,   400.407913469
1,   401.150670488
1,   402.416624468
1,   403.639320662
1,   404.081523650
1,   405.349912112
1,   404.960692815
1,   405.441263049
1,   406.895090652
1,   408.247071878
1,   408.301714929
1,   409.083896948
1,   410.652514287
1,   412.221472943
1,   413.780950572
1,   415.119810067
1,   415.831127200
1,   415.741582081
1,   415.406762069
1,   415.065747209
1,   415.878055483
1,   416.371702461
1,   416.336071072
1,   415.913960683
1,   416.490442458
1,   417.095483880
1,   417.661629270
1,   418.212315660
1,   418.613764879
1,   418.898989775
1,   418.829277358
1,   418.677723586
1,   418.290080331
1,   418.614848399
1,   419.878843404
1,   421.176935568
1,   422.410519819
1,   423.333750128
1,   423.765348585
1,   423.297883065
1,   423.428206684
1,   424.058327221
1,   424.229204275
1,   424.510941328
1,   424.589336599
1,   424.238310680
1,   423.755353875
1,   423.193475491
1,   422.554655446
1,   421.528886453
1,   420.473429085
1,   419.725775852
1,   418.728977267
1,   417.693789858
1,   416.879871278
1,   416.240876930
1,   415.352025523
1,   414.311734015
1,   413.238014645
1,   412.434100015
1,   411.860612045
1,   411.021265660
1,   409.992502721
1,   409.996046649
1,   409.685181424
1,   409.265077908
1,   408.755751541
1,   408.204940030
1,   407.351231621
1,   406.346900808
1,   405.390041214
1,   404.505019702
1,   403.989260153
1,   404.494663239
1,   404.982769459
1,   405.240337718
1,   405.163748354
1,   405.245495809
1,   404.988369736
1,   404.799484629
1,   404.987002262
1,   405.329912851
1,   405.317345195
1,   405.273922877
1,   404.516858822
1,   404.363142766
1,   405.053975151
1,   405.983209264
1,   406.669388216
1,   407.225835882
1,   407.439740180
1,   407.324013243
1,   407.603647222
1,   408.649419777
1,   409.714684072
1,   410.360536591
1,   411.109000552
1,   411.618984671
1,   412.124035891
1,   412.555308267
1,   412.889934254
1,   413.093716174
1,   413.557295999
1,   414.294072978
1,   414.739164275
1,   414.966478918
1,   415.404956116
1,   415.528817647
1,   415.596702290
1,   415.486204740
1,   415.437884627
1,   415.373235980
1,   416.095529592
1,   416.661957830
1,   417.158558058
1,   417.649292126
1,   417.950987601
1,   418.213964009
1,   418.250268146
1,   418.205258193
1,   418.561136677
1,   418.981264781
1,   419.159218915
1,   419.155366323
1,   418.476556657
1,   418.923688484
1,   419.245216945
1,   419.861786543
1,   420.415360421
1,   420.831532553
1,   420.402356735
1,   420.849204898
1,   421.196285287
1,   421.421082790
1,   421.493250992
1,   420.705383965
1,   420.683428811
1,   420.191953875
1,   420.684925651
1,   421.175143218
1,   421.656879863
1,   422.036054265
1,   422.463259156
1,   422.854958358
1,   423.008421620
1,   423.302016303
1,   423.379887724
1,   423.437683044
1,   423.680573182
1,   423.390304247
1,   423.050738523
1,   423.325742893
1,   423.654033549
1,   423.649295821
1,   423.929491661
1,   424.219339025
1,   424.496614405
1,   424.732537249
1,   424.895692362
1,   424.940786814
1,   424.972215389
1,   424.539963491
1,   424.667342056
1,   424.595762105
1,   424.258499344
1,   424.265652915
1,   424.050462957
1,   423.732417012
1,   423.411612115
1,   423.230441989
1,   422.532997171
1,   422.020864485
1,   421.232932806
1,   420.790371666
1,   420.806758011
1,   420.982483316
1,   420.723377921
1,   420.900004595
1,   421.058329363
1,   421.201732596
1,   421.226235863
1,   421.314961339
1,   421.474441456
1,   421.579796661
1,   420.867125659
1,   420.441897770
1,   420.182788451
1,   419.810085878
1,   419.223765055
1,   419.174814670
1,   418.712537216
1,   418.735169585
1,   418.860367378
1,   418.935933337
1,   418.947999227
1,   418.944570026
1,   418.753855867
1,   418.173633646
1,   417.699206631
1,   417.292158525
1,   417.398423546
1,   417.510973922
1,   417.641529061
1,   417.726115444
1,   417.189785442
1,   416.605674024
1,   416.467220512
1,   416.416239242
1,   416.394908755
1,   416.300177523
1,   415.534708276
1,   415.137330999
1,   414.555263179
1,   414.167102275
1,   414.040316345
1,   413.959671519
1,   413.823918897
1,   413.904919210
1,   413.602861766
1,   413.337574190
1,   413.352506363
1,   413.107595901
1,   413.260594530
1,   413.339149936
1,   412.651846635
1,   412.230133025
1,   412.213298761
1,   412.350916161
1,   412.478656881
1,   412.086258126
1,   412.294310026
1,   412.528657912
1,   412.760364580
1,   412.755623422
1,   412.600834838
1,   412.327819392
1,   411.614342442
1,   411.078181847
1,   410.498739760
1,   410.246710557
1,   410.070396874
1,   410.004110456
1,   409.574608595
1,   409.424371900
1,   409.540918175
1,   409.779637518
1,   410.108248827
1,   410.478774762
1,   410.719254614
1,   410.094190320
1,   409.858997974
1,   409.744974433
1,   409.626919968
1,   409.647306073
1,   409.954769926
1,   410.351147584
1,   410.062100750
1,   409.221051656
1,   408.941025891
1,   409.326776979
1,   409.697023345
1,   409.592476471
1,   409.531129253
1,   409.666057237
1,   410.079381638
1,   410.141264329
1,   409.663249680
1,   409.468675853
1,   408.714745665
1,   408.373913512
1,   408.438808890
1,   408.490967232
1,   408.619105720
1,   409.154940061
1,   408.808563373
1,   408.701815404
1,   409.056365916
1,   409.554888205
1,   409.942883340
1,   410.726526044
1,   411.195175681
1,   410.825733581
1,   411.593131892
1,   412.391127277
1,   412.978698071
1,   413.461729392
1,   413.783552038
1,   413.752229907
1,   413.989484070
1,   413.588749527
1,   413.427252979
1,   413.270978219
1,   413.045754207
1,   413.122949232
1,   413.282050328
1,   414.274701277
1,   414.762943635
1,   415.334074178
1,   415.175104738
1,   415.441455148
1,   415.702499101
1,   416.380328038
1,   416.179235280
1,   417.190539742
1,   417.559725709
1,   418.671179480
1,   418.307231138
1,   418.075624623
1,   418.705432532
1,   418.671171260
1,   418.867246711
1,   419.497222541
1,   420.531396850
1,   420.474952404
1,   421.517051227
1,   421.684382199
