1, 13201.813110000
1, 13201.776248812
1, 13201.744635096
1, 13201.714831574
1, 13201.685390778
1, 13201.654982476
1, 13201.623993156
1, 13201.595219500
1, 13201.567093499
1, 13201.536755326
1, 13201.504139668
1, 13201.469208267
1, 13201.436623140
1, 13201.407629190
1, 13201.377826993
1, 13201.348514871
1, 13201.320041714
1, 13201.290307083
1, 13201.258771594
1, 13201.224769663
1, 13201.188659889
1, 13201.153055810
1, 13201.115077086
1, 13201.076870385
1, 13201.039274464
1, 13201.002682622
1, 13200.964722058
1, 13200.925506874
1, 13200.887328349
1, 13200.850667800
1, 13200.814959652
1, 13200.777258145
1, 13200.740210380
1, 13200.702751345
1, 13200.664861925
1, 13200.630961961
1, 13200.601093186
1, 13200.572089286
1, 13200.542269673
1, 13200.512732864
1, 13200.484306921
1, 13200.456865651
1, 13200.429897682
1, 13200.401017248
1, 13200.370344178
1, 13200.337583051
1, 13200.303916581
1, 13200.271018597
1, 13200.238599973
1, 13200.205150038
1, 13200.171834171
1, 13200.138767182
1, 13200.107268954
1, 13200.076662488
1, 13200.044329981
1, 13200.010634495
1, 13199.978179092
1, 13199.945102739
1, 13199.911171970
1, 13199.879254535
1, 13199.848626487
1, 13199.817057517
1, 13199.784584283
1, 13199.751438878
1, 13199.717834528
1, 13199.683205224
1, 13199.647877595
1, 13199.614069807
1, 13199.581446643
1, 13199.549172473
1, 13199.516351883
1, 13199.482438629
1, 13199.449175816
1, 13199.415921379
1, 13199.383227364
1, 13199.350801743
1, 13199.317797409
1, 13199.282548273
1, 13199.245676306
1, 13199.212035939
1, 13199.180947512
1, 13199.150933892
1, 13199.121051024
1, 13199.090640441
1, 13199.058712014
1, 13199.024832655
1, 13198.992945523
1, 13198.961132467
1, 13198.928967780
1, 13198.897836034
1, 13198.866610000
1, 13198.834540925
1, 13198.802012400
1, 13198.770103649
1, 13198.738761800
1, 13198.708832419
1, 13198.678475608
1, 13198.647653938
1, 13198.617024800
1, 13198.585842571
1, 13198.555095384
1, 13198.523990065
1, 13198.492366631
1, 13198.461510880
1, 13198.432813393
1, 13198.404483619
1, 13198.376367651
1, 13198.347859189
1, 13198.319121801
1, 13198.290037570
1, 13198.261212597
1, 13198.232707193
1, 13198.203910186
1, 13198.174633938
1, 13198.144931882
1, 13198.114902326
1, 13198.086393067
1, 13198.060096891
1, 13198.034690462
1, 13198.009815899
1, 13197.985141543
1, 13197.960270798
1, 13197.935495900
1, 13197.910715803
1, 13197.885942622
1, 13197.861721840
1, 13197.837627709
1, 13197.813086511
1, 13197.788044957
1, 13197.763866774
1, 13197.740317615
1, 13197.716821437
1, 13197.693125159
1, 13197.670018349
1, 13197.647264111
1, 13197.624584157
1, 13197.601225427
1, 13197.579616964
1, 13197.559321066
1, 13197.540095334
1, 13197.521818040
1, 13197.503530863
1, 13197.485253128
1, 13197.466579815
1, 13197.447563481
1, 13197.428326816
1, 13197.408887089
1, 13197.389406505
1, 13197.370196078
1, 13197.351316479
1, 13197.332371307
1, 13197.313499874
1, 13197.294808044
1, 13197.275667419
1, 13197.255877203
1, 13197.235418495
1, 13197.214280889
1, 13197.192947388
1, 13197.171858964
1, 13197.151814295
1, 13197.133016094
1, 13197.114402867
1, 13197.096055907
1, 13197.078029455
1, 13197.060272128
1, 13197.042987003
1, 13197.025502891
1, 13197.007762958
1, 13196.990231722
1, 13196.972940728
1, 13196.955221974
1, 13196.937217511
1, 13196.919815632
1, 13196.902715631
1, 13196.885658340
1, 13196.868353367
1, 13196.850879455
1, 13196.833538991
1, 13196.816816215
1, 13196.800443530
1, 13196.784077441
1, 13196.767363161
1, 13196.750780281
1, 13196.734519682
1, 13196.718506068
1, 13196.702961202
1, 13196.687327770
1, 13196.671835538
1, 13196.656073718
1, 13196.640284133
1, 13196.624214840
1, 13196.608148902
1, 13196.591622267
1, 13196.574954079
1, 13196.557785817
1, 13196.540799022
1, 13196.523853241
1, 13196.507220973
1, 13196.491283766
1, 13196.475368147
1, 13196.458319197
1, 13196.441103021
1, 13196.424289267
1, 13196.407567090
1, 13196.390748060
1, 13196.373919040
1, 13196.357781893
1, 13196.341604970
1, 13196.324756537
1, 13196.307236701
1, 13196.289658573
1, 13196.272080405
1, 13196.254227473
1, 13196.236205866
1, 13196.218386855
1, 13196.201124935
1, 13196.184232759
1, 13196.167229676
1, 13196.150469486
1, 13196.133872177
1, 13196.116580377
1, 13196.098577763
1, 13196.080657870
1, 13196.061933865
1, 13196.044776978
1, 13196.029084878
1, 13196.013620794
1, 13195.997758416
1, 13195.981007510
1, 13195.963827170
1, 13195.946256883
1, 13195.928995898
1, 13195.912082203
1, 13195.895194223
1, 13195.878056531
1, 13195.860797453
1, 13195.843607772
1, 13195.826370656
1, 13195.808884881
1, 13195.791184389
1, 13195.773340581
1, 13195.755820916
1, 13195.738828517
1, 13195.721517463
1, 13195.703363293
1, 13195.684741392
1, 13195.666116671
1, 13195.647691540
1, 13195.628813129
1, 13195.609506057
1, 13195.591155999
1, 13195.573299537
1, 13195.555983921
1, 13195.539071479
1, 13195.522086023
1, 13195.504335433
1, 13195.485906654
1, 13195.466585507
1, 13195.446299089
1, 13195.426489072
1, 13195.407788407
1, 13195.390708247
1, 13195.374401986
1, 13195.357876464
1, 13195.339994419
1, 13195.320518047
1, 13195.300362382
1, 13195.279498494
1, 13195.258399923
1, 13195.237913829
1, 13195.217394958
1, 13195.198093851
1, 13195.180553222
1, 13195.162368842
1, 13195.143482428
1, 13195.123488200
1, 13195.101978685
1, 13195.079939342
1, 13195.058774132
1, 13195.037349115
1, 13195.015431141
1, 13194.993651431
1, 13194.972996605
1, 13194.952788173
1, 13194.932469435
1, 13194.911942861
1, 13194.891496232
1, 13194.872623595
1, 13194.854229093
1, 13194.834562740
1, 13194.813898604
1, 13194.792777257
1, 13194.771105054
1, 13194.749776603
1, 13194.728313881
1, 13194.707260886
1, 13194.687248103
1, 13194.669104292
1, 13194.649724998
1, 13194.629855124
1, 13194.610076217
1, 13194.589922167
1, 13194.568483757
1, 13194.545127266
1, 13194.520911591
1, 13194.496523282
1, 13194.471340779
1, 13194.445691772
1, 13194.422731472
1, 13194.400590107
1, 13194.377216960
1, 13194.351589861
1, 13194.323920163
1, 13194.295723606
1, 13194.266781762
1, 13194.238454135
1, 13194.209095344
1, 13194.180577916
1, 13194.153770347
1, 13194.126515681
1, 13194.099632544
1, 13194.071939294
1, 13194.042256148
1, 13194.011182801
1, 13193.981797160
1, 13193.953862893
1, 13193.925649156
1, 13193.896289561
1, 13193.865741683
1, 13193.834920070
1, 13193.803361621
1, 13193.773476384
1, 13193.743902390
1, 13193.714688816
1, 13193.687673615
1, 13193.660517682
1, 13193.631417812
1, 13193.600747786
1, 13193.572037929
1, 13193.547251179
1, 13193.525567192
1, 13193.503003193
1, 13193.477632831
1, 13193.452280684
1, 13193.428886373
1, 13193.404439413
1, 13193.378417654
1, 13193.352389774
1, 13193.325569495
1, 13193.296459068
1, 13193.264447147
1, 13193.230567277
1, 13193.195838351
1, 13193.161422756
1, 13193.126700358
1, 13193.090913316
1, 13193.054131479
1, 13193.019918859
1, 13192.988405266
1, 13192.958082814
1, 13192.930114936
1, 13192.902767932
1, 13192.874549685
1, 13192.844187068
1, 13192.813385037
1, 13192.783696068
1, 13192.754230186
1, 13192.726091355
1, 13192.697199197
1, 13192.667645019
1, 13192.638125652
1, 13192.608121636
1, 13192.575962617
1, 13192.544704022
1, 13192.517477651
1, 13192.490247966
1, 13192.463752561
1, 13192.437831450
1, 13192.410671664
1, 13192.381847614
1, 13192.351895117
1, 13192.321135279
1, 13192.288088743
1, 13192.252261884
1, 13192.218616380
1, 13192.185385105
1, 13192.150545191
1, 13192.117177882
1, 13192.086818718
1, 13192.055997155
1, 13192.022420140
1, 13191.985610271
1, 13191.951218172
1, 13191.919130110
1, 13191.886152634
1, 13191.851293550
1, 13191.821079675
1, 13191.792479090
1, 13191.763452414
1, 13191.734016486
1, 13191.704130914
1, 13191.672719390
1, 13191.640253753
1, 13191.607281477
1, 13191.573992672
1, 13191.542155594
1, 13191.504821546
1, 13191.468901594
1, 13191.433356513
1, 13191.398558498
1, 13191.364320037
1, 13191.329196360
1, 13191.295020071
1, 13191.261378587
1, 13191.229470647
1, 13191.197479037
1, 13191.166958610
1, 13191.134737794
1, 13191.103201531
1, 13191.070603791
1, 13191.037413240
1, 13191.003685673
1, 13190.969212398
1, 13190.934858777
1, 13190.902865783
1, 13190.875140207
1, 13190.849605724
1, 13190.823253810
1, 13190.796122445
1, 13190.768781118
1, 13190.741293854
1, 13190.713537668
1, 13190.685487532
1, 13190.659426448
1, 13190.634596227
1, 13190.609368249
1, 13190.583307891
1, 13190.556531154
1, 13190.529193367
1, 13190.501991744
1, 13190.474962422
1, 13190.447325381
1, 13190.418514797
1, 13190.390257440
1, 13190.363894426
1, 13190.340028739
1, 13190.316601084
1, 13190.293071272
1, 13190.269420256
1, 13190.245339101
1, 13190.220226821
1, 13190.194521307
1, 13190.168542648
1, 13190.142362749
1, 13190.116680515
1, 13190.091823442
1, 13190.067333112
1, 13190.043261623
1, 13190.019424975
1, 13189.997336279
1, 13189.976253241
1, 13189.955079796
1, 13189.933516531
1, 13189.912043888
1, 13189.891212151
1, 13189.870653816
1, 13189.849802553
1, 13189.828549113
1, 13189.806410443
1, 13189.782896772
1, 13189.760767974
1, 13189.739781868
1, 13189.718586286
1, 13189.697129636
1, 13189.675759339
1, 13189.654137736
1, 13189.632234143
1, 13189.610063570
1, 13189.587948421
1, 13189.566204928
1, 13189.545109600
1, 13189.524503253
1, 13189.503165853
1, 13189.480852977
1, 13189.458337028
1, 13189.436372504
1, 13189.415048996
1, 13189.394108654
1, 13189.373137283
1, 13189.353332200
1, 13189.333605236
1, 13189.313152805
1, 13189.292267114
1, 13189.271883901
1, 13189.251968216
1, 13189.232480478
1, 13189.213874062
1, 13189.195460172
1, 13189.176874712
1, 13189.158089360
1, 13189.138971375
1, 13189.119846630
1, 13189.100701474
1, 13189.081439641
1, 13189.061246379
1, 13189.042992574
1, 13189.026130082
1, 13189.009719798
1, 13188.993047914
1, 13188.976303042
1, 13188.959460823
1, 13188.942559245
1, 13188.925751608
1, 13188.908723058
1, 13188.891363682
1, 13188.873805270
1, 13188.856121432
1, 13188.838745717
1, 13188.821612492
1, 13188.804432338
1, 13188.787372452
1, 13188.771311549
1, 13188.756102375
1, 13188.741263355
1, 13188.726465722
1, 13188.711782234
1, 13188.697255813
1, 13188.682780214
1, 13188.667740970
1, 13188.652973719
1, 13188.638650537
1, 13188.624257471
1, 13188.609809808
1, 13188.595374557
1, 13188.580915928
1, 13188.566521895
1, 13188.552277768
1, 13188.538311962
1, 13188.524695642
1, 13188.511170142
1, 13188.497672076
1, 13188.484188081
1, 13188.470697758
1, 13188.457124429
1, 13188.443519249
1, 13188.429933149
1, 13188.416389994
1, 13188.402873502
1, 13188.389435843
1, 13188.376023515
1, 13188.362627200
1, 13188.349295872
1, 13188.335948959
1, 13188.322569645
1, 13188.309138965
1, 13188.295661905
1, 13188.282140133
1, 13188.268471509
1, 13188.254645611
1, 13188.241155750
1, 13188.227700325
1, 13188.214163669
1, 13188.200453645
1, 13188.186546248
1, 13188.172353805
1, 13188.157868149
1, 13188.143658596
1, 13188.129539968
1, 13188.115161062
1, 13188.100446071
1, 13188.086649134
1, 13188.073179514
1, 13188.059808019
1, 13188.046670325
1, 13188.033620870
1, 13188.020635193
1, 13188.007675986
1, 13187.994691501
1, 13187.981675306
1, 13187.968634450
1, 13187.955554463
1, 13187.942483656
1, 13187.929427796
1, 13187.916444081
1, 13187.903456550
1, 13187.890483626
1, 13187.877549497
1, 13187.864650074
1, 13187.851680037
1, 13187.838680104
1, 13187.825668376
1, 13187.812627017
1, 13187.799724945
1, 13187.786791778
1, 13187.773844968
1, 13187.760952241
1, 13187.748107753
1, 13187.735247125
1, 13187.722370000
1, 13187.709478208
1, 13187.696555487
1, 13187.683663774
1, 13187.670822721
1, 13187.658029696
1, 13187.645250184
1, 13187.632432700
1, 13187.619585533
1, 13187.606756096
1, 13187.594010787
1, 13187.581246812
1, 13187.568443154
1, 13187.555640150
1, 13187.542763697
1, 13187.529741133
1, 13187.516659628
1, 13187.503551591
1, 13187.490420157
1, 13187.477254934
1, 13187.464028281
1, 13187.450791627
1, 13187.437561538
1, 13187.424433525
1, 13187.411528681
1, 13187.398735488
1, 13187.385914005
1, 13187.373009669
1, 13187.359956669
1, 13187.346802579
1, 13187.333612399
1, 13187.320339204
1, 13187.307007680
1, 13187.293651608
1, 13187.280297284
1, 13187.266945698
1, 13187.253597010
1, 13187.240328430
1, 13187.227216314
1, 13187.214035732
1, 13187.200853915
1, 13187.187655876
1, 13187.174435280
1, 13187.161140000
1, 13187.147859971
1, 13187.134041671
1, 13187.119260906
1, 13187.103647691
1, 13187.088129888
1, 13187.072637278
1, 13187.057776317
