1,     0.411555416
1,     0.330274361
1,     0.302349718
1,     0.308004352
1,     0.338674710
1,     0.363865179
1,     0.335598325
1,     0.331260677
1,     0.378325844
1,     0.426725477
1,     0.477152022
1,     0.442052983
1,     0.381583070
1,     0.401759671
1,     0.392564775
1,     0.367482840
1,     0.397133855
1,     0.438001768
1,     0.490943338
1,     0.527737269
1,     0.500583120
1,     0.419560044
1,     0.421607829
1,     0.411723865
1,     0.396579698
1,     0.420538136
1,     0.449770602
1,     0.448741609
1,     0.441378119
1,     0.441887587
1,     0.451085125
1,     0.431532635
1,     0.442963760
1,     0.425411685
1,     0.365034235
1,     0.315359446
1,     0.301562381
1,     0.315708516
1,     0.311651339
1,     0.293717693
1,     0.277873911
1,     0.270439220
1,     0.303025997
1,     0.330653989
1,     0.355499600
1,     0.374054407
1,     0.372813613
1,     0.365649696
1,     0.383941628
1,     0.382712925
1,     0.379296037
1,     0.353547229
1,     0.339111568
1,     0.369231332
1,     0.392404305
1,     0.372740622
1,     0.383538975
1,     0.398738079
1,     0.361707824
1,     0.333527357
1,     0.342709452
1,     0.353810375
1,     0.363072047
1,     0.369844924
1,     0.386975722
1,     0.401056599
1,     0.381053462
1,     0.367746975
1,     0.369711294
1,     0.387798904
1,     0.417312122
1,     0.415852470
1,     0.423066180
1,     0.418417761
1,     0.419747263
1,     0.437714024
1,     0.485863265
1,     0.521679764
1,     0.466263345
1,     0.421378481
1,     0.403769652
1,     0.404230307
1,     0.417390686
1,     0.436549180
1,     0.384488387
1,     0.358966184
1,     0.359926695
1,     0.367816300
1,     0.348744746
1,     0.345565252
1,     0.357132744
1,     0.364517923
1,     0.355306443
1,     0.347019751
1,     0.325111519
1,     0.336997391
1,     0.352635322
1,     0.357894909
1,     0.376689587
1,     0.358262971
1,     0.358650816
1,     0.377551611
1,     0.373090306
1,     0.326411918
1,     0.311536292
1,     0.308615805
1,     0.302186165
1,     0.307672370
1,     0.316370276
1,     0.312837101
1,     0.302298016
1,     0.308481995
1,     0.318719514
1,     0.329287459
1,     0.339891408
1,     0.314400132
1,     0.279837530
1,     0.269596249
1,     0.264641207
1,     0.265763044
1,     0.275293933
1,     0.279197046
1,     0.284392361
1,     0.288706478
1,     0.281648718
1,     0.283561860
1,     0.297677093
1,     0.311793007
1,     0.295653401
1,     0.275996270
1,     0.278334145
1,     0.286083809
1,     0.265202990
1,     0.237672665
1,     0.226870546
1,     0.218256600
1,     0.190600263
1,     0.169733832
1,     0.155760817
1,     0.146852095
1,     0.147700229
1,     0.148634357
1,     0.155713752
1,     0.161823990
1,     0.165832391
1,     0.169573188
1,     0.170443442
1,     0.165806336
1,     0.160085494
1,     0.161345854
1,     0.160186458
1,     0.157167525
1,     0.165209268
1,     0.176921686
1,     0.189116969
1,     0.201628657
1,     0.204788817
1,     0.201022704
1,     0.182085458
1,     0.159925162
1,     0.156717808
1,     0.152096557
1,     0.146551499
1,     0.141915566
1,     0.133840534
1,     0.137286980
1,     0.141726228
1,     0.138175645
1,     0.134133944
1,     0.141570109
1,     0.146647968
1,     0.136337215
1,     0.131244501
1,     0.130578970
1,     0.134889646
1,     0.137915775
1,     0.135723110
1,     0.125310775
1,     0.119498720
1,     0.119480406
1,     0.125424731
1,     0.123303333
1,     0.117987474
1,     0.113937997
1,     0.106324637
1,     0.107792237
1,     0.105505560
1,     0.109933676
1,     0.110450339
1,     0.115128724
1,     0.115149984
1,     0.122972723
1,     0.125477087
1,     0.134145078
1,     0.131139585
1,     0.130499256
1,     0.125257938
1,     0.113628657
1,     0.113315917
1,     0.132584303
1,     0.135591435
1,     0.128755711
1,     0.127309113
1,     0.129068672
1,     0.129347431
1,     0.117682127
1,     0.118450361
1,     0.129998328
1,     0.141818186
1,     0.142974349
1,     0.143051409
1,     0.148026420
1,     0.151176994
1,     0.147692336
1,     0.137969935
1,     0.131574820
1,     0.133610902
1,     0.129522047
1,     0.126757029
1,     0.138931173
1,     0.151714562
1,     0.150398590
1,     0.165100995
1,     0.137143503
1,     0.111996688
1,     0.108234192
1,     0.115017040
1,     0.130400890
1,     0.138085875
1,     0.145168004
1,     0.139818608
1,     0.133805752
1,     0.133498928
1,     0.138051478
1,     0.140367075
1,     0.139296926
1,     0.140306445
1,     0.144925326
1,     0.148974411
1,     0.151757327
1,     0.146066007
1,     0.136662428
1,     0.142447215
1,     0.157900155
1,     0.166723900
1,     0.166993237
1,     0.163396110
1,     0.171951949
1,     0.180220069
1,     0.162486282
1,     0.153484719
1,     0.143818251
1,     0.136647115
1,     0.138117117
1,     0.152190547
1,     0.164958054
1,     0.181997864
1,     0.200746607
1,     0.191879437
1,     0.170867641
1,     0.141024318
1,     0.127178195
1,     0.131181303
1,     0.156124319
1,     0.186466518
1,     0.199846159
1,     0.213868070
1,     0.218788476
1,     0.207108934
1,     0.208084836
1,     0.184704212
1,     0.151506925
1,     0.163780825
1,     0.177418505
1,     0.199190494
1,     0.229484514
1,     0.240457419
1,     0.223247264
1,     0.228736171
1,     0.239007645
1,     0.236397436
1,     0.214210948
1,     0.205674894
1,     0.208086368
1,     0.212549590
1,     0.211310606
1,     0.180419450
1,     0.171292909
1,     0.196363837
1,     0.216557799
1,     0.226138551
1,     0.237715732
1,     0.231139250
1,     0.234291236
1,     0.226366613
1,     0.205676611
1,     0.168802409
1,     0.193424186
1,     0.203606518
1,     0.202110916
1,     0.208358867
1,     0.230189787
1,     0.263122270
1,     0.275309834
1,     0.275176601
1,     0.290304053
1,     0.300629955
1,     0.248252614
1,     0.233443385
1,     0.261968538
1,     0.314504010
1,     0.367081761
1,     0.386859404
1,     0.409140999
1,     0.400449687
1,     0.426391655
1,     0.411174530
1,     0.376271194
1,     0.389132237
1,     0.384228827
1,     0.405756622
1,     0.454186774
1,     0.489136783
1,     0.447640871
1,     0.394807637
1,     0.406911171
1,     0.439565491
1,     0.471283402
1,     0.475852161
1,     0.438587163
1,     0.399777305
1,     0.394962924
1,     0.389795904
1,     0.341405237
1,     0.345204100
1,     0.391349088
1,     0.437130081
1,     0.404002542
1,     0.298332443
1,     0.242231871
1,     0.258781105
1,     0.312262134
1,     0.311884557
1,     0.271903667
1,     0.292838891
1,     0.328424807
1,     0.336697140
1,     0.368916821
1,     0.439898826
1,     0.522901871
1,     0.575572766
1,     0.577623960
1,     0.544166817
1,     0.570064153
1,     0.612368610
1,     0.651267166
1,     0.602300437
1,     0.546521102
1,     0.523191211
1,     0.469017694
1,     0.455867176
1,     0.476267312
1,     0.528058307
1,     0.543468827
1,     0.488357183
1,     0.413208440
1,     0.387762818
1,     0.416055054
1,     0.451229492
1,     0.475203175
1,     0.507600780
1,     0.577401497
1,     0.564638032
1,     0.469019388
1,     0.475778074
1,     0.462226323
1,     0.451156132
1,     0.486337302
1,     0.532488975
1,     0.564553333
1,     0.588440145
1,     0.650965480
1,     0.726171016
1,     0.675298573
1,     0.667621650
1,     0.712097099
1,     0.677521531
1,     0.600525576
1,     0.613798114
1,     0.687211116
1,     0.772426769
1,     0.713201012
1,     0.654245438
1,     0.679189560
1,     0.730062947
1,     0.605311576
1,     0.562599326
1,     0.575509169
1,     0.587950474
1,     0.601629852
1,     0.644324258
1,     0.674107191
1,     0.689059879
1,     0.699172120
1,     0.652599540
1,     0.639797706
1,     0.625729636
1,     0.632741360
1,     0.628197031
1,     0.624549521
1,     0.656227655
1,     0.635567439
1,     0.606817862
1,     0.574871914
1,     0.586247323
1,     0.556053601
1,     0.486682698
1,     0.473160682
1,     0.499797577
1,     0.510226456
1,     0.521921710
1,     0.545794281
1,     0.536363835
1,     0.490511216
1,     0.393459242
1,     0.341499602
1,     0.359215455
1,     0.379446727
1,     0.389368090
1,     0.400196538
1,     0.415091327
1,     0.409490058
1,     0.368408229
1,     0.343374464
1,     0.357143663
1,     0.388750300
1,     0.421224415
1,     0.448249289
1,     0.455590704
1,     0.459113967
1,     0.480055158
1,     0.516368261
1,     0.485550058
1,     0.377994849
1,     0.324633296
1,     0.321758124
1,     0.332328021
1,     0.344786537
1,     0.366633261
1,     0.404940535
1,     0.428668576
1,     0.425558487
1,     0.398490179
1,     0.383184227
1,     0.372159397
1,     0.371172300
1,     0.356294071
1,     0.339351564
1,     0.304364616
1,     0.287441291
1,     0.299628870
1,     0.319070661
1,     0.320238556
1,     0.302405253
1,     0.301264004
1,     0.314499193
1,     0.329263994
1,     0.330754392
1,     0.310547401
1,     0.277358117
1,     0.250745850
1,     0.257882958
1,     0.267366023
1,     0.269817897
1,     0.280997613
1,     0.294255275
1,     0.308016262
1,     0.313767699
1,     0.311729623
1,     0.301192437
1,     0.294304082
1,     0.290287329
1,     0.285245225
1,     0.291718631
1,     0.281435644
1,     0.269073148
1,     0.263344127
1,     0.268991095
1,     0.246529388
1,     0.251466194
1,     0.277584260
1,     0.297608893
1,     0.292195421
1,     0.266286722
1,     0.247848333
1,     0.230699226
1,     0.228068624
1,     0.233113921
1,     0.241193994
1,     0.250131568
1,     0.250119604
1,     0.253078644
1,     0.245752685
1,     0.238694740
1,     0.195668124
1,     0.172453621
1,     0.169791156
1,     0.178007176
1,     0.180620391
1,     0.183195057
1,     0.183397813
1,     0.178966396
1,     0.182336100
1,     0.188479481
1,     0.191277657
1,     0.192440235
1,     0.187903090
1,     0.188901983
1,     0.192544287
1,     0.189797781
1,     0.166651071
1,     0.147426931
1,     0.139320680
1,     0.138452816
1,     0.136042369
1,     0.132717349
1,     0.131705558
1,     0.144169522
1,     0.138249330
1,     0.128642074
1,     0.130180060
1,     0.131401616
1,     0.131176947
1,     0.131779040
1,     0.130471421
1,     0.127325137
1,     0.121450340
1,     0.114104482
1,     0.112233450
1,     0.111722894
1,     0.111497578
1,     0.111698899
1,     0.113494594
1,     0.114170433
1,     0.113810983
1,     0.112937671
1,     0.112421550
1,     0.110841716
1,     0.110380197
1,     0.110107858
1,     0.108838398
1,     0.109207201
1,     0.109928475
1,     0.111069112
1,     0.112088782
1,     0.113109765
1,     0.116281058
1,     0.119635555
1,     0.112577438
1,     0.111928468
1,     0.113715940
1,     0.117463471
1,     0.121717666
1,     0.127974053
1,     0.134504112
1,     0.128559573
1,     0.126664854
1,     0.132423253
1,     0.139929742
1,     0.119873369
1,     0.112958379
1,     0.110925500
1,     0.106115094
1,     0.104352059
1,     0.103105977
1,     0.102599197
1,     0.103172940
1,     0.103900481
1,     0.104494341
1,     0.105395709
1,     0.105303690
1,     0.105082466
1,     0.103616206
1,     0.103745450
1,     0.103504563
1,     0.102766119
1,     0.102122924
1,     0.103666017
1,     0.104382037
1,     0.104673514
1,     0.105296498
1,     0.102468586
1,     0.103205831
1,     0.103583852
1,     0.102529287
1,     0.101600528
1,     0.102010168
1,     0.102448716
1,     0.102824574
1,     0.103497324
1,     0.102910780
1,     0.101878561
1,     0.100933601
1,     0.100728293
1,     0.101580830
1,     0.102270787
1,     0.102012785
1,     0.100322997
1,     0.100766648
1,     0.101678558
1,     0.101770152
1,     0.103390006
1,     0.106571460
1,     0.107920180
1,     0.108524934
1,     0.109153698
1,     0.110007684
1,     0.111437645
1,     0.111766214
1,     0.111728312
1,     0.109625579
1,     0.105001826
1,     0.102706926
1,     0.103356306
1,     0.105152966
1,     0.108348927
1,     0.110582386
1,     0.111443425
1,     0.113383950
1,     0.114762009
1,     0.115420414
1,     0.115449571
1,     0.115492243
1,     0.115531072
1,     0.113928990
1,     0.110618112
1,     0.112249188
1,     0.112383626
1,     0.112901815
1,     0.113440603
1,     0.115125024
1,     0.114924667
1,     0.126908017
1,     0.149092864
1,     0.169069640
1,     0.167013031
1,     0.166519588
1,     0.151695903
1,     0.153266616
