1,     0.010427183
1,     0.008944968
1,     0.008434542
1,     0.008333532
1,     0.008609077
1,     0.008775347
1,     0.008149613
1,     0.007967708
1,     0.008596005
1,     0.009243190
1,     0.009901640
1,     0.009238743
1,     0.008222359
1,     0.008453227
1,     0.008315901
1,     0.008079496
1,     0.008439087
1,     0.008952014
1,     0.009654251
1,     0.010255129
1,     0.010114021
1,     0.010791227
1,     0.010858842
1,     0.010688061
1,     0.010405306
1,     0.010797237
1,     0.011157008
1,     0.010865004
1,     0.010435754
1,     0.010167209
1,     0.010737419
1,     0.010553973
1,     0.010673857
1,     0.010799280
1,     0.009664724
1,     0.008517438
1,     0.008272512
1,     0.008506872
1,     0.008427932
1,     0.008112619
1,     0.007833141
1,     0.007699503
1,     0.008247068
1,     0.008760734
1,     0.009359119
1,     0.009619956
1,     0.009402578
1,     0.009267703
1,     0.009564697
1,     0.009528591
1,     0.009459615
1,     0.009012918
1,     0.008759679
1,     0.009255663
1,     0.009648022
1,     0.009295145
1,     0.009475140
1,     0.009722153
1,     0.009147452
1,     0.008779883
1,     0.009051554
1,     0.009312893
1,     0.009507834
1,     0.009641732
1,     0.009938161
1,     0.010141045
1,     0.009707179
1,     0.009369271
1,     0.009271172
1,     0.009430285
1,     0.009746495
1,     0.009561852
1,     0.009561691
1,     0.009402762
1,     0.009327728
1,     0.009496383
1,     0.010144654
1,     0.010614354
1,     0.009686602
1,     0.008953914
1,     0.008646259
1,     0.008610425
1,     0.008764340
1,     0.009203774
1,     0.009768375
1,     0.009196180
1,     0.009176902
1,     0.009280439
1,     0.008984466
1,     0.009013679
1,     0.009259094
1,     0.009393899
1,     0.009217056
1,     0.009055368
1,     0.008649212
1,     0.008774613
1,     0.008910918
1,     0.008857211
1,     0.009019133
1,     0.008895294
1,     0.009000891
1,     0.009152864
1,     0.008932703
1,     0.008309734
1,     0.008204953
1,     0.008144694
1,     0.008260069
1,     0.008328115
1,     0.008430384
1,     0.008356996
1,     0.008266074
1,     0.008352363
1,     0.008493141
1,     0.008618506
1,     0.008715420
1,     0.008275999
1,     0.007635146
1,     0.007378223
1,     0.007225107
1,     0.007168261
1,     0.007226624
1,     0.007200091
1,     0.007202917
1,     0.007202225
1,     0.007042920
1,     0.007007351
1,     0.007138651
1,     0.007285528
1,     0.007035656
1,     0.006853854
1,     0.006839641
1,     0.006899107
1,     0.006728686
1,     0.006627172
1,     0.006606674
1,     0.006805571
1,     0.006296748
1,     0.005915236
1,     0.005604205
1,     0.005328523
1,     0.005332153
1,     0.005330150
1,     0.005446276
1,     0.005547124
1,     0.005612223
1,     0.005672314
1,     0.005685098
1,     0.005607110
1,     0.005511378
1,     0.005531341
1,     0.005510633
1,     0.005459000
1,     0.005590899
1,     0.005781519
1,     0.005977752
1,     0.006177123
1,     0.006235422
1,     0.006164841
1,     0.005860706
1,     0.005497144
1,     0.005443874
1,     0.005366801
1,     0.005273828
1,     0.005195850
1,     0.005058409
1,     0.005117361
1,     0.005192975
1,     0.005132627
1,     0.005063018
1,     0.005189007
1,     0.005273447
1,     0.005097708
1,     0.005009996
1,     0.004998190
1,     0.005071485
1,     0.005121732
1,     0.005083358
1,     0.004902994
1,     0.004801022
1,     0.004799748
1,     0.004902538
1,     0.004864683
1,     0.004770809
1,     0.004698992
1,     0.004562065
1,     0.004588665
1,     0.004547828
1,     0.004627581
1,     0.004636360
1,     0.004719134
1,     0.004718803
1,     0.004854791
1,     0.004897076
1,     0.005044727
1,     0.004992151
1,     0.004980836
1,     0.004889410
1,     0.004685765
1,     0.004680073
1,     0.005014037
1,     0.005063979
1,     0.004946362
1,     0.004920154
1,     0.004949385
1,     0.004953065
1,     0.004750146
1,     0.004762540
1,     0.004960952
1,     0.005159422
1,     0.005177402
1,     0.005178232
1,     0.005260005
1,     0.005310556
1,     0.005251710
1,     0.005088340
1,     0.004980128
1,     0.005013592
1,     0.004942735
1,     0.004895446
1,     0.005101060
1,     0.005311587
1,     0.005288051
1,     0.005526245
1,     0.005064591
1,     0.004632925
1,     0.004566264
1,     0.004684540
1,     0.004947666
1,     0.005075293
1,     0.005191313
1,     0.005100757
1,     0.004998931
1,     0.004992114
1,     0.005066726
1,     0.005103428
1,     0.005083726
1,     0.005098574
1,     0.005172959
1,     0.005237338
1,     0.005280620
1,     0.005185563
1,     0.005030329
1,     0.005125481
1,     0.005375989
1,     0.005515443
1,     0.005517249
1,     0.005459085
1,     0.005594360
1,     0.005722410
1,     0.005439757
1,     0.005294355
1,     0.005134866
1,     0.005016131
1,     0.005038597
1,     0.005266420
1,     0.005468557
1,     0.005734367
1,     0.006021963
1,     0.005881685
1,     0.005553364
1,     0.005073045
1,     0.004843977
1,     0.004909878
1,     0.005313756
1,     0.005788513
1,     0.005991526
1,     0.006203257
1,     0.006274292
1,     0.006093390
1,     0.006104342
1,     0.005743192
1,     0.005220317
1,     0.005412818
1,     0.005622773
1,     0.005953670
1,     0.006406111
1,     0.006565270
1,     0.006306216
1,     0.006384929
1,     0.006533185
1,     0.006493343
1,     0.006159264
1,     0.006027348
1,     0.006061426
1,     0.006124625
1,     0.006101977
1,     0.005633352
1,     0.005491630
1,     0.005872378
1,     0.006171487
1,     0.006309293
1,     0.006475162
1,     0.006373788
1,     0.006415233
1,     0.006294067
1,     0.005984296
1,     0.005426475
1,     0.005796998
1,     0.005944858
1,     0.005918776
1,     0.006032189
1,     0.006417852
1,     0.006993501
1,     0.007252398
1,     0.007305808
1,     0.007545493
1,     0.007687138
1,     0.006883018
1,     0.006638983
1,     0.007009819
1,     0.007687527
1,     0.008302303
1,     0.008462634
1,     0.008688664
1,     0.008506622
1,     0.008818656
1,     0.008568324
1,     0.008056761
1,     0.008193211
1,     0.008083605
1,     0.008329315
1,     0.008930146
1,     0.009350998
1,     0.008845689
1,     0.008411107
1,     0.008497470
1,     0.008844905
1,     0.009205399
1,     0.009290518
1,     0.009515331
1,     0.009013454
1,     0.008922031
1,     0.008815685
1,     0.008154465
1,     0.008198963
1,     0.008788052
1,     0.009264682
1,     0.008674974
1,     0.007491511
1,     0.006555202
1,     0.006822569
1,     0.007672678
1,     0.007668925
1,     0.007078305
1,     0.007398360
1,     0.007876675
1,     0.007880376
1,     0.008122190
1,     0.008817860
1,     0.009699290
1,     0.010268205
1,     0.010528721
1,     0.010436954
1,     0.010533206
1,     0.010859495
1,     0.011164871
1,     0.010388340
1,     0.009571651
1,     0.009212376
1,     0.008499248
1,     0.008312569
1,     0.008579414
1,     0.009233621
1,     0.009369690
1,     0.009033487
1,     0.008967880
1,     0.008566143
1,     0.008797577
1,     0.009001365
1,     0.008993013
1,     0.009142940
1,     0.009802100
1,     0.009530228
1,     0.008303046
1,     0.008305948
1,     0.008083807
1,     0.007910339
1,     0.008290138
1,     0.008800126
1,     0.009146844
1,     0.009395732
1,     0.010096794
1,     0.010949273
1,     0.010285659
1,     0.010161837
1,     0.010656645
1,     0.010209115
1,     0.009291257
1,     0.009435091
1,     0.010281149
1,     0.011274086
1,     0.010536688
1,     0.009833502
1,     0.010108645
1,     0.010688212
1,     0.009266487
1,     0.008773782
1,     0.008906492
1,     0.009034121
1,     0.009174233
1,     0.009644919
1,     0.009971025
1,     0.010129182
1,     0.010229033
1,     0.009785458
1,     0.011477818
1,     0.011046235
1,     0.010933945
1,     0.010707024
1,     0.010537617
1,     0.010812838
1,     0.010523943
1,     0.010361891
1,     0.009830389
1,     0.009858483
1,     0.009407335
1,     0.009933665
1,     0.009724905
1,     0.010054540
1,     0.010239809
1,     0.010407981
1,     0.010640679
1,     0.010606363
1,     0.009879960
1,     0.008564055
1,     0.007888802
1,     0.008142812
1,     0.008385225
1,     0.008451734
1,     0.008498484
1,     0.008583291
1,     0.008675887
1,     0.008062265
1,     0.007682891
1,     0.007807325
1,     0.008066352
1,     0.008289609
1,     0.008464893
1,     0.008424349
1,     0.008372586
1,     0.008562456
1,     0.008927771
1,     0.008758106
1,     0.008172587
1,     0.007399773
1,     0.007265169
1,     0.007298044
1,     0.007336846
1,     0.007471518
1,     0.007792757
1,     0.007978255
1,     0.008064487
1,     0.008128442
1,     0.007975392
1,     0.007720539
1,     0.007607958
1,     0.007479132
1,     0.007407420
1,     0.006865382
1,     0.006553834
1,     0.006582917
1,     0.006705119
1,     0.006677961
1,     0.006479629
1,     0.006395538
1,     0.006487619
1,     0.006613739
1,     0.006890261
1,     0.007319371
1,     0.006889454
1,     0.006534739
1,     0.006600967
1,     0.006683299
1,     0.006657438
1,     0.006736774
1,     0.006825711
1,     0.006910014
1,     0.006893857
1,     0.006779100
1,     0.006578067
1,     0.006426586
1,     0.006655592
1,     0.006960960
1,     0.007025471
1,     0.006854557
1,     0.006655595
1,     0.006537034
1,     0.006547739
1,     0.006184563
1,     0.006161079
1,     0.006388598
1,     0.006524933
1,     0.006368953
1,     0.006223824
1,     0.006091002
1,     0.005816397
1,     0.005757025
1,     0.005811479
1,     0.005874817
1,     0.005979702
1,     0.005982694
1,     0.005989961
1,     0.006027355
1,     0.006319757
1,     0.005713672
1,     0.005278921
1,     0.005138029
1,     0.005220605
1,     0.005244145
1,     0.005275327
1,     0.005294622
1,     0.005265898
1,     0.005335821
1,     0.005440220
1,     0.005503357
1,     0.005543446
1,     0.005447629
1,     0.005372353
1,     0.005387812
1,     0.005350836
1,     0.005038200
1,     0.004771639
1,     0.004656085
1,     0.004643661
1,     0.004608399
1,     0.004559653
1,     0.004544244
1,     0.004721751
1,     0.004636934
1,     0.004498049
1,     0.004520536
1,     0.004538231
1,     0.004534883
1,     0.004542780
1,     0.004523039
1,     0.004476480
1,     0.004389546
1,     0.004280211
1,     0.004252159
1,     0.004244028
1,     0.004240099
1,     0.004242585
1,     0.004269190
1,     0.004279716
1,     0.004274223
1,     0.004261222
1,     0.004253341
1,     0.004229040
1,     0.004221571
1,     0.004217036
1,     0.004197081
1,     0.004202490
1,     0.004213198
1,     0.004229885
1,     0.004245008
1,     0.004259614
1,     0.004306406
1,     0.004356501
1,     0.004251156
1,     0.004240830
1,     0.004266961
1,     0.004322151
1,     0.004384932
1,     0.004475385
1,     0.004568451
1,     0.004481982
1,     0.004453896
1,     0.004536605
1,     0.004643271
1,     0.004354187
1,     0.004251444
1,     0.004221013
1,     0.004147736
1,     0.004120394
1,     0.004100768
1,     0.004092920
1,     0.004101414
1,     0.004111947
1,     0.004120256
1,     0.004133143
1,     0.004130768
1,     0.004126571
1,     0.004104293
1,     0.004106022
1,     0.004101928
1,     0.004090185
1,     0.004079733
1,     0.004102591
1,     0.004112578
1,     0.004116843
1,     0.004126755
1,     0.004083214
1,     0.004093585
1,     0.004098438
1,     0.004081851
1,     0.004067110
1,     0.004072752
1,     0.004078510
1,     0.004083692
1,     0.004094029
1,     0.004084747
1,     0.004069235
1,     0.004054551
1,     0.004050804
1,     0.004063378
1,     0.004073330
1,     0.004068252
1,     0.004042116
1,     0.004048575
1,     0.004061705
1,     0.004062044
1,     0.004085898
1,     0.004132822
1,     0.004152100
1,     0.004161098
1,     0.004169105
1,     0.004180417
1,     0.004200513
1,     0.004204283
1,     0.004202794
1,     0.004170959
1,     0.004100633
1,     0.004065720
1,     0.004075273
1,     0.004102177
1,     0.004150016
1,     0.004182749
1,     0.004194826
1,     0.004221834
1,     0.004241001
1,     0.004249431
1,     0.004249497
1,     0.004249248
1,     0.004248950
1,     0.004224073
1,     0.004174874
1,     0.004197282
1,     0.004198288
1,     0.004204070
1,     0.004211873
1,     0.004236290
1,     0.004232058
1,     0.004404247
1,     0.004711738
1,     0.004977928
1,     0.004948375
1,     0.004941201
1,     0.004740569
1,     0.004760866
