1,   291.057986669
1,   288.257833991
1,   287.196105705
1,   287.394158506
1,   288.512024015
1,   289.379254946
1,   288.360096250
1,   288.188257196
1,   289.817773585
1,   291.375413269
1,   292.895440863
1,   291.838792737
1,   289.890226707
1,   290.540387393
1,   290.231796536
1,   289.380258818
1,   290.360070167
1,   291.648854639
1,   293.222720437
1,   294.262515600
1,   293.501351300
1,   291.072683231
1,   291.130458018
1,   290.797501721
1,   290.299222282
1,   291.053121162
1,   291.937133954
1,   291.890371610
1,   291.651450390
1,   291.656129499
1,   291.922464857
1,   291.315147725
1,   291.649170327
1,   291.094214279
1,   289.114696553
1,   287.341871997
1,   286.810733948
1,   287.335366295
1,   287.172344422
1,   286.478538589
1,   285.840415021
1,   285.529792454
1,   286.801501743
1,   287.809838722
1,   288.670835716
1,   289.285321408
1,   289.227881852
1,   288.982199435
1,   289.588220192
1,   289.534069613
1,   289.410304280
1,   288.525649713
1,   288.006704078
1,   289.026660446
1,   289.773452724
1,   289.110255138
1,   289.466100444
1,   289.942130098
1,   288.704736315
1,   287.711488927
1,   288.018216231
1,   288.386227898
1,   288.688151741
1,   288.902092893
1,   289.455167326
1,   289.894209199
1,   289.232753018
1,   288.776680986
1,   288.826049597
1,   289.404721728
1,   290.324496329
1,   290.264839181
1,   290.473748464
1,   290.317154780
1,   290.345900342
1,   290.882709369
1,   292.277307822
1,   293.266247798
1,   291.708374492
1,   290.356253984
1,   289.795096559
1,   289.797465113
1,   290.195626785
1,   290.769917736
1,   289.137662969
1,   288.291579718
1,   288.311900824
1,   288.570057631
1,   287.914921560
1,   287.796241583
1,   288.178151804
1,   288.413084967
1,   288.090137158
1,   287.796052991
1,   287.017776902
1,   287.425633928
1,   287.952304164
1,   288.118381715
1,   288.729950569
1,   288.109031241
1,   288.124014640
1,   288.739362204
1,   288.582960395
1,   286.983081979
1,   286.446957986
1,   286.333133170
1,   286.091069334
1,   286.291578500
1,   286.603401079
1,   286.465217798
1,   286.068642968
1,   286.290808939
1,   286.656526457
1,   287.026073759
1,   287.388048245
1,   286.477346356
1,   285.168622481
1,   284.755231956
1,   284.547634465
1,   284.586405688
1,   284.957401968
1,   285.102489345
1,   285.296396407
1,   285.454783277
1,   285.176019630
1,   285.244892359
1,   285.774295056
1,   286.288576764
1,   285.686108444
1,   284.928172111
1,   285.012269255
1,   285.305911375
1,   284.480698767
1,   283.337245461
1,   282.865148208
1,   282.476879329
1,   281.164536322
1,   280.088866667
1,   279.318318218
1,   278.802674646
1,   278.853917972
1,   278.909753410
1,   279.317811858
1,   279.656129399
1,   279.871272463
1,   280.067662667
1,   280.109180637
1,   279.854493128
1,   279.536966249
1,   279.603641770
1,   279.534493580
1,   279.360919078
1,   279.801152082
1,   280.419360993
1,   281.034835881
1,   281.639797334
1,   281.785214927
1,   281.603114868
1,   280.670249886
1,   279.489408206
1,   279.309893614
1,   279.047030145
1,   278.724821743
1,   278.450147682
1,   277.955829666
1,   278.169478906
1,   278.439944987
1,   278.224406838
1,   277.972620470
1,   278.425848965
1,   278.723489235
1,   278.098529554
1,   277.778501131
1,   277.734998681
1,   278.003431917
1,   278.185224599
1,   278.046550416
1,   277.380415709
1,   276.992876200
1,   276.987981532
1,   277.378701993
1,   277.235770495
1,   276.876471711
1,   276.596790334
1,   276.051493936
1,   276.158696241
1,   275.993860728
1,   276.314416583
1,   276.349366318
1,   276.675658150
1,   276.674365398
1,   277.198239684
1,   277.358145123
1,   277.905885812
1,   277.712705634
1,   277.670864395
1,   277.329259609
1,   276.544812598
1,   276.522398978
1,   277.793365960
1,   277.976121025
1,   277.542798334
1,   277.444839355
1,   277.554062981
1,   277.567767770
1,   276.796437855
1,   276.844484549
1,   277.597107471
1,   278.320418546
1,   278.384565504
1,   278.387520681
1,   278.676429073
1,   278.852790966
1,   278.647326825
1,   278.064612716
1,   277.668242535
1,   277.791732560
1,   277.529272471
1,   277.352008790
1,   278.110650716
1,   278.856373115
1,   278.774484284
1,   279.586893006
1,   277.978350300
1,   276.335699111
1,   276.068458056
1,   276.539989570
1,   277.547659185
1,   278.017270933
1,   278.434040451
1,   278.109553868
1,   277.737729915
1,   277.712570514
1,   277.986119809
1,   278.119208456
1,   278.047886099
1,   278.101660081
1,   278.368732059
1,   278.596798498
1,   278.748554730
1,   278.413606531
1,   277.853183662
1,   278.198715499
1,   279.078599168
1,   279.550813892
1,   279.556850028
1,   279.361428631
1,   279.812777740
1,   280.230078303
1,   279.296028895
1,   278.796451619
1,   278.232446921
1,   277.801068394
1,   277.883467068
1,   278.698903390
1,   279.393394444
1,   280.268564870
1,   281.170902034
1,   280.736290434
1,   279.677157701
1,   278.009102104
1,   277.157120543
1,   277.406288580
1,   278.863898944
1,   280.441859144
1,   281.077468659
1,   281.717829812
1,   281.927781312
1,   281.388324408
1,   281.421435575
1,   280.296919493
1,   278.536773675
1,   279.204489187
1,   279.906191920
1,   280.960594441
1,   282.311163295
1,   282.763683717
1,   282.021363575
1,   282.250090694
1,   282.673348160
1,   282.560553422
1,   281.586594741
1,   281.187383030
1,   281.291344150
1,   281.482601268
1,   281.414289580
1,   279.940852571
1,   279.471030693
1,   280.707091318
1,   281.623149216
1,   282.030357716
1,   282.508853111
1,   282.217890754
1,   282.337399824
1,   281.985804267
1,   281.055202992
1,   279.250950975
1,   280.468866352
1,   280.933284545
1,   280.852207855
1,   281.124419594
1,   282.068388612
1,   283.392571950
1,   283.847694960
1,   283.826305994
1,   284.372846825
1,   284.736701931
1,   282.734082478
1,   282.115000726
1,   283.252332230
1,   285.164751716
1,   286.886527898
1,   287.486167605
1,   288.141618702
1,   287.872269777
1,   288.615869261
1,   288.160454340
1,   287.090752326
1,   287.466866807
1,   287.301253961
1,   287.930379911
1,   289.296906908
1,   290.228298986
1,   289.099532088
1,   287.572053797
1,   287.914844773
1,   288.837439002
1,   289.695285895
1,   289.809176894
1,   288.784227985
1,   287.656321485
1,   287.501356247
1,   287.333455003
1,   285.804608352
1,   285.916200250
1,   287.338031004
1,   288.648284934
1,   287.686612472
1,   284.269423447
1,   282.145463326
1,   282.793064135
1,   284.728080572
1,   284.698231360
1,   283.256230224
1,   284.012261275
1,   285.221731820
1,   285.475751077
1,   286.481811373
1,   288.542023462
1,   290.715999296
1,   291.993075528
1,   292.038409067
1,   291.230811684
1,   291.840468614
1,   292.814309735
1,   293.680098315
1,   292.574457034
1,   291.239873987
1,   290.651026306
1,   289.241097097
1,   288.875816930
1,   289.411048702
1,   290.726643741
1,   291.099877373
1,   289.707579136
1,   287.654158258
1,   286.900239026
1,   287.709137192
1,   288.671382834
1,   289.295013067
1,   290.116347474
1,   291.806174128
1,   291.502583364
1,   289.095989187
1,   289.261845984
1,   288.894285178
1,   288.586894381
1,   289.512559975
1,   290.674014021
1,   291.446518164
1,   292.005724530
1,   293.412639334
1,   295.010424606
1,   293.946450422
1,   293.782289064
1,   294.727599720
1,   294.002041048
1,   292.299803426
1,   292.601781261
1,   294.212339511
1,   295.965388505
1,   294.765439581
1,   293.511625297
1,   294.049337313
1,   295.116440654
1,   292.424128333
1,   291.421571873
1,   291.723290489
1,   292.011291655
1,   292.325043668
1,   293.282206591
1,   293.931635497
1,   294.254037457
1,   294.471016973
1,   293.475619801
1,   293.192804410
1,   292.867834717
1,   293.012387391
1,   292.901792244
1,   292.814533160
1,   293.506068546
1,   293.048576305
1,   292.398580706
1,   291.652077346
1,   291.907477513
1,   291.190108330
1,   289.460043864
1,   289.108986432
1,   289.794306796
1,   290.045737251
1,   290.322717080
1,   290.893880893
1,   290.653431719
1,   289.498073508
1,   286.833352736
1,   285.233714703
1,   285.778406115
1,   286.381088078
1,   286.665240359
1,   286.969994369
1,   287.387076168
1,   287.217706352
1,   285.996711881
1,   285.209055899
1,   285.635238448
1,   286.581948312
1,   287.503266966
1,   288.237131550
1,   288.426552393
1,   288.510657781
1,   289.053084684
1,   289.965971308
1,   289.183386202
1,   286.203456564
1,   284.526679061
1,   284.421112017
1,   284.757420570
1,   285.147107341
1,   285.815798982
1,   286.938329846
1,   287.597896976
1,   287.505828149
1,   286.734296323
1,   286.278444360
1,   285.940553985
1,   285.904125899
1,   285.444605012
1,   284.913145628
1,   283.750954496
1,   283.155591098
1,   283.571650309
1,   284.218938805
1,   284.249276088
1,   283.648266123
1,   283.600820707
1,   284.040993227
1,   284.519801566
1,   284.562375002
1,   283.897628596
1,   282.736832247
1,   281.743229561
1,   282.007833205
1,   282.354439322
1,   282.436711971
1,   282.834685343
1,   283.294257751
1,   283.757627679
1,   283.944558294
1,   283.869390841
1,   283.507527251
1,   283.265051882
1,   283.118504721
1,   282.938633799
1,   283.164031995
1,   282.794615702
1,   282.340248684
1,   282.124042307
1,   282.326245575
1,   281.472103821
1,   281.656162578
1,   282.618925338
1,   283.316899503
1,   283.124697213
1,   282.192084106
1,   281.494632718
1,   280.811287890
1,   280.700663014
1,   280.903024437
1,   281.219887601
1,   281.564265646
1,   281.561703312
1,   281.672783940
1,   281.387988042
1,   281.112003868
1,   279.297356324
1,   278.208031766
1,   278.076173020
1,   278.473501877
1,   278.594074989
1,   278.714395311
1,   278.719712701
1,   278.505477263
1,   278.661409598
1,   278.944706811
1,   279.069295810
1,   279.117848697
1,   278.905543830
1,   278.952806640
1,   279.119103835
1,   278.992124036
1,   277.882013709
1,   276.879680576
1,   276.427644174
1,   276.378376348
1,   276.237823468
1,   276.041742086
1,   275.979325605
1,   276.685882142
1,   276.351648343
1,   275.790919657
1,   275.882871633
1,   275.954908679
1,   275.941300523
1,   275.973384240
1,   275.893077278
1,   275.702289235
1,   275.340672683
1,   274.875572300
1,   274.754326965
1,   274.719034710
1,   274.701954003
1,   274.712761839
1,   274.828034235
1,   274.873438969
1,   274.849759637
1,   274.793585406
1,   274.759451699
1,   274.653799345
1,   274.621207439
1,   274.601384785
1,   274.513925658
1,   274.537675062
1,   274.584599459
1,   274.657483092
1,   274.723293841
1,   274.786625087
1,   274.988077079
1,   275.201334064
1,   274.749976000
1,   274.705135030
1,   274.818405902
1,   275.055373473
1,   275.321281911
1,   275.697777212
1,   276.077287782
1,   275.724935263
1,   275.609024740
1,   275.948302748
1,   276.376830064
1,   275.191540487
1,   274.751226825
1,   274.618766941
1,   274.295851047
1,   274.173899717
1,   274.085860769
1,   274.050536498
1,   274.088767000
1,   274.136056690
1,   274.173281714
1,   274.230863420
1,   274.220265545
1,   274.201519489
1,   274.101703054
1,   274.109471147
1,   274.091077789
1,   274.038214794
1,   273.991030913
1,   274.094054574
1,   274.138888078
1,   274.158001590
1,   274.202343719
1,   274.006759128
1,   274.053535104
1,   274.075379834
1,   274.000605065
1,   273.933892226
1,   273.959452334
1,   273.985503029
1,   274.008918323
1,   274.055534287
1,   274.013680280
1,   273.943522294
1,   273.876866537
1,   273.859816645
1,   273.916964463
1,   273.962069297
1,   273.939070497
1,   273.820225782
1,   273.849667336
1,   273.909370872
1,   273.910909382
1,   274.018874065
1,   274.229432988
1,   274.315241598
1,   274.355157910
1,   274.390606621
1,   274.440570036
1,   274.528996646
1,   274.545539399
1,   274.539005741
1,   274.398803341
1,   274.085254510
1,   273.927591824
1,   273.970865767
1,   274.092196205
1,   274.305987454
1,   274.450854362
1,   274.504015952
1,   274.622353896
1,   274.705879694
1,   274.742493539
1,   274.742778537
1,   274.741701756
1,   274.740407476
1,   274.632131100
1,   274.416102646
1,   274.514807311
1,   274.519227771
1,   274.544603635
1,   274.578798313
1,   274.685384000
1,   274.666954637
1,   275.402325157
1,   276.646739235
1,   277.660094707
1,   277.550298296
1,   277.523549866
1,   276.759221772
1,   276.838000480
1,   277.444890593
1,   278.289854270
1,   279.333105145
1,   279.833213577
1,   280.498228841
1,   281.174928689
1,   282.044208851
1,   282.041011769
1,   280.823791862
1,   281.165907194
1,   280.779892566
1,   280.177139936
1,   281.090245650
1,   281.304223314
1,   280.668693673
1,   280.737202910
1,   280.521803309
1,   280.174253393
1,   279.721561462
1,   279.420223511
1,   278.718758690
1,   278.862836018
1,   279.893719969
1,   280.951883344
1,   282.340028054
1,   283.243254099
1,   284.006289148
1,   284.559464283
1,   285.138276869
1,   285.561424118
1,   285.908075492
1,   286.059613017
1,   285.834706296
1,   286.341650508
1,   287.588584533
1,   287.364589418
1,   285.296594939
1,   285.440173239
1,   287.305681742
1,   288.095621386
1,   286.933152947
1,   285.474628992
1,   284.414505865
1,   284.204732205
1,   283.964906267
1,   284.006256601
1,   284.714046876
1,   285.606077933
1,   286.567550955
1,   286.768324549
1,   286.032822393
1,   286.126995915
1,   285.832864876
1,   286.563901862
1,   287.080884428
1,   286.643015839
1,   287.241327710
1,   287.859942172
1,   288.565881569
1,   289.268000713
1,   289.144382412
1,   288.766354590
1,   288.138857350
1,   288.284743388
1,   289.225892917
1,   289.892554985
1,   290.689479422
1,   290.534410570
1,   290.213432162
1,   288.909317854
1,   288.359366481
1,   287.247136167
1,   287.268249967
1,   288.375150114
1,   289.304222554
1,   289.837374344
1,   289.367853189
1,   289.211353003
1,   289.715797133
1,   290.653202027
1,   291.269696020
1,   292.081032373
1,   293.022151007
1,   293.616696799
1,   293.755708833
1,   293.262212287
1,   290.811215575
1,   288.724422119
1,   287.212115343
1,   287.209291369
1,   288.189543425
1,   288.850119972
1,   289.364988184
1,   289.629467960
1,   289.938716570
1,   290.105724189
1,   290.674666153
1,   290.067271192
1,   288.642111071
1,   288.487338680
1,   289.973970300
1,   290.682191482
1,   290.372485309
1,   290.263726020
1,   290.372563019
1,   290.486849427
1,   290.230158923
1,   290.232141641
1,   290.521763163
1,   289.696897898
1,   288.291542043
1,   287.442471469
1,   287.951076038
1,   288.200743763
1,   288.506012569
1,   288.919482540
1,   290.367620987
1,   292.370355729
1,   294.035173279
1,   293.771096343
1,   292.225731047
1,   291.708074373
1,   292.364334630
1,   292.316253539
1,   293.927872337
1,   294.573053268
1,   294.994159977
1,   295.491677858
1,   294.490727065
1,   295.070862868
1,   295.532645250
1,   295.427920730
1,   295.660613852
1,   292.675404060
1,   291.236900321
1,   290.088886624
1,   289.007172431
1,   289.332446647
1,   290.397461316
1,   291.291598066
1,   290.633931722
1,   289.929774392
1,   290.521164461
1,   291.432368557
1,   291.712519325
1,   292.547072900
1,   292.346768477
1,   291.697506786
1,   292.055242146
1,   291.313095092
1,   290.864208581
1,   290.458669364
1,   290.026749387
1,   290.178832934
1,   290.277277852
1,   290.537664824
1,   290.431624419
1,   290.412408334
1,   290.312870835
1,   290.415681651
1,   290.742124141
1,   289.727688504
1,   289.332705846
1,   289.987275959
1,   290.292042969
1,   290.755284303
1,   291.360701798
1,   291.321835045
1,   291.004363495
1,   290.567314027
1,   288.077830138
1,   287.686395932
1,   287.621976205
1,   287.822619967
1,   288.627459166
1,   288.061297589
1,   287.686313847
1,   287.398796214
1,   287.954404801
1,   287.615646447
1,   287.610722994
1,   287.805891490
1,   287.441811574
1,   287.537634163
1,   287.434346917
1,   288.617816244
1,   289.705247754
1,   289.897315680
1,   287.723997007
1,   286.078694331
1,   285.808895069
1,   285.775780716
1,   286.439355833
1,   287.178683466
1,   287.414411498
1,   287.605005843
1,   287.991354965
1,   286.886573630
1,   285.541118308
1,   285.110340413
1,   284.798648572
1,   284.788160679
1,   285.119451854
1,   285.232080844
1,   285.348498383
1,   285.694873878
1,   285.606885760
1,   285.307844598
1,   284.790474259
1,   284.463795700
1,   284.110378204
1,   283.232572704
1,   282.373677196
1,   281.912497612
1,   282.049461738
1,   282.178926787
1,   282.487732400
1,   281.771411506
1,   281.421385824
1,   281.227539570
1,   280.664733674
1,   280.237002768
1,   280.824428627
1,   281.852196080
1,   282.116559844
1,   281.891928752
1,   281.613279740
1,   281.004602592
1,   279.767133257
1,   279.055690825
1,   278.274872675
1,   278.089260398
1,   278.497043566
1,   278.876017972
1,   278.827166284
1,   278.541148976
1,   277.971154148
1,   277.819429322
1,   278.135373309
1,   278.795007226
1,   279.261954005
1,   279.503044730
1,   279.516851577
1,   279.094383097
1,   278.564254725
1,   278.387270630
1,   278.672482580
1,   277.414727843
1,   276.510665961
1,   276.675784830
1,   276.212879533
1,   275.972105894
1,   275.640942973
1,   275.595845917
1,   276.130150738
1,   277.196618723
1,   276.817775154
1,   276.164357118
1,   275.716183262
1,   275.677376922
1,   275.563990076
1,   275.435991565
1,   275.885893510
1,   275.818646469
1,   275.836368987
1,   276.240485527
1,   276.598197170
1,   276.109759329
1,   275.472635580
1,   275.123279810
1,   274.974319065
1,   275.413255574
1,   276.504233509
1,   276.543236576
1,   276.467176626
1,   276.340678877
1,   275.883496123
1,   276.048355428
1,   276.092162741
1,   275.457427611
1,   275.108378638
1,   274.985463193
1,   275.075236350
1,   275.801293308
1,   276.367923704
1,   276.355980143
1,   276.011062976
1,   275.984540051
1,   275.948874672
1,   275.881473939
1,   275.137458037
1,   274.967110646
1,   275.144887262
1,   275.659281328
1,   276.050221606
1,   276.187386833
1,   275.556786690
1,   274.973644963
1,   274.909747095
1,   274.853357756
1,   274.769130327
1,   274.714670743
1,   274.688642962
1,   274.506839461
1,   274.603452482
1,   274.629883521
1,   274.575128258
1,   274.494487924
1,   274.440437871
1,   274.461358660
1,   274.602342556
1,   274.622272024
1,   274.765328324
1,   275.046243305
1,   275.739472552
1,   276.743736841
1,   277.322709411
1,   277.739927909
1,   278.468244309
1,   279.284137555
1,   279.941489416
1,   280.120376786
1,   279.683474722
1,   279.104705778
1,   278.333938672
1,   278.150599460
1,   278.128718708
1,   277.610053133
1,   276.699601537
1,   276.684506858
1,   276.502948726
1,   277.114857955
1,   277.784065403
1,   277.666561214
1,   277.372609727
1,   276.620384394
1,   275.675720315
1,   275.471762233
1,   275.315555490
1,   275.295659133
1,   276.106672767
1,   277.069643933
1,   277.847292390
1,   278.632695689
1,   279.245022036
1,   280.408701290
1,   281.301609596
1,   281.019346421
1,   280.449842222
1,   280.298521911
1,   280.914869627
1,   281.109197507
1,   281.471000385
1,   282.136964152
1,   281.747078914
1,   280.752742014
1,   280.616726078
1,   281.214135918
1,   281.289355358
1,   281.227940052
1,   281.557653032
1,   281.656249364
1,   280.545489877
1,   280.953218056
1,   282.270085027
1,   283.199150170
1,   284.424791433
1,   285.369962787
1,   284.669205050
1,   282.724268643
1,   281.919825767
1,   281.654434628
1,   281.467771133
1,   281.553425787
1,   282.135705340
1,   282.075005026
1,   282.226019914
1,   283.309713638
1,   283.265987506
1,   283.529870809
1,   284.517891951
1,   283.569223658
1,   281.913486224
1,   282.411428527
1,   283.051468771
1,   283.642385125
1,   283.644427417
1,   283.774044321
1,   282.235984409
1,   282.267001312
1,   282.659438151
1,   282.137276013
1,   281.307629834
1,   281.617536378
1,   282.316892347
1,   282.783428725
1,   282.766208024
1,   282.739147008
1,   282.284230474
1,   281.127760621
1,   281.913517402
1,   282.880668452
1,   284.057308606
1,   285.821178200
1,   284.951860955
1,   283.825614393
1,   283.976983539
1,   284.586035758
1,   284.673654655
1,   285.393272373
1,   286.182278737
1,   287.082964782
1,   288.219246041
1,   289.359913892
1,   289.620675774
1,   289.886319819
1,   288.661561146
1,   286.664794470
1,   286.484839480
1,   286.402253464
1,   286.640230077
1,   286.804609669
1,   286.682792037
1,   286.940036547
1,   287.583504053
1,   287.167598398
1,   286.861017038
1,   287.165259501
1,   286.980954730
1,   286.140571824
1,   286.187581408
1,   286.847306216
1,   287.698157841
1,   288.591421362
1,   289.281481752
1,   287.961939281
1,   288.107203560
1,   289.182697408
1,   289.892148841
1,   290.349614519
1,   290.031794108
1,   289.201036777
1,   288.443454229
1,   286.072124689
1,   285.669200587
1,   286.459614141
1,   288.082919367
1,   289.489568433
1,   289.428918809
1,   289.551550902
1,   288.717192115
1,   286.675024265
1,   286.336581101
1,   286.068099526
1,   286.181339745
1,   286.745513653
1,   287.680312640
1,   288.466803068
1,   289.789856428
1,   291.507851691
1,   293.052432373
1,   293.279687243
1,   290.355099059
1,   289.356985433
1,   289.894984042
1,   290.638740957
1,   289.501959476
1,   289.239822611
1,   290.034923340
1,   290.131047376
1,   290.218649188
1,   290.081951240
1,   290.160888429
1,   290.350742593
1,   290.668498366
1,   290.814052977
1,   290.480239610
1,   290.907908634
1,   291.904019966
1,   289.875883479
1,   285.669628600
1,   284.166366410
1,   284.353211770
1,   285.168604662
1,   286.595215339
1,   287.819105140
1,   287.139283584
1,   286.569147926
1,   286.780354260
1,   287.170958437
1,   287.485641543
1,   288.155480211
1,   288.581646701
1,   287.755807821
1,   287.315306102
1,   287.901238229
1,   289.072288153
1,   288.258172483
1,   287.576040756
1,   288.371511194
1,   289.338044181
1,   289.982871850
1,   290.628811345
1,   290.473794850
1,   290.201196930
1,   290.307004960
1,   291.470397540
1,   292.204876238
1,   291.171106974
1,   290.775912002
1,   288.135463307
1,   286.136863238
1,   286.476198499
1,   286.831696285
1,   286.981910335
1,   287.358832994
1,   288.074311118
1,   289.512700525
1,   290.592750358
1,   291.196838045
1,   291.662755991
1,   289.692123592
1,   287.971875334
1,   286.888190600
1,   286.449958131
1,   286.714814220
1,   286.318264566
1,   285.199021561
1,   285.381906480
1,   285.321499615
1,   285.079422669
1,   284.179847594
1,   283.846236873
1,   284.562807095
1,   285.037649490
1,   285.055489129
1,   285.395873081
1,   286.497500597
1,   287.377874039
1,   287.101463811
1,   286.245274913
1,   285.843801576
1,   286.428791566
1,   286.684124156
1,   286.522024682
1,   287.519255813
1,   288.242207151
1,   288.154551538
1,   287.755764875
1,   287.682221744
1,   287.247582700
1,   286.103311072
1,   285.757953603
1,   285.873042454
1,   286.200331989
1,   285.160404963
1,   284.770917164
1,   284.881625062
1,   285.399464585
1,   285.646330320
1,   285.874041109
1,   286.390696677
1,   286.757732096
1,   286.626811467
1,   286.717125316
1,   286.347883873
1,   285.240527525
1,   285.144884616
1,   284.863075060
1,   284.790291821
1,   284.745165575
1,   284.921089023
1,   285.435918219
1,   285.316989051
1,   284.760312354
1,   284.421597812
1,   284.399900595
1,   284.177230122
1,   284.377803966
1,   284.245592352
1,   284.115046954
1,   283.946922329
1,   283.134732154
1,   282.767989398
1,   282.382638672
1,   281.839779673
1,   281.872230328
1,   281.661374934
1,   281.954964194
1,   282.099456412
1,   281.765852788
1,   281.549050713
1,   279.719021222
1,   278.808081066
1,   278.080329061
1,   278.379079697
1,   279.778689913
1,   279.712035785
1,   279.781523174
1,   280.699432122
1,   281.045554564
1,   280.991603692
1,   281.090308929
1,   281.331158445
1,   281.579141110
1,   281.851474319
1,   282.293753354
1,   282.391185252
1,   281.554204976
1,   280.783279287
1,   280.382579716
1,   280.388609715
1,   279.448605909
1,   277.899413757
1,   277.333124028
1,   276.873739283
1,   276.539950217
1,   276.320714899
1,   276.026748770
1,   275.754807177
1,   275.662215723
1,   275.725694103
1,   275.877618417
1,   276.666778564
1,   277.264882125
1,   277.883669417
1,   278.435931136
1,   278.627595914
1,   278.087117389
1,   277.715333964
1,   277.421324752
1,   277.833227948
1,   278.254112533
1,   278.461420299
1,   278.432230680
1,   277.738554426
1,   276.773501179
1,   276.001665115
1,   276.419804068
1,   277.733900606
1,   278.471068537
1,   278.883252337
1,   278.948417558
1,   278.284295896
1,   277.542081474
1,   276.610246719
1,   276.165404116
1,   276.778777029
