1,     0.010427183
1,     0.008944968
1,     0.008434542
1,     0.008333532
1,     0.008609077
1,     0.008775347
1,     0.008149613
1,     0.007967708
1,     0.008596005
1,     0.009243190
1,     0.009901640
1,     0.009238743
1,     0.008222359
1,     0.008453227
1,     0.008315901
1,     0.008079496
1,     0.008439087
1,     0.008952014
1,     0.009654251
1,     0.010255129
1,     0.010114021
1,     0.010791227
1,     0.010858842
1,     0.010688061
1,     0.010405306
1,     0.010797237
1,     0.011157008
1,     0.010865004
1,     0.010435754
1,     0.010167209
1,     0.010737419
1,     0.010553973
1,     0.010673857
1,     0.010799280
1,     0.009664724
1,     0.008517438
1,     0.008272512
1,     0.008506872
1,     0.008427932
1,     0.008112619
1,     0.007833141
1,     0.007699503
1,     0.008247068
1,     0.008760734
1,     0.009359119
1,     0.009619956
1,     0.009402578
1,     0.009267703
1,     0.009564697
1,     0.009528591
1,     0.009459615
1,     0.009012918
1,     0.008759679
1,     0.009255663
1,     0.009648022
1,     0.009295145
1,     0.009475140
1,     0.009722153
1,     0.009147452
1,     0.008779883
1,     0.009051554
1,     0.009312893
1,     0.009507834
1,     0.009641732
1,     0.009938161
1,     0.010141045
1,     0.009707179
1,     0.009369271
1,     0.009271172
1,     0.009430285
1,     0.009746495
1,     0.009561852
1,     0.009561691
1,     0.009402762
1,     0.009327728
1,     0.009496383
1,     0.010144654
1,     0.010614354
1,     0.009686602
1,     0.008953914
1,     0.008646259
1,     0.008610425
1,     0.008764340
1,     0.009203774
1,     0.009768375
1,     0.009196180
1,     0.009176902
1,     0.009280439
1,     0.008984466
1,     0.009013679
1,     0.009259094
1,     0.009393899
1,     0.009217056
1,     0.009055368
1,     0.008649212
1,     0.008774613
1,     0.008910918
1,     0.008857211
1,     0.009019133
1,     0.008895294
1,     0.009000891
1,     0.009152864
1,     0.008932703
1,     0.008309734
1,     0.008204953
1,     0.008144694
1,     0.008260069
1,     0.008328115
1,     0.008430384
1,     0.008356996
1,     0.008266074
1,     0.008352363
1,     0.008493141
1,     0.008618506
1,     0.008715420
1,     0.008275999
1,     0.007635146
1,     0.007378223
1,     0.007225107
1,     0.007168261
1,     0.007226624
1,     0.007200091
1,     0.007202917
1,     0.007202225
1,     0.007042920
1,     0.007007351
1,     0.007138651
1,     0.007285528
1,     0.007035656
1,     0.006853854
1,     0.006839641
1,     0.006899107
1,     0.006728686
1,     0.006627172
1,     0.006606674
1,     0.006805571
1,     0.006296748
1,     0.005915236
1,     0.005604205
1,     0.005328523
1,     0.005332153
1,     0.005330150
1,     0.005446276
1,     0.005547124
1,     0.005612223
1,     0.005672314
1,     0.005685098
1,     0.005607110
1,     0.005511378
1,     0.005531341
1,     0.005510633
1,     0.005459000
1,     0.005590899
1,     0.005781519
1,     0.005977752
1,     0.006177123
1,     0.006235422
1,     0.006164841
1,     0.005860706
1,     0.005497144
1,     0.005443874
1,     0.005366801
1,     0.005273828
1,     0.005195850
1,     0.005058409
1,     0.005117361
1,     0.005192975
1,     0.005132627
1,     0.005063018
1,     0.005189007
1,     0.005273447
1,     0.005097708
1,     0.005009996
1,     0.004998190
1,     0.005071485
1,     0.005121732
1,     0.005083358
1,     0.004902994
1,     0.004801022
1,     0.004799748
1,     0.004902538
1,     0.004864683
1,     0.004770809
1,     0.004698992
1,     0.004562065
1,     0.004588665
1,     0.004547828
1,     0.004627581
1,     0.004636360
1,     0.004719134
1,     0.004718803
1,     0.004854791
1,     0.004897076
1,     0.005044727
1,     0.004992151
1,     0.004980836
1,     0.004889410
1,     0.004685765
1,     0.004680073
1,     0.005014037
1,     0.005063979
1,     0.004946362
1,     0.004920154
1,     0.004949385
1,     0.004953065
1,     0.004750146
1,     0.004762540
1,     0.004960952
1,     0.005159422
1,     0.005177402
1,     0.005178232
1,     0.005260005
1,     0.005310556
1,     0.005251710
1,     0.005088340
1,     0.004980128
1,     0.005013592
1,     0.004942735
1,     0.004895446
1,     0.005101060
1,     0.005311587
1,     0.005288051
1,     0.005526245
1,     0.005064591
1,     0.004632925
1,     0.004566264
1,     0.004684540
1,     0.004947666
1,     0.005075293
1,     0.005191313
1,     0.005100757
1,     0.004998931
1,     0.004992114
1,     0.005066726
1,     0.005103428
1,     0.005083726
1,     0.005098574
1,     0.005172959
1,     0.005237338
1,     0.005280620
1,     0.005185563
1,     0.005030329
1,     0.005125481
1,     0.005375989
1,     0.005515443
1,     0.005517249
1,     0.005459085
1,     0.005594360
1,     0.005722410
1,     0.005439757
1,     0.005294355
1,     0.005134866
1,     0.005016131
1,     0.005038597
1,     0.005266420
1,     0.005468557
1,     0.005734367
1,     0.006021963
1,     0.005881685
1,     0.005553364
1,     0.005073045
1,     0.004843977
1,     0.004909878
1,     0.005313756
1,     0.005788513
1,     0.005991526
1,     0.006203257
1,     0.006274292
1,     0.006093390
1,     0.006104342
1,     0.005743192
1,     0.005220317
1,     0.005412818
1,     0.005622773
1,     0.005953670
1,     0.006406111
1,     0.006565270
1,     0.006306216
1,     0.006384929
1,     0.006533185
1,     0.006493343
1,     0.006159264
1,     0.006027348
1,     0.006061426
1,     0.006124625
1,     0.006101977
1,     0.005633352
1,     0.005491630
1,     0.005872378
1,     0.006171487
1,     0.006309293
1,     0.006475162
1,     0.006373788
1,     0.006415233
1,     0.006294067
1,     0.005984296
1,     0.005426475
1,     0.005796998
1,     0.005944858
1,     0.005918776
1,     0.006032189
1,     0.006417852
1,     0.006993501
1,     0.007252398
1,     0.007305808
1,     0.007545493
1,     0.007687138
1,     0.006883018
1,     0.006638983
1,     0.007009819
1,     0.007687527
1,     0.008302303
1,     0.008462634
1,     0.008688664
1,     0.008506622
1,     0.008818656
1,     0.008568324
1,     0.008056761
1,     0.008193211
1,     0.008083605
1,     0.008329315
1,     0.008930146
1,     0.009350998
1,     0.008845689
1,     0.008411107
1,     0.008497470
1,     0.008844905
1,     0.009205399
1,     0.009290518
1,     0.009515331
1,     0.009013454
1,     0.008922031
1,     0.008815685
1,     0.008154465
1,     0.008198963
1,     0.008788052
1,     0.009264682
1,     0.008674974
1,     0.007491511
1,     0.006555202
1,     0.006822569
1,     0.007672678
1,     0.007668925
1,     0.007078305
1,     0.007398360
1,     0.007876675
1,     0.007880376
1,     0.008122190
1,     0.008817860
1,     0.009699290
1,     0.010268205
1,     0.010528721
1,     0.010436954
1,     0.010533206
1,     0.010859495
1,     0.011164871
1,     0.010388340
1,     0.009571651
1,     0.009212376
1,     0.008499248
1,     0.008312569
1,     0.008579414
1,     0.009233621
1,     0.009369690
1,     0.009033487
1,     0.008967880
1,     0.008566143
1,     0.008797577
1,     0.009001365
1,     0.008993013
1,     0.009142940
1,     0.009802100
1,     0.009530228
1,     0.008303046
1,     0.008305948
1,     0.008083807
1,     0.007910339
1,     0.008290138
1,     0.008800126
1,     0.009146844
1,     0.009395732
1,     0.010096794
1,     0.010949273
1,     0.010285659
1,     0.010161837
1,     0.010656645
1,     0.010209115
1,     0.009291257
1,     0.009435091
1,     0.010281149
1,     0.011274086
1,     0.010536688
1,     0.009833502
1,     0.010108645
1,     0.010688212
1,     0.009266487
1,     0.008773782
1,     0.008906492
1,     0.009034121
1,     0.009174233
1,     0.009644919
1,     0.009971025
1,     0.010129182
1,     0.010229033
1,     0.009785458
1,     0.011477818
1,     0.011046235
1,     0.010933945
1,     0.010707024
1,     0.010537617
1,     0.010812838
1,     0.010523943
1,     0.010361891
1,     0.009830389
1,     0.009858483
1,     0.009407335
1,     0.009933665
1,     0.009724905
1,     0.010054540
1,     0.010239809
1,     0.010407981
1,     0.010640679
1,     0.010606363
1,     0.009879960
1,     0.008564055
1,     0.007888802
1,     0.008142812
1,     0.008385225
1,     0.008451734
1,     0.008498484
1,     0.008583291
1,     0.008675887
1,     0.008062265
1,     0.007682891
1,     0.007807325
1,     0.008066352
1,     0.008289609
1,     0.008464893
1,     0.008424349
1,     0.008372586
1,     0.008562456
1,     0.008927771
1,     0.008758106
1,     0.008172587
1,     0.007399773
1,     0.007265169
1,     0.007298044
1,     0.007336846
1,     0.007471518
1,     0.007792757
1,     0.007978255
1,     0.008064487
1,     0.008128442
1,     0.007975392
1,     0.007720539
1,     0.007607958
1,     0.007479132
1,     0.007407420
1,     0.006865382
1,     0.006553834
1,     0.006582917
1,     0.006705119
1,     0.006677961
1,     0.006479629
1,     0.006395538
1,     0.006487619
1,     0.006613739
1,     0.006890261
1,     0.007319371
1,     0.006889454
1,     0.006534739
1,     0.006600967
1,     0.006683299
1,     0.006657438
1,     0.006736774
1,     0.006825711
1,     0.006910014
1,     0.006893857
1,     0.006779100
1,     0.006578067
1,     0.006426586
1,     0.006655592
1,     0.006960960
1,     0.007025471
1,     0.006854557
1,     0.006655595
1,     0.006537034
1,     0.006547739
1,     0.006184563
1,     0.006161079
1,     0.006388598
1,     0.006524933
1,     0.006368953
1,     0.006223824
1,     0.006091002
1,     0.005816397
1,     0.005757025
1,     0.005811479
1,     0.005874817
1,     0.005979702
1,     0.005982694
1,     0.005989961
1,     0.006027355
1,     0.006319757
1,     0.005713672
1,     0.005278921
1,     0.005138029
1,     0.005220605
1,     0.005244145
1,     0.005275327
1,     0.005294622
1,     0.005265898
1,     0.005335821
1,     0.005440220
1,     0.005503357
1,     0.005543446
1,     0.005447629
1,     0.005372353
1,     0.005387812
1,     0.005350836
1,     0.005038200
1,     0.004771639
1,     0.004656085
1,     0.004643661
1,     0.004608399
1,     0.004559653
1,     0.004544244
1,     0.004721751
1,     0.004636934
1,     0.004498049
1,     0.004520536
1,     0.004538231
1,     0.004534883
1,     0.004542780
1,     0.004523039
1,     0.004476480
1,     0.004389546
1,     0.004280211
1,     0.004252159
1,     0.004244028
1,     0.004240099
1,     0.004242585
1,     0.004269190
1,     0.004279716
1,     0.004274223
1,     0.004261222
1,     0.004253341
1,     0.004229040
1,     0.004221571
1,     0.004217036
1,     0.004197081
1,     0.004202490
1,     0.004213198
1,     0.004229885
1,     0.004245008
1,     0.004259614
1,     0.004306406
1,     0.004356501
1,     0.004251156
1,     0.004240830
1,     0.004266961
1,     0.004322151
1,     0.004384932
1,     0.004475385
1,     0.004568451
1,     0.004481982
1,     0.004453896
1,     0.004536605
1,     0.004643271
1,     0.004354187
1,     0.004251444
1,     0.004221013
1,     0.004147736
1,     0.004120394
1,     0.004100768
1,     0.004092920
1,     0.004101414
1,     0.004111947
1,     0.004120256
1,     0.004133143
1,     0.004130768
1,     0.004126571
1,     0.004104293
1,     0.004106022
1,     0.004101928
1,     0.004090185
1,     0.004079733
1,     0.004102591
1,     0.004112578
1,     0.004116843
1,     0.004126755
1,     0.004083214
1,     0.004093585
1,     0.004098438
1,     0.004081851
1,     0.004067110
1,     0.004072752
1,     0.004078510
1,     0.004083692
1,     0.004094029
1,     0.004084747
1,     0.004069235
1,     0.004054551
1,     0.004050804
1,     0.004063378
1,     0.004073330
1,     0.004068252
1,     0.004042116
1,     0.004048575
1,     0.004061705
1,     0.004062044
1,     0.004085898
1,     0.004132822
1,     0.004152100
1,     0.004161098
1,     0.004169105
1,     0.004180417
1,     0.004200513
1,     0.004204283
1,     0.004202794
1,     0.004170959
1,     0.004100633
1,     0.004065720
1,     0.004075273
1,     0.004102177
1,     0.004150016
1,     0.004182749
1,     0.004194826
1,     0.004221834
1,     0.004241001
1,     0.004249431
1,     0.004249497
1,     0.004249248
1,     0.004248950
1,     0.004224073
1,     0.004174874
1,     0.004197282
1,     0.004198288
1,     0.004204070
1,     0.004211873
1,     0.004236290
1,     0.004232058
1,     0.004404247
1,     0.004711738
1,     0.004977928
1,     0.004948375
1,     0.004941201
1,     0.004740569
1,     0.004760866
1,     0.004920168
1,     0.005150877
1,     0.005450706
1,     0.005600563
1,     0.005806236
1,     0.006023278
1,     0.006314034
1,     0.006312940
1,     0.005909662
1,     0.006020332
1,     0.005895609
1,     0.005706005
1,     0.005995679
1,     0.006065662
1,     0.005860162
1,     0.005881976
1,     0.005813664
1,     0.005705112
1,     0.005566753
1,     0.005476519
1,     0.005272094
1,     0.005313450
1,     0.005618971
1,     0.005950858
1,     0.006416147
1,     0.006738262
1,     0.007022949
1,     0.007236830
1,     0.007467600
1,     0.007674073
1,     0.007951325
1,     0.008130537
1,     0.008111011
1,     0.008384026
1,     0.008975882
1,     0.008813537
1,     0.007845837
1,     0.007845656
1,     0.008584977
1,     0.009146972
1,     0.008453254
1,     0.007605068
1,     0.007180161
1,     0.007098938
1,     0.007007205
1,     0.007022937
1,     0.007297754
1,     0.007659477
1,     0.008069461
1,     0.008204567
1,     0.007838810
1,     0.007878947
1,     0.007754264
1,     0.008067864
1,     0.008297265
1,     0.008102554
1,     0.008474345
1,     0.008878088
1,     0.009337229
1,     0.009809447
1,     0.009772255
1,     0.009514214
1,     0.009103288
1,     0.009074085
1,     0.009450033
1,     0.009756483
1,     0.010078903
1,     0.010015531
1,     0.009900873
1,     0.009650059
1,     0.009127885
1,     0.008372414
1,     0.008382006
1,     0.008900586
1,     0.009360540
1,     0.009635143
1,     0.009487673
1,     0.009572261
1,     0.009976228
1,     0.010593028
1,     0.010961151
1,     0.011360233
1,     0.011756748
1,     0.011918364
1,     0.011848904
1,     0.011444680
1,     0.010457964
1,     0.009232446
1,     0.008366649
1,     0.008355248
1,     0.008866602
1,     0.009413936
1,     0.009834474
1,     0.010026698
1,     0.010194806
1,     0.010181025
1,     0.010364591
1,     0.010245292
1,     0.009373467
1,     0.009108971
1,     0.009702065
1,     0.010510060
1,     0.010353626
1,     0.010383593
1,     0.010406936
1,     0.010312362
1,     0.009950366
1,     0.009751556
1,     0.009692319
1,     0.009137295
1,     0.008609296
1,     0.008354180
1,     0.008475584
1,     0.008466602
1,     0.008528849
1,     0.008645402
1,     0.009276455
1,     0.010274134
1,     0.011185878
1,     0.011199381
1,     0.010671618
1,     0.010428355
1,     0.010739500
1,     0.010959110
1,     0.011718052
1,     0.011895863
1,     0.011981332
1,     0.012147422
1,     0.011375491
1,     0.011641014
1,     0.011832575
1,     0.011683538
1,     0.011779676
1,     0.010052655
1,     0.009279493
1,     0.008700169
1,     0.008417747
1,     0.008530185
1,     0.008951375
1,     0.009324623
1,     0.008940882
1,     0.008570088
1,     0.008822210
1,     0.009243471
1,     0.009355413
1,     0.009758377
1,     0.009623009
1,     0.009276140
1,     0.009437858
1,     0.009061026
1,     0.008840727
1,     0.008631290
1,     0.008420144
1,     0.008472743
1,     0.008500002
1,     0.008603047
1,     0.008534369
1,     0.008511332
1,     0.008457004
1,     0.008496972
1,     0.008638390
1,     0.008169385
1,     0.007991249
1,     0.008272652
1,     0.008401682
1,     0.008605399
1,     0.008878039
1,     0.008846502
1,     0.008688970
1,     0.008477164
1,     0.007404132
1,     0.007247379
1,     0.007218471
1,     0.007293287
1,     0.007615157
1,     0.007663454
1,     0.007877035
1,     0.007868784
1,     0.008213336
1,     0.007977418
1,     0.007904967
1,     0.007923439
1,     0.007789341
1,     0.007842612
1,     0.007746137
1,     0.008203634
1,     0.008638373
1,     0.008769285
1,     0.007979545
1,     0.007262092
1,     0.007107307
1,     0.007043726
1,     0.007249936
1,     0.007503114
1,     0.007563094
1,     0.007621088
1,     0.007775429
1,     0.007420197
1,     0.006857930
1,     0.006672224
1,     0.006546666
1,     0.006525772
1,     0.006622743
1,     0.006643506
1,     0.006667318
1,     0.006773557
1,     0.006718006
1,     0.006588075
1,     0.006389312
1,     0.006266792
1,     0.006143852
1,     0.005853407
1,     0.005584881
1,     0.005476171
1,     0.005517202
1,     0.005547245
1,     0.005634031
1,     0.005510881
1,     0.005406130
1,     0.005892889
1,     0.006114229
1,     0.005946167
1,     0.006114376
1,     0.006423842
1,     0.006476244
1,     0.006590703
1,     0.006422393
1,     0.006050534
1,     0.005611758
1,     0.005378220
1,     0.005146694
1,     0.005095146
1,     0.005209081
1,     0.005317249
1,     0.005303181
1,     0.005221556
1,     0.005062615
1,     0.005021129
1,     0.005107904
1,     0.005293940
1,     0.005429714
1,     0.005501173
1,     0.005505294
1,     0.005380593
1,     0.005228103
1,     0.005178162
1,     0.005258879
1,     0.004912126
1,     0.004677096
1,     0.004719166
1,     0.004602169
1,     0.004542466
1,     0.004461612
1,     0.004450714
1,     0.004581567
1,     0.004854365
1,     0.004755646
1,     0.004590074
1,     0.004479855
1,     0.004470437
1,     0.004443031
1,     0.004412296
1,     0.004521277
1,     0.004504818
1,     0.004509150
1,     0.004609064
1,     0.004699351
1,     0.004576503
1,     0.004421073
1,     0.004338098
1,     0.004303194
1,     0.004406859
1,     0.004675464
1,     0.004685365
1,     0.004666078
1,     0.004634177
1,     0.004520689
1,     0.004561288
1,     0.004572138
1,     0.004417428
1,     0.004334594
1,     0.004305795
1,     0.004326810
1,     0.004500580
1,     0.004641029
1,     0.004638024
1,     0.004552073
1,     0.004545530
1,     0.004536746
1,     0.004520193
1,     0.004341435
1,     0.004301512
1,     0.004343185
1,     0.004466052
1,     0.004561750
1,     0.004595811
1,     0.004441296
1,     0.004303037
1,     0.004288151
1,     0.004275057
1,     0.004255574
1,     0.004243024
1,     0.004237039
1,     0.004195468
1,     0.004217508
1,     0.004223558
1,     0.004211035
1,     0.004192659
1,     0.004180387
1,     0.004185133
1,     0.004217255
1,     0.004221815
1,     0.004254697
1,     0.004320012
1,     0.004485517
1,     0.004736589
1,     0.004887674
1,     0.004999527
1,     0.005200951
1,     0.005436250
1,     0.005633547
1,     0.005688467
1,     0.005555267
1,     0.005383606
1,     0.005163207
1,     0.005112124
1,     0.005106061
1,     0.004964436
1,     0.004725266
1,     0.004721399
1,     0.004675139
1,     0.004832888
1,     0.005011508
1,     0.004979674
1,     0.004900919
1,     0.004705009
1,     0.004470035
1,     0.004420864
1,     0.004383571
1,     0.004378843
1,     0.004575737
1,     0.004821052
1,     0.005028722
1,     0.005247544
1,     0.005424730
1,     0.005778114
1,     0.006064802
1,     0.005972670
1,     0.005791020
1,     0.005743691
1,     0.005938924
1,     0.006001845
1,     0.006120773
1,     0.006345876
1,     0.006213105
1,     0.005886935
1,     0.005843670
1,     0.006036099
1,     0.006060773
1,     0.006040620
1,     0.006149604
1,     0.006182575
1,     0.005821137
1,     0.005951288
1,     0.006391856
1,     0.006722164
1,     0.007184167
1,     0.007578964
1,     0.007303049
1,     0.006562376
1,     0.006297315
1,     0.006229354
1,     0.006122727
1,     0.006148195
1,     0.006345443
1,     0.006324589
1,     0.006376599
1,     0.006762592
1,     0.006746574
1,     0.006843819
1,     0.007220532
1,     0.006858441
1,     0.006269430
1,     0.006441040
1,     0.006668540
1,     0.006885707
1,     0.006886470
1,     0.006935048
1,     0.006380046
1,     0.006390787
1,     0.006528258
1,     0.006345983
1,     0.006066782
1,     0.006169608
1,     0.006408102
1,     0.006572304
1,     0.006566169
1,     0.006556540
1,     0.006396761
1,     0.006007890
1,     0.006269441
1,     0.006607055
1,     0.007042408
1,     0.007749351
1,     0.007392484
1,     0.006954471
1,     0.007011796
1,     0.007247266
1,     0.007281785
1,     0.007571587
1,     0.007902605
1,     0.008298202
1,     0.008830064
1,     0.009558043
1,     0.009864301
1,     0.010118212
1,     0.009278620
1,     0.008112130
1,     0.008105391
1,     0.008154525
1,     0.008174815
1,     0.008243812
1,     0.008171882
1,     0.008234128
1,     0.008526545
1,     0.008336377
1,     0.008198917
1,     0.008335320
1,     0.008252421
1,     0.007884750
1,     0.007904878
1,     0.008192823
1,     0.008579728
1,     0.009005595
1,     0.009349003
1,     0.008716775
1,     0.008892489
1,     0.009595246
1,     0.010092880
1,     0.010403770
1,     0.010252416
1,     0.009793463
1,     0.009348703
1,     0.008177844
1,     0.007969069
1,     0.008257247
1,     0.008913003
1,     0.009522205
1,     0.009421845
1,     0.009429529
1,     0.009485281
1,     0.008540320
1,     0.008362627
1,     0.008157654
1,     0.008091549
1,     0.008263965
1,     0.008630513
1,     0.008931578
1,     0.009520005
1,     0.010383105
1,     0.011230176
1,     0.011317214
1,     0.009851766
1,     0.009367620
1,     0.009559119
1,     0.009875229
1,     0.009724365
1,     0.009327905
1,     0.009738925
1,     0.009835162
1,     0.010030508
1,     0.010087172
1,     0.010253404
1,     0.010426543
1,     0.010611280
1,     0.010663082
1,     0.010483335
1,     0.010614644
1,     0.010965606
1,     0.010081730
1,     0.007710568
1,     0.007084183
1,     0.007156333
1,     0.007479892
1,     0.008081577
1,     0.008636190
1,     0.008323586
1,     0.008070160
1,     0.008163129
1,     0.008337896
1,     0.008481412
1,     0.008859460
1,     0.009158611
1,     0.008792240
1,     0.008664536
1,     0.009001877
1,     0.009667915
1,     0.009197136
1,     0.008806968
1,     0.009260995
1,     0.009839465
1,     0.010227575
1,     0.010570151
1,     0.010383782
1,     0.010108349
1,     0.010030914
1,     0.010520348
1,     0.010844482
1,     0.010191799
1,     0.009913819
1,     0.009135885
1,     0.008295346
1,     0.008410820
1,     0.008504700
1,     0.008470820
1,     0.008492176
1,     0.008693601
1,     0.009304239
1,     0.009781105
1,     0.010031512
1,     0.010356017
1,     0.010036898
1,     0.009171707
1,     0.008635475
1,     0.008398938
1,     0.008463349
1,     0.008336905
1,     0.007890424
1,     0.007955815
1,     0.007892566
1,     0.007726182
1,     0.007291203
1,     0.007071658
1,     0.007232509
1,     0.007305676
1,     0.007231954
1,     0.007306500
1,     0.007713014
1,     0.008046788
1,     0.008125564
1,     0.008164529
1,     0.007894032
1,     0.008029298
1,     0.008035680
1,     0.007888554
1,     0.008247270
1,     0.008529289
1,     0.009207555
1,     0.008923025
1,     0.008788385
1,     0.008629912
1,     0.008287517
1,     0.008127838
1,     0.008166395
1,     0.008276057
1,     0.007767955
1,     0.007551514
1,     0.007521362
1,     0.007644504
1,     0.007649144
1,     0.007641906
1,     0.007765722
1,     0.007829768
1,     0.007678224
1,     0.007648633
1,     0.007534157
1,     0.007091721
1,     0.007009051
1,     0.006872132
1,     0.006822385
1,     0.006786103
1,     0.006831569
1,     0.007001447
1,     0.006940523
1,     0.006728901
1,     0.006603439
1,     0.006592552
1,     0.006505923
1,     0.006566264
1,     0.006512437
1,     0.006461420
1,     0.006397741
1,     0.006119003
1,     0.005997514
1,     0.005871611
1,     0.005698972
1,     0.005707134
1,     0.005641033
1,     0.005729279
1,     0.005772120
1,     0.005773083
1,     0.005769117
1,     0.005240168
1,     0.005121754
1,     0.005026598
1,     0.005152978
1,     0.005523925
1,     0.005470627
1,     0.005467228
1,     0.005709692
1,     0.005773908
1,     0.005720957
1,     0.005718827
1,     0.005765139
1,     0.005829278
1,     0.005908467
1,     0.006040161
1,     0.006071361
1,     0.006354914
1,     0.005896692
1,     0.005769934
1,     0.005771821
1,     0.005484955
1,     0.005042957
1,     0.004890435
1,     0.004770102
1,     0.004684530
1,     0.004629162
1,     0.004555947
1,     0.004489248
1,     0.004466762
1,     0.004482166
1,     0.004519248
1,     0.004716862
1,     0.004872369
1,     0.005038652
1,     0.005191845
1,     0.005246093
1,     0.005094554
1,     0.004992863
1,     0.004913884
1,     0.005024888
1,     0.005140903
1,     0.005199027
1,     0.005190803
1,     0.004999154
1,     0.004744241
1,     0.004549753
1,     0.004654105
1,     0.004997893
1,     0.005201748
1,     0.005319336
1,     0.005338168
1,     0.005149325
1,     0.004946170
1,     0.004702423
1,     0.004590335
1,     0.004745599
