1,    44.634573300
1,    44.988849674
1,    45.407740815
1,    45.847299239
1,    46.291552006
1,    46.724494710
1,    47.151882688
1,    47.610336047
1,    48.077344621
1,    48.514603730
1,    48.919981568
1,    49.292189272
1,    49.695068709
1,    50.147877783
1,    50.588329936
1,    51.032936920
1,    51.485377459
1,    51.917942771
1,    52.322029580
1,    52.686929492
1,    53.015548483
1,    53.344357743
1,    53.611267141
1,    53.871718039
1,    54.139843615
1,    54.420208672
1,    54.680354085
1,    54.920559826
1,    55.176149013
1,    55.455793467
1,    55.751012118
1,    56.009243371
1,    56.275236454
1,    56.533846116
1,    56.783459646
1,    57.082885522
1,    57.417628805
1,    57.764404706
1,    58.095306859
1,    58.428898684
1,    58.778682946
1,    59.143143624
1,    59.513407910
1,    59.849700016
1,    60.159990210
1,    60.451520581
1,    60.721232979
1,    60.984737598
1,    61.253053868
1,    61.499700156
1,    61.746928253
1,    61.996651880
1,    62.272880686
1,    62.563724622
1,    62.823216112
1,    63.058909231
1,    63.315220070
1,    63.557434224
1,    63.783626534
1,    64.052420775
1,    64.356498433
1,    64.656038735
1,    64.946406378
1,    65.227630681
1,    65.502357441
1,    65.758718135
1,    66.002395787
1,    66.274497876
1,    66.568231294
1,    66.867936409
1,    67.156671554
1,    67.424285639
1,    67.704676553
1,    67.985095116
1,    68.275988272
1,    68.571688851
1,    68.855474312
1,    69.094008791
1,    69.298633397
1,    69.566114029
1,    69.884080887
1,    70.222849278
1,    70.563211529
1,    70.891738573
1,    71.185600855
1,    71.423060867
1,    71.680577674
1,    71.935330270
1,    72.177909637
1,    72.443901201
1,    72.716074851
1,    72.976498645
1,    73.230011830
1,    73.497450357
1,    73.776091569
1,    74.083751428
1,    74.381163139
1,    74.667367504
1,    74.956745604
1,    75.233515571
1,    75.517268131
1,    75.789231591
1,    76.048644521
1,    76.324408476
1,    76.644908048
1,    76.969438043
1,    77.296485260
1,    77.611213599
1,    77.918309326
1,    78.215545929
1,    78.517146403
1,    78.822700816
1,    79.120219584
1,    79.405195562
1,    79.678691575
1,    79.943037078
1,    80.240815768
1,    80.588572986
1,    80.955795217
1,    81.334182316
1,    81.715717081
1,    82.091794777
1,    82.469484582
1,    82.846349748
1,    83.222520327
1,    83.611061826
1,    84.001565435
1,    84.380731651
1,    84.746676336
1,    85.132053206
1,    85.527546410
1,    85.923593241
1,    86.313800535
1,    86.712457384
1,    87.109326933
1,    87.502702674
1,    87.872996099
1,    88.273482371
1,    88.700150854
1,    89.138845944
1,    89.575115615
1,    90.005505756
1,    90.429124714
1,    90.838607683
1,    91.236994580
1,    91.627717695
1,    92.011418240
1,    92.392341121
1,    92.778878303
1,    93.172303132
1,    93.561902517
1,    93.951852758
1,    94.345061211
1,    94.724201984
1,    95.083707061
1,    95.423041802
1,    95.741866128
1,    96.055308895
1,    96.371966424
1,    96.714926702
1,    97.090932895
1,    97.469566533
1,    97.853162130
1,    98.243134258
1,    98.637879016
1,    99.043342638
1,    99.440441529
1,    99.827301840
1,   100.217675049
1,   100.612958594
1,   100.993726622
1,   101.364555063
1,   101.751590391
1,   102.145443064
1,   102.538335753
1,   102.921857584
1,   103.298930869
1,   103.678397885
1,   104.075156239
1,   104.480546566
1,   104.884525478
1,   105.276140543
1,   105.670231236
1,   106.072637211
1,   106.480532523
1,   106.901328537
1,   107.316616699
1,   107.733440910
1,   108.139097427
1,   108.541899290
1,   108.933751743
1,   109.323987692
1,   109.698139073
1,   110.066415865
1,   110.417196183
1,   110.772608055
1,   111.127314839
1,   111.491020079
1,   111.875432988
1,   112.258343574
1,   112.602117680
1,   112.939119779
1,   113.288066590
1,   113.638992414
1,   113.985257913
1,   114.329881779
1,   114.696487072
1,   115.060436902
1,   115.400260840
1,   115.716263921
1,   116.029208903
1,   116.340324491
1,   116.640712291
1,   116.934425403
1,   117.233907725
1,   117.551325254
1,   117.879456159
1,   118.202459824
1,   118.532997234
1,   118.867069990
1,   119.175129087
1,   119.457564024
1,   119.742309922
1,   119.998008492
1,   120.308290950
1,   120.668474737
1,   121.034678482
1,   121.385625904
1,   121.703937470
1,   122.006216720
1,   122.293831179
1,   122.592006194
1,   122.901673578
1,   123.211612729
1,   123.511762134
1,   123.806962496
1,   124.104252092
1,   124.399353647
1,   124.684880706
1,   124.962155488
1,   125.233845294
1,   125.517150250
1,   125.817726157
1,   126.104910573
1,   126.359846443
1,   126.597044734
1,   126.834094925
1,   127.077194736
1,   127.302127139
1,   127.510888073
1,   127.754916949
1,   128.016084714
1,   128.297527610
1,   128.592759960
1,   128.884764771
1,   129.147248796
1,   129.383866524
1,   129.586461775
1,   129.752339122
1,   129.937179354
1,   130.163144854
1,   130.450989047
1,   130.766504902
1,   131.072216094
1,   131.325331682
1,   131.516408975
1,   131.681422269
1,   131.818505903
1,   131.947087104
1,   132.100515147
1,   132.253571174
1,   132.455020799
1,   132.725246230
1,   132.969903361
1,   133.187262732
1,   133.361338184
1,   133.476153047
1,   133.570985628
1,   133.700788020
1,   133.820700670
1,   133.922098467
1,   134.028283711
1,   134.180098399
1,   134.350586623
1,   134.516370911
1,   134.674548660
1,   134.836965524
1,   135.062152731
1,   135.305768305
1,   135.497194576
1,   135.648657120
1,   135.782640540
1,   135.895562939
1,   136.023855412
1,   136.148115500
1,   136.290487338
1,   136.476183305
1,   136.737368247
1,   136.947964646
1,   137.139413607
1,   137.335438828
1,   137.522762718
1,   137.672091941
1,   137.761154487
1,   137.830033907
1,   137.904730548
1,   137.954404736
1,   137.987523177
1,   138.134760512
1,   138.316567959
1,   138.449056935
1,   138.489762376
1,   138.447765493
1,   138.386499274
1,   138.296813491
1,   138.235034090
1,   138.133348178
1,   138.069282956
1,   138.079448936
1,   138.073879098
1,   138.086465834
1,   138.068154272
1,   137.969612332
1,   137.815664098
1,   137.732517172
1,   137.706192100
1,   137.671642663
1,   137.593133075
1,   137.468411509
1,   137.333507843
1,   137.163698498
1,   137.062648332
1,   136.977872029
1,   136.910827138
1,   136.933545459
1,   136.952992699
1,   136.896272336
1,   136.777664671
1,   136.742262124
1,   136.870110668
1,   137.093068104
1,   137.285327470
1,   137.379521186
1,   137.478357191
1,   137.654810918
1,   137.794043984
1,   137.873841901
1,   137.956702689
1,   138.009293489
1,   137.970749328
1,   137.815877755
1,   137.586335588
1,   137.319202676
1,   137.063342514
1,   136.801041648
1,   136.501491624
1,   136.167537393
1,   135.945160626
1,   135.839767082
1,   135.787133139
1,   135.834130086
1,   135.908044271
1,   135.946084899
1,   135.895320993
1,   135.828188393
1,   135.797653344
1,   135.766005656
1,   135.790428870
1,   135.786110858
1,   135.758375063
1,   135.739336149
1,   135.708062732
1,   135.594234830
1,   135.520868334
1,   135.617295527
1,   135.716612888
1,   135.848011713
1,   136.004263953
1,   136.108956896
1,   136.143788858
1,   136.131247288
1,   136.084741702
1,   135.943114066
1,   135.686516430
1,   135.522014505
1,   135.375418214
1,   135.162475069
1,   135.011322703
1,   134.984565210
1,   134.937610768
1,   134.775571592
1,   134.480015919
1,   134.285449134
1,   134.186038944
1,   134.049869099
1,   133.836221561
1,   133.812640480
1,   133.855550517
1,   133.880185474
1,   133.887161147
1,   133.874815181
1,   133.798836124
1,   133.678730450
1,   133.537162227
1,   133.382286235
1,   133.284785734
1,   132.924108683
1,   132.628565379
1,   132.355321460
1,   132.118837117
1,   131.909891407
1,   131.670169373
1,   131.471402190
1,   131.291084506
1,   131.185935937
1,   131.081942236
1,   131.040539102
1,   130.910028560
1,   130.797871609
1,   130.638221591
1,   130.464216074
1,   130.279965296
1,   130.070537400
1,   129.866233799
1,   129.743921853
1,   129.795677625
1,   129.942153442
1,   130.062837129
1,   130.155973387
1,   130.241884495
1,   130.322782034
1,   130.393361980
1,   130.452362555
1,   130.592020412
1,   130.781042242
1,   130.953114966
1,   131.092025586
1,   131.204647169
1,   131.297449706
1,   131.398466590
1,   131.508861882
1,   131.595481140
1,   131.635508140
1,   131.692301688
1,   131.815998136
1,   132.040707547
1,   132.283540516
1,   132.522462152
1,   132.757319878
1,   132.976405072
1,   133.155521212
1,   133.312050255
1,   133.452729270
1,   133.576879588
1,   133.721034356
1,   133.900355395
1,   134.095460670
1,   134.305636193
1,   134.520973964
1,   134.809799516
1,   135.141168328
1,   135.470762027
1,   135.786306168
1,   136.105793185
1,   136.448976361
1,   136.805036014
1,   137.149633973
1,   137.477243197
1,   137.755834794
1,   137.963730160
1,   138.229017919
1,   138.540247707
1,   138.842753293
1,   139.133410148
1,   139.426972828
1,   139.708591842
1,   139.977345384
1,   140.234307566
1,   140.493537854
1,   140.769612883
1,   141.074208505
1,   141.400423176
1,   141.686695217
1,   141.925105837
1,   142.152828129
1,   142.404322269
1,   142.683395514
1,   142.977774874
1,   143.269586924
1,   143.612681180
1,   143.958713302
1,   144.272256241
1,   144.567178855
1,   144.885621207
1,   145.218749095
1,   145.566650436
1,   145.953845348
1,   146.348076120
1,   146.731842770
1,   147.105230365
1,   147.460959664
1,   147.813638237
1,   148.163476023
1,   148.502715972
1,   148.790835816
1,   149.158187078
1,   149.559172617
1,   149.950702230
1,   150.319931020
1,   150.681212674
1,   151.034747650
1,   151.388965485
1,   151.755099298
1,   152.115910172
1,   152.464810433
1,   152.809199152
1,   153.152419332
1,   153.500707583
1,   153.834109946
1,   154.153752461
1,   154.477099074
1,   154.846531194
1,   155.254419000
1,   155.678406753
1,   156.101576800
1,   156.528521422
1,   156.961549395
1,   157.395352339
1,   157.799461178
1,   158.215233791
1,   158.650901018
1,   159.080090523
1,   159.503729036
1,   159.925435655
1,   160.344352166
1,   160.764927772
1,   161.191515220
1,   161.630552173
1,   162.084447206
1,   162.539989798
1,   162.994858739
1,   163.448537639
1,   163.900040041
1,   164.345286768
1,   164.785681178
1,   165.224568003
1,   165.662773282
1,   166.099904972
1,   166.539174609
1,   166.977874488
1,   167.415424021
1,   167.854805469
1,   168.291077879
1,   168.723424070
1,   169.151349531
1,   169.574652552
1,   169.994147744
1,   170.404232626
1,   170.802906916
1,   171.217262814
1,   171.631782663
1,   172.040496578
1,   172.438390693
1,   172.823217001
1,   173.191287560
1,   173.542204367
1,   173.907131102
1,   174.275485701
1,   174.627692901
1,   174.959368819
1,   175.338935304
1,   175.733975882
1,   176.131733446
1,   176.540448550
1,   176.952162120
1,   177.365717924
1,   177.778378246
1,   178.187752705
1,   178.593967388
1,   178.997644720
1,   179.398131858
1,   179.798245519
1,   180.198081644
1,   180.599263631
1,   180.998246168
1,   181.396309929
1,   181.794842012
1,   182.193865718
1,   182.587837736
1,   182.979271748
1,   183.367977152
1,   183.751933304
1,   184.141982775
1,   184.529411360
1,   184.915212218
1,   185.302493603
1,   185.690998439
1,   186.077303272
1,   186.461894832
1,   186.844247204
1,   187.222302202
1,   187.600378724
1,   187.978612885
1,   188.357634095
1,   188.736124299
1,   189.110984966
1,   189.482854700
1,   189.855323783
1,   190.230795583
1,   190.603510112
1,   190.973036802
1,   191.342082274
1,   191.705949085
1,   192.060934165
1,   192.411780921
1,   192.758954503
1,   193.104711643
1,   193.448470306
1,   193.788151547
1,   194.126733594
1,   194.464948085
1,   194.808059823
1,   195.164054222
1,   195.524862060
1,   195.882227140
1,   196.232767121
1,   196.572257825
1,   196.904228510
1,   197.232904134
1,   197.556853796
1,   197.876716678
1,   198.194772766
1,   198.511361343
1,   198.827320245
1,   199.142652755
1,   199.463010589
1,   199.791649886
1,   200.116454765
1,   200.440548329
1,   200.764318840
1,   201.084689305
1,   201.398567444
1,   201.713293329
1,   201.992078459
1,   202.208065577
1,   202.370535100
1,   202.540233815
1,   202.710630401
1,   202.922927452
1,   203.130589519
1,   203.307159987
1,   203.437800121
1,   203.508555216
1,   203.550713690
1,   203.551267733
1,   203.510168390
1,   203.412614835
1,   203.318011924
1,   203.306130913
1,   203.273459356
1,   203.268256166
1,   203.303403114
1,   203.280652793
1,   203.246351647
1,   203.253762555
1,   203.257813885
1,   203.278404572
1,   203.321888891
1,   203.393570217
1,   203.485214586
1,   203.617443324
1,   203.741534145
1,   203.804157174
1,   203.801735973
1,   203.707452863
1,   203.550621110
1,   203.338534719
1,   203.086983539
1,   202.792565566
1,   202.467880151
1,   202.117627840
1,   201.757165084
1,   201.420597539
1,   201.043982506
1,   200.560872061
1,   200.118494427
1,   199.874317041
1,   199.635403125
1,   199.253322655
1,   198.764163491
1,   198.370694034
1,   198.107273060
1,   197.929897431
1,   197.771377510
1,   197.634969603
1,   197.495891312
1,   197.303185390
1,   197.043522849
1,   196.704753919
1,   196.353714381
1,   196.067405713
1,   195.774259457
1,   195.509008442
1,   195.184220674
1,   194.819355045
1,   194.495101884
1,   194.123958476
1,   193.696880731
1,   193.201899342
1,   192.639749603
1,   192.098351566
1,   191.617327358
1,   191.219009965
1,   190.833026284
1,   190.378324898
1,   189.871499280
1,   189.308028892
1,   188.762732098
1,   188.244591303
1,   187.774618055
1,   187.363796723
1,   187.059025073
1,   186.753930778
1,   186.357492483
1,   185.878495963
1,   185.355243459
1,   184.879918927
1,   184.422954463
1,   183.915921569
1,   183.314558777
1,   182.660108538
1,   181.942495045
1,   181.162062279
1,   180.360838383
1,   179.583126700
1,   178.888009808
1,   178.376396193
1,   178.028646237
1,   177.812066545
1,   177.599175318
1,   177.310374355
1,   176.963484710
1,   176.568251837
1,   176.154517024
1,   175.719571529
1,   175.295512631
1,   174.842818224
1,   174.416132381
1,   174.149113422
1,   173.930198856
1,   173.613928447
1,   173.158054652
1,   172.711333366
1,   172.282077255
1,   171.857462873
1,   171.456205818
1,   171.123695250
1,   170.829106779
1,   170.552033520
1,   170.373875101
1,   170.286287335
1,   170.239461854
1,   170.175853092
1,   170.119101580
1,   170.052890377
1,   169.971180669
1,   169.783692161
1,   169.430297150
1,   168.925635014
1,   168.418848304
1,   167.998006640
1,   167.620403525
1,   167.195902404
1,   166.734629906
1,   166.154496304
1,   165.554487004
1,   164.949813572
1,   164.326482285
1,   163.839204058
1,   163.315883728
1,   162.768142968
1,   162.251073807
1,   161.723595211
1,   161.479373358
1,   161.362641720
1,   161.341099921
1,   161.357976126
1,   161.358762234
1,   161.295168144
1,   161.174306458
1,   161.117555933
1,   161.122590604
1,   161.087510975
1,   160.984810049
1,   160.864347688
1,   160.679921425
1,   160.517952387
1,   160.412741474
1,   160.281792575
1,   160.211391015
1,   160.175903247
1,   160.174032431
1,   160.206209277
1,   160.229156969
1,   160.247312271
1,   160.248609287
1,   160.260345932
1,   160.274834150
1,   160.297235073
1,   160.312315399
1,   160.303632529
1,   160.368910907
1,   160.461909073
1,   160.508535056
1,   160.532854806
1,   160.523177177
1,   160.468518909
1,   160.417785937
1,   160.391225842
1,   160.397769795
1,   160.575173580
1,   160.776639354
1,   160.981631122
1,   161.173436275
1,   161.311371338
1,   161.431148226
1,   161.500338802
1,   161.567271682
1,   161.574485835
1,   161.622836563
1,   161.685463870
1,   161.747417044
1,   161.830140090
1,   161.902585973
1,   161.992330580
1,   162.009464751
1,   161.957088835
1,   161.881162555
1,   161.926117528
1,   162.088834477
1,   162.278237305
1,   162.479164575
1,   162.647807948
1,   162.775873765
1,   162.894347347
1,   163.002800696
1,   163.085097804
1,   163.219952632
1,   163.447840717
1,   163.706275925
1,   163.984593707
1,   164.265330993
1,   164.529652167
1,   164.789854336
1,   165.045286883
1,   165.282361484
1,   165.527790210
1,   165.793412907
1,   166.090759867
1,   166.406731865
1,   166.741229005
1,   167.122264329
1,   167.546064855
1,   167.984402444
1,   168.413166134
1,   168.835190564
1,   169.240502553
1,   169.658514479
1,   170.091471246
1,   170.415350292
1,   170.694295198
1,   171.000788966
1,   171.276429721
1,   171.497738891
1,   171.708801109
1,   171.896452867
1,   172.089256353
1,   172.307267094
1,   172.587809238
1,   172.901655709
1,   173.250628722
1,   173.606906838
1,   173.941657930
1,   174.255685925
1,   174.570902557
1,   174.897542519
1,   175.249482329
1,   175.606942636
1,   175.947811352
1,   176.254545205
1,   176.535964640
1,   176.802734805
1,   177.066085690
1,   177.349670333
1,   177.658709370
1,   177.974603677
1,   178.273492663
1,   178.631779030
1,   179.029271367
1,   179.417135861
1,   179.824516762
1,   180.239600449
1,   180.666431863
1,   181.092443363
1,   181.492472702
1,   181.841518602
1,   182.206885414
1,   182.599633717
1,   183.009660481
1,   183.419001646
1,   183.831832635
1,   184.248753428
1,   184.642951679
1,   185.038004946
1,   185.430756314
1,   185.802631447
1,   186.156073246
1,   186.530662358
1,   186.931620716
1,   187.346056389
1,   187.765412781
1,   188.162946501
1,   188.508211061
1,   188.849592161
1,   189.192131151
1,   189.538624302
1,   189.904806133
1,   190.261691310
1,   190.615347927
1,   190.997252786
1,   191.392740421
1,   191.792316907
1,   192.186644784
1,   192.546415344
1,   192.878103564
1,   193.209407238
1,   193.555305244
1,   193.899671813
1,   194.243229321
1,   194.588194975
1,   194.966419980
1,   195.350011079
1,   195.723398478
1,   196.070869399
1,   196.398687808
1,   196.718553777
1,   197.067311104
1,   197.440916737
1,   197.815494164
1,   198.191135283
1,   198.568708799
1,   198.947379790
1,   199.325729466
1,   199.710809768
1,   200.089363220
1,   200.465220825
1,   200.842500700
1,   201.221266148
1,   201.600377522
1,   201.977778808
1,   202.347647543
1,   202.715607622
1,   203.075747103
1,   203.420934620
1,   203.731438900
1,   203.989284359
1,   204.216097326
1,   204.419930487
1,   204.582845528
1,   204.698031784
1,   204.773363191
1,   204.838210484
1,   204.931281493
1,   205.058516264
1,   205.229163787
1,   205.409678002
1,   205.591548534
1,   205.802671619
1,   206.061671614
1,   206.320017667
1,   206.587267081
1,   206.820622008
1,   207.016196718
1,   207.216774910
1,   207.432983057
1,   207.688906774
1,   207.991514494
1,   208.303356384
1,   208.621682132
1,   208.939578215
1,   209.215350603
1,   209.439459171
1,   209.620826416
1,   209.756827730
1,   209.856855972
1,   209.884127996
1,   209.852879880
1,   209.842642343
1,   209.871656613
1,   209.911890796
1,   209.912418554
1,   209.901631329
1,   209.865094507
1,   209.782658729
1,   209.728653413
1,   209.744818488
1,   209.769134656
1,   209.754776304
1,   209.736871038
1,   209.725526894
1,   209.692847211
1,   209.655789699
1,   209.695485829
1,   209.708811020
1,   209.632054768
1,   209.488590915
1,   209.251420140
1,   208.938478583
1,   208.688264458
1,   208.593589986
1,   208.560123251
1,   208.548625314
1,   208.550300070
1,   208.546713633
1,   208.504187374
1,   208.468300284
1,   208.422330211
1,   208.296547712
1,   208.177252231
1,   208.038275992
1,   207.824030955
1,   207.688823184
1,   207.675811996
1,   207.629803778
1,   207.539458008
1,   207.407492667
1,   207.278301368
1,   207.139951314
1,   207.118842291
1,   207.097800846
1,   207.049901482
1,   207.039951492
1,   207.088815114
1,   207.117392587
1,   207.097840027
1,   207.046674186
1,   206.999374292
1,   206.953365108
1,   206.942447320
1,   207.012933295
1,   207.028692055
1,   206.977077174
1,   206.838752274
1,   206.558016138
1,   206.354901020
1,   206.242578076
1,   206.121395717
1,   205.954885554
1,   205.785482419
1,   205.560701677
1,   205.272504365
1,   204.908121361
1,   204.441107708
1,   203.856017127
1,   203.241514509
1,   202.597062134
1,   202.099814966
1,   201.801924175
1,   201.524991442
1,   201.256190117
1,   200.971652523
1,   200.674048593
1,   200.391576927
1,   200.087815146
1,   199.729779584
1,   199.412200954
1,   199.123526336
1,   198.811492213
1,   198.520009701
1,   198.302984799
1,   198.084800861
1,   197.814524132
1,   197.469632788
1,   197.043226528
1,   196.555400777
1,   196.198346100
1,   195.832283141
1,   195.358190293
1,   194.808536921
1,   194.214461861
1,   193.660331134
1,   193.207922673
1,   192.846732470
1,   192.717748516
1,   192.629295552
1,   192.488876247
1,   192.222782874
1,   191.841474216
1,   191.484008884
1,   191.130584404
1,   190.769603869
1,   190.588982043
1,   190.444431471
1,   190.344012876
1,   190.256425771
1,   190.139455873
1,   189.953161430
1,   189.713404799
1,   189.363635826
1,   188.855254419
1,   188.192943271
1,   187.521097917
1,   187.129310051
1,   186.830514552
1,   186.501901522
1,   186.119783205
1,   185.723385326
1,   185.360605318
1,   184.926851255
1,   184.486323623
1,   184.038947107
1,   183.606741094
1,   183.165244610
1,   182.710106933
1,   182.229910982
1,   181.748728087
1,   181.303622071
1,   180.842496167
1,   180.321959658
1,   179.966858538
1,   179.959019505
1,   180.057948495
1,   180.142165237
1,   180.168363664
1,   180.088007813
1,   179.910422362
1,   179.790768431
1,   179.719115850
1,   179.630766510
1,   179.513827219
1,   179.371576542
1,   179.176518506
1,   178.944684504
1,   178.786651795
1,   178.669270294
1,   178.501303022
1,   178.226710783
1,   178.030538076
1,   177.895553891
1,   177.692099476
1,   177.401807592
1,   177.055015200
1,   176.654003532
1,   176.292307363
1,   175.984362723
1,   175.692249675
1,   175.319191232
1,   174.894306011
1,   174.588931350
1,   174.336807726
1,   174.220251924
1,   174.247472286
1,   174.258209600
1,   174.251965768
1,   174.253691848
1,   174.254162399
1,   174.219696689
1,   174.081568877
1,   173.861506545
1,   173.601123342
1,   173.285882317
1,   173.023534990
1,   172.908826048
1,   172.891755041
1,   172.918799110
1,   172.936112977
1,   172.976170088
1,   173.088682778
1,   173.191533773
1,   173.307004459
1,   173.452396707
1,   173.671098976
1,   173.927856845
1,   174.154661769
1,   174.369951012
1,   174.598894897
1,   174.815308392
1,   174.958900178
1,   175.044235537
1,   175.110836596
1,   175.165149765
1,   175.267690355
1,   175.347653274
1,   175.427969681
1,   175.535232302
1,   175.580360141
1,   175.576597905
1,   175.447182053
1,   175.369712735
1,   175.317309663
1,   175.293547418
1,   175.325148696
1,   175.384814999
1,   175.438433641
1,   175.472921199
1,   175.597366017
1,   175.759786577
1,   175.927233008
1,   176.072921342
1,   176.218182898
1,   176.365376411
1,   176.491620311
1,   176.607383925
1,   176.751597097
1,   176.902181612
1,   177.070716924
1,   177.316133782
1,   177.576268641
1,   177.860108463
1,   178.151836639
1,   178.448945166
1,   178.736715936
1,   178.991108036
1,   179.253287585
1,   179.549820397
1,   179.865033170
1,   180.178278418
1,   180.503404883
1,   180.814003040
1,   181.130626453
1,   181.452689745
1,   181.782489192
1,   182.159024086
1,   182.553468764
1,   182.966668319
1,   183.407186839
1,   183.841851078
1,   184.284313402
1,   184.706196631
1,   185.115933283
1,   185.516867358
1,   185.911583591
1,   186.399783915
1,   186.900368328
1,   187.411465528
1,   187.893647555
1,   188.302465458
1,   188.717954720
1,   189.130576164
1,   189.494190966
1,   189.842969254
1,   190.199091923
1,   190.552868458
1,   190.895003774
1,   191.221622890
1,   191.529669742
1,   191.809297508
1,   192.079488213
1,   192.249252915
1,   192.458023999
1,   192.688566499
1,   192.916024461
1,   193.196122368
1,   193.558690697
1,   193.947569207
1,   194.356503397
1,   194.778740134
1,   195.208407429
1,   195.649004494
1,   196.099272657
1,   196.550560373
1,   196.995438530
1,   197.429653931
1,   197.821530895
1,   198.179437818
1,   198.501290514
1,   198.789758468
1,   199.064593162
1,   199.366802802
1,   199.686399832
1,   200.018827703
1,   200.326077047
1,   200.607201922
1,   200.873884049
1,   201.139496617
1,   201.440946042
1,   201.790908070
1,   202.177127820
1,   202.539167200
1,   202.828568002
1,   203.073853800
1,   203.292666123
1,   203.505169858
1,   203.753655901
1,   204.040944410
1,   204.375237089
1,   204.729558851
