1,   311.809232100
1,   312.012298124
1,   312.187137409
1,   312.352533800
1,   312.516454396
1,   312.686312980
1,   312.859994870
1,   313.021805031
1,   313.180478167
1,   313.352168221
1,   313.537361324
1,   313.736401912
1,   313.922763422
1,   314.089167758
1,   314.260757179
1,   314.430075526
1,   314.595076914
1,   314.767930099
1,   314.951847844
1,   315.150824722
1,   315.362899097
1,   315.572794014
1,   315.797522064
1,   316.024482786
1,   316.248689195
1,   316.467747089
1,   316.695850554
1,   316.932400397
1,   317.163604727
1,   317.386468768
1,   317.604346152
1,   317.835216647
1,   318.062937297
1,   318.294036496
1,   318.528659395
1,   318.739362817
1,   318.925640992
1,   319.107077426
1,   319.294172026
1,   319.480055442
1,   319.659486529
1,   319.833207411
1,   320.004415877
1,   320.188277985
1,   320.384127601
1,   320.593955142
1,   320.810282567
1,   321.022372886
1,   321.232049918
1,   321.449087892
1,   321.665961740
1,   321.881913897
1,   322.088282282
1,   322.289426317
1,   322.502552595
1,   322.725359569
1,   322.940660623
1,   323.160767111
1,   323.387274332
1,   323.601028296
1,   323.806774936
1,   324.019469635
1,   324.238919459
1,   324.463604852
1,   324.692116632
1,   324.928344235
1,   325.170116022
1,   325.402245954
1,   325.626949425
1,   325.849929478
1,   326.077371338
1,   326.313105029
1,   326.545043008
1,   326.777637184
1,   327.007014509
1,   327.235197088
1,   327.468148708
1,   327.717699941
1,   327.979574133
1,   328.219285999
1,   328.441490237
1,   328.656626132
1,   328.871419957
1,   329.090611454
1,   329.321387684
1,   329.566976784
1,   329.798826557
1,   330.030803945
1,   330.266017886
1,   330.494334902
1,   330.723985647
1,   330.960498692
1,   331.201087279
1,   331.437774182
1,   331.670916403
1,   331.894173810
1,   332.121228486
1,   332.352385994
1,   332.582729728
1,   332.817871923
1,   333.050373256
1,   333.286223114
1,   333.526659042
1,   333.761908775
1,   333.981297263
1,   334.198428604
1,   334.414466168
1,   334.634069605
1,   334.855997668
1,   335.081176490
1,   335.304921213
1,   335.526748836
1,   335.751410537
1,   335.980390611
1,   336.213297385
1,   336.449382573
1,   336.674100516
1,   336.881892613
1,   337.083124854
1,   337.280594303
1,   337.476914405
1,   337.675238822
1,   337.873242624
1,   338.071731445
1,   338.270609255
1,   338.465487770
1,   338.659773897
1,   338.858098834
1,   339.060917227
1,   339.257185049
1,   339.448766812
1,   339.640329173
1,   339.833938348
1,   340.023139940
1,   340.209850158
1,   340.396341088
1,   340.588815129
1,   340.767247768
1,   340.935179350
1,   341.094562034
1,   341.246361877
1,   341.398513659
1,   341.550857304
1,   341.706774789
1,   341.865843299
1,   342.027049606
1,   342.190258691
1,   342.354115545
1,   342.516001676
1,   342.675394012
1,   342.835631993
1,   342.995538604
1,   343.154212698
1,   343.316991511
1,   343.485605643
1,   343.660245520
1,   343.841030913
1,   344.023854691
1,   344.204940091
1,   344.377404234
1,   344.539452472
1,   344.700198205
1,   344.858930785
1,   345.015169410
1,   345.169347380
1,   345.319687801
1,   345.472019787
1,   345.626848078
1,   345.780122592
1,   345.931558966
1,   346.087008403
1,   346.245240844
1,   346.398448356
1,   346.549258336
1,   346.699948500
1,   346.853087467
1,   347.007988006
1,   347.161972538
1,   347.310728540
1,   347.456615564
1,   347.602685801
1,   347.752111328
1,   347.900612136
1,   348.046471173
1,   348.190352470
1,   348.330250858
1,   348.471172117
1,   348.611045749
1,   348.753581513
1,   348.896600228
1,   349.042389273
1,   349.188388135
1,   349.338821213
1,   349.490798233
1,   349.647600105
1,   349.803013322
1,   349.958317791
1,   350.111010544
1,   350.257569996
1,   350.404171228
1,   350.561469406
1,   350.720584554
1,   350.876250504
1,   351.031333052
1,   351.187579204
1,   351.344185311
1,   351.494609770
1,   351.645655044
1,   351.803231670
1,   351.967368187
1,   352.132341023
1,   352.297605608
1,   352.465749766
1,   352.635785597
1,   352.804212098
1,   352.967663580
1,   353.127892154
1,   353.289448642
1,   353.448971004
1,   353.607211725
1,   353.772352111
1,   353.944580050
1,   354.116323918
1,   354.296094771
1,   354.461123437
1,   354.612323139
1,   354.761566616
1,   354.914898854
1,   355.077083817
1,   355.243708826
1,   355.414410278
1,   355.582401398
1,   355.747297842
1,   355.912224534
1,   356.079875112
1,   356.249003984
1,   356.417744401
1,   356.587242387
1,   356.759482680
1,   356.934142492
1,   357.110526648
1,   357.284013461
1,   357.452572905
1,   357.624586203
1,   357.805289090
1,   357.990979645
1,   358.177037191
1,   358.361436448
1,   358.550713432
1,   358.744644088
1,   358.929306364
1,   359.109323969
1,   359.284195716
1,   359.455288743
1,   359.627409828
1,   359.807588217
1,   359.994977105
1,   360.191792452
1,   360.398824783
1,   360.601385105
1,   360.792963582
1,   360.968256750
1,   361.135889251
1,   361.306052075
1,   361.490485344
1,   361.691712198
1,   361.900344354
1,   362.116718920
1,   362.335954983
1,   362.549245707
1,   362.763287732
1,   362.965012965
1,   363.148673455
1,   363.339397346
1,   363.537829528
1,   363.748277516
1,   363.975098070
1,   364.207965364
1,   364.432046509
1,   364.659319258
1,   364.892276669
1,   365.124225255
1,   365.344628672
1,   365.560676493
1,   365.778306773
1,   365.998572276
1,   366.218390836
1,   366.421665913
1,   366.620137727
1,   366.832696214
1,   367.056441574
1,   367.285565320
1,   367.521111405
1,   367.753369982
1,   367.987536460
1,   368.217672071
1,   368.436848309
1,   368.635914582
1,   368.848891667
1,   369.067643980
1,   369.285784527
1,   369.508458480
1,   369.745750647
1,   370.004763129
1,   370.273847954
1,   370.545415801
1,   370.826413692
1,   371.113229969
1,   371.370536592
1,   371.619156517
1,   371.882111354
1,   372.171000173
1,   372.483584486
1,   372.802846292
1,   373.131301749
1,   373.453540019
1,   373.788273699
1,   374.114178776
1,   374.421242838
1,   374.734103325
1,   375.043373088
1,   375.362648387
1,   375.705617209
1,   376.065480666
1,   376.406613450
1,   376.731634917
1,   377.060620808
1,   377.403714457
1,   377.761495172
1,   378.123314822
1,   378.494640885
1,   378.847103748
1,   379.196673105
1,   379.542741596
1,   379.863461429
1,   380.186505001
1,   380.533375248
1,   380.899742914
1,   381.243457068
1,   381.540825264
1,   381.801452224
1,   382.073108039
1,   382.379074861
1,   382.685396980
1,   382.968593302
1,   383.265052202
1,   383.581181161
1,   383.897986677
1,   384.225057397
1,   384.580745340
1,   384.972693843
1,   385.388435800
1,   385.815584232
1,   386.239873319
1,   386.668935636
1,   387.112177987
1,   387.568816128
1,   387.994575684
1,   388.387625135
1,   388.766605034
1,   389.116858279
1,   389.459977913
1,   389.814678917
1,   390.197050621
1,   390.585725073
1,   390.961102429
1,   391.334377640
1,   391.691521702
1,   392.058898972
1,   392.435394887
1,   392.812158835
1,   393.195829872
1,   393.607839697
1,   394.009115727
1,   394.359309705
1,   394.710155527
1,   395.052132966
1,   395.387265283
1,   395.738996736
1,   396.112924027
1,   396.502189560
1,   396.902686296
1,   397.333765180
1,   397.802038812
1,   398.242726640
1,   398.678853196
1,   399.136985074
1,   399.576638355
1,   399.977430422
1,   400.385053708
1,   400.829917920
1,   401.318549885
1,   401.776024701
1,   402.203674856
1,   402.643975386
1,   403.110256201
1,   403.515176226
1,   403.899126679
1,   404.289429430
1,   404.685882615
1,   405.089055160
1,   405.513517714
1,   405.952979290
1,   406.400083163
1,   406.852277776
1,   407.285518653
1,   407.794426803
1,   408.284996976
1,   408.771341209
1,   409.248326501
1,   409.718472003
1,   410.201609397
1,   410.672541915
1,   411.136897287
1,   411.578062724
1,   412.021092386
1,   412.444422721
1,   412.892022249
1,   413.330807217
1,   413.785064440
1,   414.248314226
1,   414.719810482
1,   415.202505986
1,   415.684307753
1,   416.133724434
1,   416.523783926
1,   416.883503001
1,   417.255208990
1,   417.638406333
1,   418.025080622
1,   418.414335679
1,   418.807922589
1,   419.206210250
1,   419.576753177
1,   419.930244714
1,   420.289839832
1,   420.661760522
1,   421.044390093
1,   421.435542043
1,   421.825255999
1,   422.213006400
1,   422.609988633
1,   423.024371952
1,   423.431348049
1,   423.811545593
1,   424.156161044
1,   424.494847746
1,   424.835404765
1,   425.178113299
1,   425.527461201
1,   425.892197796
1,   426.266004730
1,   426.644250638
1,   427.025900610
1,   427.400762854
1,   427.764026819
1,   428.122360492
1,   428.474983700
1,   428.824575733
1,   429.148908657
1,   429.458816741
1,   429.770386687
1,   430.088033926
1,   430.404691023
1,   430.712231046
1,   431.016058765
1,   431.324542221
1,   431.639312764
1,   431.967550557
1,   432.316564773
1,   432.645406309
1,   432.957615541
1,   433.273280982
1,   433.593181743
1,   433.912144516
1,   434.235211461
1,   434.562853398
1,   434.894858806
1,   435.226406969
1,   435.552749730
1,   435.869716320
1,   436.179673113
1,   436.500970828
1,   436.837326801
1,   437.177129239
1,   437.508988402
1,   437.831524232
1,   438.148612873
1,   438.466516652
1,   438.767067777
1,   439.066747351
1,   439.377773215
1,   439.695729297
1,   440.006374741
1,   440.310221310
1,   440.607853684
1,   440.892322620
1,   441.174133594
1,   441.458857315
1,   441.746936064
1,   442.040416740
1,   442.334306584
1,   442.628816630
1,   442.925430875
1,   443.236714600
1,   443.518406324
1,   443.778890782
1,   444.032632732
1,   444.290661975
1,   444.550067229
1,   444.811229659
1,   445.073564054
1,   445.334691880
1,   445.599506653
1,   445.869729091
1,   446.143320008
1,   446.419140381
1,   446.690427350
1,   446.958194171
1,   447.226958371
1,   447.494103936
1,   447.745852915
1,   447.984476303
1,   448.217504509
1,   448.450091810
1,   448.681092646
1,   448.909827511
1,   449.137965666
1,   449.375198597
1,   449.608354692
1,   449.834704875
1,   450.062362362
1,   450.291088364
1,   450.519823727
1,   450.749136196
1,   450.977630754
1,   451.203950071
1,   451.426046930
1,   451.642778710
1,   451.858253875
1,   452.073480320
1,   452.288670895
1,   452.504151498
1,   452.721148789
1,   452.938847922
1,   453.156434940
1,   453.373527144
1,   453.590384688
1,   453.806169344
1,   454.021738594
1,   454.237241953
1,   454.451890820
1,   454.666981744
1,   454.882787095
1,   455.099614810
1,   455.317386860
1,   455.536078572
1,   455.757345694
1,   455.981363354
1,   456.200137946
1,   456.418552454
1,   456.638485287
1,   456.861438552
1,   457.087810397
1,   457.319037686
1,   457.555265822
1,   457.787214360
1,   458.017897914
1,   458.253056904
1,   458.493943715
1,   458.720022605
1,   458.940944735
1,   459.160459897
1,   459.376335173
1,   459.590955742
1,   459.804721224
1,   460.018244327
1,   460.232377825
1,   460.447229424
1,   460.662684387
1,   460.878983510
1,   461.095329226
1,   461.311626112
1,   461.526925613
1,   461.742485983
1,   461.958001787
1,   462.173070704
1,   462.387759669
1,   462.603822210
1,   462.820582788
1,   463.037741016
1,   463.255595775
1,   463.471324339
1,   463.687772849
1,   463.904650745
1,   464.120823509
1,   464.336387400
1,   464.552422302
1,   464.768935340
1,   464.985896907
1,   465.203581973
1,   465.420947963
1,   465.637662340
1,   465.853767816
1,   466.069846380
1,   466.286769229
1,   466.504397977
1,   466.721930427
1,   466.938239372
1,   467.155067855
1,   467.372774449
1,   467.590674800
1,   467.810031685
1,   468.032087739
1,   468.255361984
1,   468.479303746
1,   468.703860962
1,   468.929213024
1,   469.155835453
1,   469.382849401
1,   469.609971363
1,   469.835560191
1,   470.057528864
1,   470.277787891
1,   470.498744328
1,   470.721341073
1,   470.946718483
1,   471.174061405
1,   471.402250337
1,   471.632099886
1,   471.863186379
1,   472.094926812
1,   472.326865969
1,   472.558986937
1,   472.791287190
1,   473.022422015
1,   473.251056648
1,   473.481110163
1,   473.711411558
1,   473.942223384
1,   474.173657734
1,   474.406629413
1,   474.639564789
1,   474.882182126
1,   475.141963139
1,   475.416669159
1,   475.690001056
1,   475.963192130
1,   476.225535325
1,   476.489240810
1,   476.762017952
1,   477.047851284
1,   477.350612761
1,   477.662008077
1,   477.985166301
1,   478.320752471
1,   478.672912215
1,   479.025397381
1,   479.355726358
1,   479.692591138
1,   480.022823724
1,   480.342765885
1,   480.679288671
1,   481.020093505
1,   481.349696650
1,   481.680863409
1,   482.008517351
1,   482.330377300
1,   482.644743138
1,   482.954314192
1,   483.252615925
1,   483.553538405
1,   483.872062295
1,   484.209728407
1,   484.574164744
1,   484.957305184
1,   485.357072870
1,   485.769481190
1,   486.195530438
1,   486.633873067
1,   487.088593415
1,   487.554129511
1,   488.019120959
1,   488.500353307
1,   489.016201786
1,   489.523383553
1,   489.975456808
1,   490.428046306
1,   490.923858839
1,   491.452780113
1,   491.942215703
1,   492.383068791
1,   492.799746040
1,   493.212139630
1,   493.619623632
1,   494.028437677
1,   494.453680030
1,   494.900463434
1,   495.371665420
1,   495.851286632
1,   496.310036786
1,   496.771628778
1,   497.226400625
1,   497.700060405
1,   498.187710699
1,   498.664435487
1,   499.163564671
1,   499.687045231
1,   500.238217562
1,   500.817936673
1,   501.396148295
1,   501.959756985
1,   502.499641832
1,   503.038387282
1,   503.600065172
1,   504.180603730
1,   504.781005743
1,   505.378317620
1,   505.969459382
1,   506.546265751
1,   507.092449187
1,   507.593939978
1,   508.096482532
1,   508.630620740
1,   509.192911677
1,   509.772281017
1,   510.343364257
1,   510.920114973
1,   511.521806424
1,   512.161351569
1,   512.823821923
1,   513.511148492
1,   514.223238834
1,   514.945912074
1,   515.665159932
1,   516.360616317
1,   516.996768283
1,   517.558908462
1,   518.068771188
1,   518.578345549
1,   519.119535413
1,   519.694604330
1,   520.295873940
1,   520.909430100
1,   521.533819485
1,   522.157911962
1,   522.793808680
1,   523.422932940
1,   523.999013502
1,   524.559285625
1,   525.156502319
1,   525.803976792
1,   526.442350644
1,   527.083098369
1,   527.725810769
1,   528.363197886
1,   528.978700613
1,   529.582370653
1,   530.182826538
1,   530.749320206
1,   531.283460482
1,   531.802128275
1,   532.328686358
1,   532.855041032
1,   533.385621539
1,   533.923814108
1,   534.501680490
1,   535.142143978
1,   535.839958740
1,   536.539154856
1,   537.205909202
1,   537.857939557
1,   538.529901234
1,   539.216094477
1,   539.950333070
1,   540.696261797
1,   541.448099594
1,   542.210910998
1,   542.925760639
1,   543.657792532
1,   544.402375323
1,   545.138075674
1,   545.880318609
1,   546.514154076
1,   547.099585072
1,   547.648775183
1,   548.180424951
1,   548.719461512
1,   549.285414609
1,   549.875286464
1,   550.441194838
1,   550.983925521
1,   551.542915861
1,   552.128908621
1,   552.722318239
1,   553.341622050
1,   553.952669546
1,   554.542009494
1,   555.141939961
1,   555.718221017
1,   556.280780883
1,   556.830292352
1,   557.366629253
1,   557.906582712
1,   558.448540604
1,   558.997338928
1,   559.542025186
1,   560.085507739
1,   560.625785251
1,   561.168880047
1,   561.721281971
1,   562.243947145
1,   562.755458308
1,   563.285230607
1,   563.823522079
1,   564.375129289
1,   564.944486934
1,   565.512098066
1,   566.069871148
1,   566.614307682
1,   567.090053966
1,   567.555935593
1,   568.020164165
1,   568.489411679
1,   568.979586044
1,   569.473092395
1,   569.980582486
1,   570.487772222
1,   571.017411263
1,   571.532074756
1,   572.042296423
1,   572.553942276
1,   573.057157072
1,   573.564041215
1,   574.064915535
1,   574.595609753
1,   575.154683231
1,   575.722494186
1,   576.239410952
1,   576.710061399
1,   577.170878934
1,   577.627769615
1,   578.098237169
1,   578.585344985
1,   579.076562389
1,   579.571764522
1,   580.077218575
1,   580.559794857
1,   581.005998345
1,   581.440303184
1,   581.866614686
1,   582.291743749
1,   582.723371335
1,   583.156535544
1,   583.591437172
1,   584.033457255
1,   584.472041011
1,   584.902327235
1,   585.319810237
1,   585.729461482
1,   586.131246047
1,   586.514197812
1,   586.879733425
1,   587.238301052
1,   587.599703359
1,   587.963223584
1,   588.332584421
1,   588.694023337
1,   589.048740161
1,   589.435556246
1,   589.837073838
1,   590.227725511
1,   590.629602210
1,   591.052004441
1,   591.478043535
1,   591.911807855
1,   592.334687133
1,   592.733260092
1,   593.103089786
1,   593.457678132
1,   593.797142852
1,   594.133345237
1,   594.477206317
1,   594.828353185
1,   595.178717615
1,   595.523834044
1,   595.858585259
1,   596.190730881
1,   596.528756686
1,   596.879240399
1,   597.238866009
1,   597.603381669
1,   597.968328818
1,   598.325164783
1,   598.672037521
1,   599.015743850
1,   599.364957063
1,   599.691284927
1,   600.002129684
1,   600.315900320
1,   600.622019496
1,   600.924292597
1,   601.221308189
1,   601.517720381
1,   601.822973363
1,   602.146537511
1,   602.463658190
1,   602.769869130
1,   603.068853730
1,   603.367335293
1,   603.664112173
1,   603.958960496
1,   604.261219041
1,   604.562506185
1,   604.864212350
1,   605.172736468
1,   605.487441250
1,   605.794054154
1,   606.090382996
1,   606.381275809
1,   606.669952055
1,   606.965709546
1,   607.279630510
1,   607.594356988
1,   607.907928659
1,   608.219496411
1,   608.523570538
1,   608.830512083
1,   609.138321586
1,   609.435849337
1,   609.727927610
1,   610.018193532
1,   610.310004953
1,   610.613670688
1,   610.926954725
1,   611.240180083
1,   611.547742654
1,   611.855003950
1,   612.161812301
1,   612.467641732
1,   612.761511744
1,   613.052811181
1,   613.347065609
1,   613.649782047
1,   613.959127903
1,   614.270929195
1,   614.572389114
1,   614.864599873
1,   615.155933107
1,   615.446509852
1,   615.735894986
1,   616.024559069
1,   616.312948375
1,   616.598639629
1,   616.885963576
1,   617.173832416
1,   617.460980506
1,   617.747007981
1,   618.032330392
1,   618.318109163
1,   618.606215282
1,   618.894767905
1,   619.185704356
1,   619.481246497
1,   619.788257386
1,   620.112610534
1,   620.447477055
1,   620.790181176
1,   621.146876111
1,   621.519904644
1,   621.906679784
1,   622.297439980
1,   622.679260749
1,   623.049484346
1,   623.404741115
1,   623.756666833
1,   624.108357872
1,   624.450471871
1,   624.776270712
1,   625.101965647
1,   625.424630684
1,   625.758349276
1,   626.104577395
1,   626.448784092
1,   626.787721700
1,   627.113277031
1,   627.422728767
1,   627.728926129
1,   628.032688384
1,   628.336270453
1,   628.653657312
1,   628.988226418
1,   629.337386022
1,   629.701930041
1,   630.078985151
1,   630.480822076
1,   630.902835007
1,   631.318678137
1,   631.722105376
1,   632.122460626
1,   632.536655896
1,   632.955477676
1,   633.382842667
1,   633.826180395
1,   634.260497412
1,   634.672252112
1,   635.081209468
1,   635.503868626
1,   635.928495562
1,   636.351950048
1,   636.783287518
1,   637.217184046
1,   637.625947084
1,   638.044078721
1,   638.493413303
1,   638.966240369
1,   639.471863214
1,   640.005599108
1,   640.520228331
1,   640.982947331
1,   641.427230835
1,   641.866964761
1,   642.299411173
1,   642.733893718
1,   643.182560617
1,   643.630001291
1,   644.081370972
1,   644.560328532
1,   645.038424538
1,   645.523687423
1,   646.035953492
1,   646.522815975
1,   646.968118314
1,   647.425855365
1,   647.900017613
1,   648.389892137
1,   648.880095934
1,   649.374033827
1,   649.828696663
1,   650.284367334
1,   650.750087345
1,   651.203046932
1,   651.636306079
1,   652.077134848
1,   652.535241342
1,   653.005334140
1,   653.475238562
1,   653.944703334
1,   654.402970149
1,   654.833602529
1,   655.283208661
1,   655.757270180
1,   656.262835357
1,   656.819454292
1,   657.350744419
1,   657.850832037
1,   658.355310705
1,   658.877009053
1,   659.401476076
1,   659.947110656
1,   660.516912553
1,   661.115573159
1,   661.752968340
1,   662.443317828
1,   663.156222991
1,   663.887929853
1,   664.559336415
1,   665.146674490
1,   665.733834550
1,   666.324864154
1,   666.917675104
1,   667.515800563
1,   668.109014743
1,   668.707053691
1,   669.326646282
1,   669.932731974
1,   670.529124501
1,   671.135739785
1,   671.736620145
1,   672.311010846
1,   672.887141654
1,   673.484541323
1,   674.110452620
1,   674.767751149
1,   675.450450765
1,   676.087299119
1,   676.737293455
1,   677.438989743
1,   678.177440501
1,   678.939017251
1,   679.689889513
1,   680.407499005
1,   681.092841755
1,   681.692623366
1,   682.277342157
1,   682.883459884
1,   683.537990452
1,   684.237562319
1,   684.930068036
1,   685.623441092
1,   686.321215046
1,   686.949743145
1,   687.565443883
1,   688.166293933
1,   688.762510412
1,   689.371669886
1,   690.008098836
1,   690.666990513
1,   691.369571797
1,   692.136161183
1,   692.965633852
1,   693.801886590
1,   694.530154410
1,   695.222898442
1,   695.930066935
1,   696.660891514
1,   697.380817620
1,   698.071640931
1,   698.793154439
1,   699.522050411
1,   700.265678531
1,   701.013762647
1,   701.774431625
1,   702.548204152
1,   703.335947320
1,   704.127795026
1,   704.906544692
1,   705.695295980
1,   706.510378193
1,   707.259989246
1,   707.833464779
1,   708.360497175
1,   708.893041274
1,   709.449814134
1,   710.051537657
1,   710.694731790
1,   711.314814510
1,   711.916180938
1,   712.524638852
1,   713.146290073
1,   713.778810473
1,   714.439700354
1,   715.123087696
1,   715.779311494
1,   716.426173425
1,   717.098395467
1,   717.820542463
1,   718.507702877
1,   719.165879993
1,   719.858162373
1,   720.593871190
1,   721.358789863
1,   722.149524029
1,   722.926503559
1,   723.683052299
1,   724.433980028
1,   725.221727447
1,   726.033927166
1,   726.797410435
1,   727.540229372
1,   728.224904869
1,   728.846719377
1,   729.477324736
1,   730.115104897
1,   730.750479331
1,   731.387590811
1,   732.039951979
1,   732.738281726
1,   733.472554208
1,   734.225776957
1,   735.003519190
1,   735.757440477
1,   736.446503840
1,   737.095404981
1,   737.726654425
1,   738.362869193
1,   738.989700747
1,   739.583078348
1,   740.181491801
1,   740.775265382
1,   741.356637106
1,   741.905388060
1,   742.437724190
1,   742.982281279
1,   743.532461248
1,   744.077202588
1,   744.627674449
1,   745.208895475
1,   745.815395287
1,   746.427960161
1,   747.043590245
1,   747.638947225
1,   748.244632054
1,   748.850924434
1,   749.446240196
1,   750.068757094
1,   750.712695070
1,   751.407983641
1,   752.081922192
1,   752.745825215
1,   753.397887531
1,   754.024204662
1,   754.638578118
1,   755.255990983
1,   755.881821221
1,   756.469347377
1,   757.040619804
1,   757.609728574
1,   758.188274750
1,   758.767292122
1,   759.345881875
1,   759.933968811
1,   760.527029686
1,   761.108733545
1,   761.688317509
1,   762.259347596
1,   762.796958666
1,   763.328417220
1,   763.849607209
1,   764.367137855
1,   764.882030098
1,   765.400487650
1,   765.931956688
1,   766.458919581
1,   766.969930673
1,   767.471528324
1,   767.972414226
1,   768.466832689
1,   768.965953172
1,   769.461098175
1,   769.952480285
1,   770.439135315
1,   770.904698904
1,   771.361128989
1,   771.808085943
1,   772.242007467
1,   772.676657606
1,   773.106380297
1,   773.542934696
1,   773.982864350
1,   774.422979179
1,   774.862904039
1,   775.262596498
1,   775.653357518
1,   776.036957929
1,   776.430305272
1,   776.852079264
1,   777.269894766
1,   777.687562249
1,   778.123870092
1,   778.565204889
1,   779.002611973
1,   779.439976310
1,   779.881004301
1,   780.327062760
1,   780.779307226
1,   781.241761843
1,   781.706736883
1,   782.193566291
1,   782.645421143
1,   783.087685489
1,   783.530217226
1,   783.950871629
1,   784.337735105
1,   784.713001039
1,   785.079133725
1,   785.438797056
1,   785.794307355
1,   786.144291605
1,   786.489247758
1,   786.832571520
1,   787.177175484
1,   787.524728083
1,   787.887580763
1,   788.262503482
1,   788.650333716
1,   789.050072271
1,   789.454106873
1,   789.846587018
1,   790.231346765
1,   790.610132165
1,   790.997588780
1,   791.394109182
1,   791.795233254
1,   792.195843841
1,   792.581780340
1,   792.948147699
1,   793.299600788
1,   793.659221358
1,   794.045521804
1,   794.447701614
1,   794.859100113
1,   795.272083820
1,   795.670582328
1,   796.053477711
1,   796.417616022
1,   796.773182946
