1,     6.490103854
1,     5.556631345
1,     9.221073301
1,     9.396218776
1,     9.558818506
1,     9.217932944
1,     6.990291436
1,     8.522049793
1,     6.394266804
1,     4.658531164
1,     2.341041947
1,     5.930967856
1,     6.750026658
1,     4.464821721
1,     5.541381718
1,     5.165694051
1,     3.629465957
1,     2.411025429
1,     1.137947938
1,     0.782210232
1,     1.388217156
1,     3.835579520
1,     8.610328784
1,     5.016445308
1,     6.470846869
1,     7.991652617
1,     6.968326615
1,     6.733134725
1,     5.309118561
1,     5.988011722
1,     5.026766267
1,     7.539532595
1,     6.588981690
1,     6.236223951
1,     2.784814726
1,     5.657625344
1,     5.259659686
1,     6.213248885
1,     5.377656747
1,     6.604500343
1,     5.501097268
1,     7.168372593
1,     7.961505243
1,     7.884348201
1,     7.893393436
1,     7.709127538
1,     3.040564375
1,     3.424120213
1,     6.784194436
1,     5.670049883
1,     6.830148853
1,     7.170839380
1,     9.279280929
1,     8.632562655
1,     7.911776668
1,     2.086321132
1,     8.198418556
1,     7.710545534
1,     6.686068403
1,     8.992152208
1,     8.663403499
1,     7.156519241
1,     7.103512643
1,     6.240075598
1,     7.051722266
1,     7.519694137
1,     7.601303248
1,     8.166582645
1,     8.019323836
1,     7.724483115
1,     7.107272969
1,     6.959291129
1,     6.679558885
1,     6.315708676
1,     5.608790396
1,     5.301845086
1,     2.983512920
1,     2.688485499
1,     6.386875666
1,     6.668373275
1,     6.359295692
1,     6.354053106
1,     5.189829059
1,     4.757302641
1,     2.215624235
1,     6.601639527
1,     3.985078642
1,     6.029899613
1,     5.446155330
1,     7.200930900
1,     7.127649520
1,     7.066740417
1,     6.337640507
1,     6.064742306
1,     6.964256329
1,     6.925119622
1,     6.637481788
1,     6.446684687
1,     5.916957341
1,     0.594370345
1,     5.814627977
1,     5.972455898
1,     4.361960124
1,     1.184930608
1,     4.517684405
1,     3.258113385
1,     2.795918228
1,     4.258114980
1,     5.949443927
1,     5.263850127
1,     4.572999077
1,     4.651193776
1,     4.832103721
1,     5.424418373
1,     4.732646154
1,     5.600760120
1,     6.001002546
1,     5.761720041
1,     4.671550556
1,     5.615671171
1,     5.320712456
1,     5.160257473
1,     4.931374071
1,     4.971326719
1,     3.974866124
1,     4.931812480
1,     4.622718041
1,     4.209301877
1,     3.077866168
1,     5.103414504
1,     4.445235210
1,     4.302258737
1,     0.674120999
1,     1.388520661
1,     2.163173317
1,     0.976823982
1,     1.683844651
1,     2.090438075
1,     2.032005766
1,     0.627093215
1,     0.782200454
1,     1.125355031
1,     3.658355747
1,     4.183145440
1,     4.708977660
1,     4.433857264
1,     4.434616173
1,     3.334481093
1,     3.416523111
1,     4.421658537
1,     4.389824529
1,     4.300708110
1,     4.351121881
1,     4.425554222
1,     4.361490338
1,     4.130013405
1,     3.162494419
1,    -0.368311800
1,     2.581044822
1,     1.561132926
1,     1.529835829
1,     1.357775231
1,     0.744140598
1,     0.898031293
1,     1.543797507
1,     1.245224036
1,     1.461725627
1,     2.669145117
1,     3.284250040
1,     4.389452500
1,     3.800164195
1,     2.473356121
1,     2.312411274
1,     3.138596090
1,     4.676575820
1,     3.835496650
1,     4.274959574
1,     2.749234149
1,     3.950293216
1,     3.826853943
1,     3.976545476
1,     3.709924982
1,     2.277871308
1,     3.502268573
1,     1.041906428
1,     0.337652104
1,     1.261143889
1,     2.760952883
1,     2.569520400
1,     3.377211442
1,     4.551514764
1,     4.434892721
1,     4.377094067
1,     4.482175837
1,     2.339997311
1,     4.509270103
1,     2.246539176
1,     1.917239498
1,     3.245049463
1,     4.426292034
1,     3.857868367
1,     4.871642784
1,     3.918048636
1,     4.204291189
1,     4.198233187
1,     4.251623701
1,     4.059367992
1,     4.973112933
1,     4.658366782
1,     2.555011273
1,     3.955496923
1,     5.070741950
1,     4.101018169
1,     3.848819514
1,     1.793856418
1,     4.112310568
1,     5.010662882
1,     1.674774149
1,     3.044281228
1,     5.724526219
1,     5.626207588
1,     5.577856339
1,     4.533836027
1,     1.620939249
1,     1.907213204
1,     4.894708079
1,     5.493823304
1,     5.847982682
1,     5.713191295
1,     5.592838789
1,     4.361441592
1,     5.606936669
1,     5.524250948
1,     5.953307711
1,     6.100145191
1,     6.130929749
1,     6.184518845
1,     6.377803400
1,     6.449005326
1,     6.095978953
1,     1.150854893
1,     3.197735469
1,     5.183483074
1,     6.399613945
1,     6.775249847
1,     2.903930269
1,     3.921339076
1,     6.780052535
1,     4.124194515
1,     2.664732398
1,     6.381324523
1,     2.974133754
1,     6.115310475
1,     6.591291182
1,     7.445341999
1,     7.566952331
1,     7.710326052
1,     7.849975035
1,     1.774351518
1,     4.697372520
1,     1.204232553
1,     3.945501493
1,     8.081000194
1,     7.571086119
1,     7.818443205
1,     5.618599996
1,     7.747822942
1,     7.954964877
1,     8.584024054
1,     7.366785963
1,     4.924417056
1,     6.901757668
1,     8.428474091
1,     8.616990869
1,     8.914011431
1,     8.601598891
1,     5.836213044
1,     7.114406451
1,     8.878335265
1,     3.441481525
1,     7.378771520
1,     8.391608518
1,     5.627940383
1,     8.380387707
1,     9.100433513
1,     4.743796876
1,     4.696611401
1,     5.002829639
1,     7.824340217
1,     9.100026613
1,     9.543766862
1,     9.605415895
1,     9.885108559
1,     9.867358561
1,     8.745098723
1,     4.534951763
1,     7.354624567
1,     9.647669973
1,     9.147799402
1,    10.375756409
1,    10.167621694
1,    10.629213327
1,     9.129551874
1,    10.905781591
1,    10.836279308
1,     6.996899961
1,    10.414168550
1,     7.415085881
1,    10.940585482
1,    11.166255563
1,     9.965306070
1,     8.677419026
1,     8.091288229
1,     7.365881008
1,     9.664255456
1,     8.302335387
1,    10.609466243
1,    10.880120302
1,    10.072540188
1,    10.443509056
1,     8.917975133
1,     6.925782449
1,     4.223401873
1,     3.124642454
1,    10.203423031
1,     9.544431309
1,     8.433882933
1,     5.849865337
1,     3.434213640
1,     5.397880269
1,     7.591320665
1,     8.304860204
1,     7.748742738
1,     8.306832224
1,    10.940641507
1,    10.752671586
1,     6.865472885
1,    11.003742775
1,     2.718075856
1,     6.832496891
1,    11.749684537
1,    11.379689795
1,     4.922377114
1,     8.537518610
1,    12.524395605
1,    12.574115482
1,    12.550635798
1,    11.468146868
1,     8.363049529
1,     4.390654094
1,     3.178884578
1,     3.117117072
1,     8.852710788
1,     7.284741783
1,     4.668599677
1,     2.763701440
1,     7.771373632
1,     7.937011281
1,     7.760166281
1,     7.695996211
1,     6.960406851
1,     6.383405294
1,     4.609201057
1,     4.210256455
1,     2.957734129
1,     6.444116323
1,    11.146429007
1,    11.332233094
1,    11.034512274
1,     9.530267837
1,     7.125140566
1,     2.674622022
1,     5.681033013
1,     8.197866749
1,     5.927408812
1,     6.499208313
1,     5.496685222
1,     3.356966326
1,     2.699383657
1,     2.305181197
1,     1.920110207
1,    -0.109077135
1,    -1.234155925
1,     1.368761555
1,     0.119982509
1,    -0.577465026
1,     1.023234054
1,     1.891145391
1,     0.635448310
1,    -0.985523778
1,    -2.318589023
1,     1.032639904
1,     2.176230718
1,     0.842086567
1,    -0.856435869
1,     5.032036628
1,     3.460450694
1,     2.912211742
1,     2.462797289
1,     2.251280711
1,     0.732554622
1,    -0.218492573
1,     0.198907324
1,     0.548904692
1,     2.371715222
1,     7.196347864
1,     7.132917473
1,     6.007074085
1,     4.360877548
1,     5.170057200
1,     3.497794787
1,     3.840275775
1,     5.684990975
1,     6.485151895
1,     4.732560426
1,     4.594122498
1,     0.874811045
1,     3.817847397
1,     7.999533501
1,     9.247710870
1,     8.099995818
1,     7.470905293
1,     5.743302173
1,     3.987166759
1,     5.978097963
1,     9.860910546
1,    10.014321798
1,     7.948348770
1,     8.473735672
1,     7.290360921
1,     7.272683353
1,     6.908448485
1,     6.430246486
1,     5.780082991
1,     7.082288985
1,     8.460334291
1,     7.027644720
1,     5.965469006
1,     7.045462066
1,     5.494102433
1,     5.227356559
1,     4.349511206
1,     4.620990191
1,     4.467101989
1,     8.401316551
1,     7.632619759
1,     7.295946092
1,     7.283789040
1,     6.363095298
1,     6.198588347
1,     5.088050529
1,     4.656943249
1,     6.609852830
1,     6.932340188
1,     5.734620588
1,     4.838423052
1,     1.456580467
1,     7.066309286
1,     6.450861253
1,     7.941612865
1,     7.654355376
1,     6.997765344
1,     2.785114493
1,     7.156194809
1,     6.680459759
1,     6.090885839
1,     5.343631758
1,     0.977212197
1,     4.737705406
1,     2.385457513
1,     7.298188573
1,     7.299162735
1,     7.264931170
1,     6.757928257
1,     7.002902417
1,     6.832842224
1,     5.652037779
1,     6.363303006
1,     5.300174155
1,     5.212896894
1,     6.152686014
1,     3.444665755
1,     3.177710017
1,     6.250679275
1,     6.522272718
1,     4.861364895
1,     6.286016019
1,     6.338054367
1,     6.280925949
1,     6.083746564
1,     5.734749666
1,     5.164254071
1,     5.114928612
1,     2.763303253
1,     5.543209909
1,     4.556648684
1,     3.231132874
1,     4.950758845
1,     3.845492125
1,     3.329766301
1,     3.311595360
1,     4.011389077
1,     1.407263149
1,     2.293920495
1,     0.848497029
1,     2.365366920
1,     4.453838486
1,     5.191680053
1,     2.997574163
1,     5.167204812
1,     5.113336726
1,     5.105254374
1,     4.561142514
1,     4.923387617
1,     5.326175596
1,     5.103165898
1,     0.955287196
1,     2.215669295
1,     2.976551209
1,     2.405952143
1,     1.334073865
1,     4.014968472
1,     1.947835745
1,     4.367687668
1,     4.880744757
1,     4.633857718
1,     4.317125193
1,     4.239772342
1,     3.303312709
1,     1.353834559
1,     1.876914963
1,     2.208988875
1,     4.771418500
1,     4.803925033
1,     4.895092469
1,     4.666575258
1,     1.562852814
1,     1.318496099
1,     3.540850488
1,     3.976804875
1,     4.124540772
1,     3.757320309
1,     0.402667676
1,     2.235349612
1,     1.307859159
1,     2.271479367
1,     3.574410139
1,     3.803827398
1,     3.527468985
1,     4.609854284
1,     2.695388536
1,     2.876168682
1,     4.274571849
1,     2.975510396
1,     4.962567326
1,     4.591905824
1,     0.763410488
1,     2.084375273
1,     4.104486985
1,     4.876574254
1,     4.828589179
1,     2.229189771
1,     5.227455898
1,     5.361049836
1,     5.350224945
1,     4.170340184
1,     3.420054879
1,     2.827347767
1,     0.622266141
1,     1.501598300
1,     1.279742930
1,     2.910919656
1,     3.286936391
1,     3.835281199
1,     2.018530451
1,     3.410492124
1,     4.742880425
1,     5.354929983
1,     5.806815441
1,     6.019727575
1,     5.373262065
1,     1.047984843
1,     2.990993325
1,     3.594447570
1,     3.573134355
1,     4.264137656
1,     5.699733543
1,     6.147426697
1,     2.724331819
1,    -0.302870128
1,     2.757954292
1,     6.083993222
1,     6.010389221
1,     3.640185081
1,     3.855121063
1,     4.835873729
1,     6.229226813
1,     4.476218037
1,     1.777360125
1,     3.189707145
1,     0.390948278
1,     2.448777796
1,     4.473952263
1,     4.410926480
1,     4.791357190
1,     6.831138467
1,     2.425527922
1,     3.620151990
1,     5.925559732
1,     6.649021198
1,     6.101450895
1,     8.083631148
1,     6.516628384
1,     2.330931632
1,     8.011379800
1,     8.172162680
1,     7.128148133
1,     6.611421059
1,     5.810285752
1,     4.047831891
1,     5.390395104
1,     2.202862303
1,     3.394980430
1,     3.419448407
1,     3.073114244
1,     4.582920929
1,     4.993235666
1,     9.162601553
1,     6.650644890
1,     7.070046837
1,     3.425350158
1,     5.550334126
1,     5.526508224
1,     7.613085597
1,     3.225364527
1,     9.285307326
1,     6.084990688
1,     9.800080998
1,     2.434363876
1,     3.092374950
1,     7.397093720
1,     4.083147271
1,     5.234482760
1,     7.405976975
1,     9.433370531
1,     3.990784977
1,     9.482927786
1,     5.119677267
1,    10.002394296
1,     8.871118971
1,     8.715815886
1,    10.111010933
1,     5.174242169
1,    10.793147498
1,    10.641439329
1,     9.662545074
1,     4.196413647
1,     8.364497511
1,     9.144680615
1,     8.766134979
1,     7.159705068
1,    10.878867726
1,     3.145569172
1,     6.959513411
1,    11.278320294
1,     6.504225629
1,     4.757729445
1,     9.444398902
1,     2.486386813
1,     6.605473377
1,     7.878277545
1,    12.053961171
1,    12.075211809
1,    10.741987967
1,     8.467656156
1,    10.959830452
1,     9.984594597
1,    11.222432469
1,    11.373026130
1,    11.333760378
1,    11.426408438
1,    11.706785437
1,    10.955869461
1,     9.509763577
1,     5.694606409
1,    12.728030485
1,    10.832139547
1,     9.092357667
1,     4.473371135
1,     3.476137554
1,     3.689727762
1,     8.224822316
1,    11.931965371
1,     9.945113523
1,    11.870599875
1,    12.377891804
1,    12.087328063
1,    10.694637034
1,     7.320505940
1,     2.721308274
1,     7.320258362
1,     3.295014166
1,     9.815585733
1,    11.697455799
1,    12.540989036
1,    10.947290628
1,    10.371938869
1,    10.196997617
1,     9.411036899
1,    11.232401075
1,     9.732573264
1,    12.345497369
1,    11.659528318
1,     8.958272257
1,     8.009197921
1,     6.296634342
1,     5.762185279
1,     7.352837343
1,    -0.709435078
1,     7.466691835
1,     1.345361014
1,    12.221869308
1,    11.500337949
1,    10.451550654
1,    11.034307810
1,    12.160127104
1,    11.607516702
1,    10.426068653
1,     8.298283950
1,     5.491070725
1,     7.195709240
1,     6.652589917
1,     5.867470585
1,     4.692394364
1,     7.869295888
1,     1.958210446
1,     3.130752652
1,     9.063325051
1,    12.684952462
1,    11.597975686
1,    11.584131126
1,    10.999412129
1,     5.442160696
1,     9.773102305
1,    10.654931775
1,     8.158125468
1,    10.396324714
1,    12.616837497
1,    11.760486084
1,     7.016703323
1,     5.093665588
1,    10.566864070
1,     9.628256004
1,     9.603946867
1,     9.973368784
1,     9.279664571
1,     8.586445008
1,     9.285587191
1,     9.361664044
1,     7.076158498
1,     8.906922837
1,    10.250147974
1,     6.742062867
1,     9.012190161
1,     7.674296795
1,     5.371202923
1,     1.009775572
1,    -0.291059248
1,     1.580103404
1,     1.545578102
1,     5.581802530
1,     0.567438037
1,     4.806718901
1,     2.865699148
1,     2.182688593
1,    -0.304634187
1,     0.961087518
1,     3.301429964
1,     0.818351839
1,    -0.493888521
1,    -0.090021434
1,     0.197619210
1,     3.853362820
1,     4.831161727
1,     4.954901118
1,     6.775066600
1,     6.016044998
1,     4.240362880
1,     2.672355536
1,     5.619015744
1,     3.947747331
1,     2.690680578
1,     1.175819258
1,     2.495174065
1,     0.048536067
1,     2.557227421
1,     1.802890370
1,     1.797354333
1,     2.155048302
1,     2.715566472
1,     4.265905271
1,     2.491881403
1,     2.639443648
1,     2.799278146
1,     2.257201258
1,     1.995880250
1,     2.591939994
1,     2.555390763
1,     2.234479811
1,     1.541762452
1,     3.627096908
1,     3.088112344
1,     1.581408945
1,     1.870588595
1,     0.965076616
1,     0.134566480
1,     0.786018821
1,     1.931504342
1,     2.099508786
1,     4.986042342
1,     5.163669070
1,     5.156652576
1,     2.966210968
1,     2.503498312
1,     2.821591541
1,     6.258553179
1,     3.021512895
1,     5.880390515
1,     6.217137436
1,     5.893490083
1,     5.199319152
1,     3.037465017
1,     5.391107877
1,     5.041314782
1,     2.080551256
1,     1.315538833
1,     2.019945173
1,     6.043979077
1,     6.672584962
1,     5.703099960
1,     5.722403223
1,     4.574368335
1,     3.504365890
1,     3.145419672
1,     3.353929057
1,     3.077224887
1,     5.565950818
1,     5.574338180
1,     5.388181255
1,     4.371474894
1,     5.153717117
1,     4.595506412
1,     4.369937136
1,     4.134332893
1,     3.446848871
1,     2.853494211
1,     3.777249173
1,     3.687630602
1,     4.317990938
1,     4.542589458
1,     4.661557770
1,     4.824900685
1,     3.668125433
1,     4.707590463
1,     4.461844739
1,     4.110677147
1,     3.040127592
1,     3.832244227
1,     0.464794094
1,     5.471425468
1,     3.595962146
1,     5.163337137
1,     4.540110882
1,     3.516116617
1,     0.202093439
1,     0.631649616
1,     3.561408539
1,     4.551101004
1,     1.974544739
1,     4.245647041
1,     3.962882758
1,     3.319845649
1,     4.898103065
1,     0.717041111
1,     1.941459041
1,     3.851943508
1,     4.984865490
1,     4.702108603
1,     4.430341125
1,     2.367311775
1,     0.470149665
1,     2.660979226
1,     3.578871609
1,     2.644547727
1,     1.202539404
1,     1.729028171
1,     1.143667805
1,     3.082109800
1,     4.718373376
1,     0.657462274
1,     1.396262841
1,     1.578927235
1,     2.643917760
1,     4.714247063
1,     3.897439736
1,     1.009399471
1,     1.018439716
1,     2.125863175
1,     4.516032090
1,     4.463873295
1,     1.834130339
1,     2.592089798
1,     4.472789501
1,     2.102614824
1,     3.853524941
1,     3.530431600
1,     1.461559421
1,     2.971591961
1,     4.186742656
1,     2.160402014
1,     3.755304683
1,     2.573431980
1,     1.528869658
1,     2.345110061
1,     3.080792221
1,     3.866448540
1,     4.957826306
1,     4.715137588
1,     2.154267367
1,     4.481557742
1,     5.065692948
1,     5.186269468
1,     5.283645178
1,     5.273349813
1,     2.369822527
1,     0.369824072
1,     1.305885369
1,     2.984036554
1,     3.764789431
1,     1.882677346
1,     2.523177565
1,     2.980063662
1,     5.494273095
1,     4.306242591
1,     3.568671531
1,     1.624593080
1,     2.664616242
1,     3.877488014
1,     2.763215088
1,     4.241494419
1,     3.917097125
1,     3.786982821
1,     2.245725810
1,     3.959647359
1,     5.032663505
1,     1.949044712
1,     2.170042549
1,     5.946967212
1,     5.129954995
1,     5.240319207
1,     4.757054139
1,     3.225990697
1,     4.969168824
1,     3.340219774
1,     6.444536743
1,     6.345266004
1,     7.193430685
1,     7.144415236
1,     6.876273307
1,     6.960581342
1,     7.302437510
1,     2.313424375
1,     0.806195441
1,     4.412104962
1,     6.541498582
1,     6.630327609
1,     2.870050967
1,     3.062084135
1,     5.288232737
1,     3.534896851
1,     4.491240323
1,     2.011980663
1,     4.542591352
1,     4.066873818
1,     1.432533883
1,     4.677774417
1,     3.944896827
1,     3.627614461
1,     4.810067593
1,     6.233839711
1,     8.759430358
1,     7.612381764
1,     8.975593039
1,     9.094135579
1,     8.721867246
1,     7.839701851
1,     6.700690417
1,     7.761821708
1,     7.910939869
1,     8.994471653
1,     1.729949029
1,     6.848581801
1,     3.909009173
1,     7.707217501
1,     1.815185288
1,     8.830778830
1,     8.032488066
1,     9.930741416
1,     7.802639721
1,    10.248643620
1,     5.867094491
1,     6.990770318
1,    10.415397649
1,     9.475124302
1,     9.672625236
1,     8.859663682
1,     7.574141504
1,     7.475004581
1,     8.667091878
1,    10.384965904
1,     7.947981834
1,     6.105819587
1,     9.895262670
1,     9.482841443
1,     5.374289743
1,     4.854499007
1,    10.266047921
1,     3.246163127
1,     9.862064718
1,    10.114987194
1,     1.222755953
1,    11.009219632
1,    11.134456545
1,    11.828383388
1,     9.558667954
1,     4.027546911
1,     7.616370522
1,     9.943260342
1,     8.071840735
1,     3.704576246
1,     6.602627788
1,     7.601571945
1,     7.988927085
1,    10.277054911
1,    10.264821846
1,     1.500085655
1,     8.785256120
1,     6.405332534
1,     3.588636628
1,    11.279338705
1,    12.496495367
1,    11.903861502
1,     8.856959872
1,     1.279478738
1,    10.104532612
1,    10.599625446
1,    12.413337922
1,    12.471133134
1,    12.207614796
1,    11.712089488
1,    11.110195464
1,     9.358476021
1,     8.226138012
1,     9.898154460
1,     5.901215852
1,     2.668121680
1,    12.264525733
1,    11.460873762
1,    10.418055792
1,     8.691085970
1,     8.732923721
1,     6.143288955
1,     8.945069777
1,     9.599489115
1,     1.168775431
1,     8.111078789
1,     8.213265190
1,     5.859234071
1,     7.248610041
1,    13.060365841
1,    12.601281292
1,    11.695422775
1,    10.811160630
1,     9.994770584
1,    13.050218860
1,    11.963064586
1,    10.575214113
1,     9.205413215
1,     6.814287162
1,    11.499959094
1,    11.944254743
1,    11.636675056
1,    11.295684624
1,    11.790702784
1,    11.633470580
1,    10.258088823
1,     5.950515655
1,     8.921903768
1,     8.541904244
1,     2.344483896
1,     3.330356061
1,    12.597610062
1,    13.097671735
1,    10.907961490
1,     9.787247311
1,     8.595215038
1,     7.032840425
1,     6.843385062
1,     5.149796089
1,     2.320802319
1,     3.990756363
1,     2.340279841
1,    10.391829204
1,     8.074967970
1,     8.002683398
1,     2.172871157
1,     9.224772396
1,     9.388903988
1,     8.700445888
1,     8.617707195
1,     8.001406275
1,    10.518981345
1,     7.947482487
1,     8.628693390
1,     5.338022915
1,     9.705151029
1,     8.923455418
1,     6.361408466
1,     0.148606042
1,     2.148191537
1,     1.636540384
1,     6.564062961
1,     9.819131475
1,     9.700874762
1,     4.609143136
1,     8.164401808
1,     9.817843030
1,     9.936672815
1,    10.277479340
1,    10.086319731
1,     9.974636190
1,     4.594924417
1,    11.227171958
1,     9.855209836
1,     8.690306408
1,     5.746195023
1,     2.548356499
1,     6.219881603
1,     8.603516385
1,     8.349803217
1,     6.103549728
1,     7.155424048
1,     8.195614954
1,     7.688979990
1,     7.818278728
1,     5.252435209
1,     4.946885287
1,     6.788026547
1,     7.031545838
1,     1.663673455
1,    10.354512762
1,     9.962327515
1,     9.674913329
1,     9.597921466
1,     9.003664032
1,     7.899737244
1,     5.449629985
1,     4.499587890
1,     4.310557769
1,     3.463264026
1,     0.935445068
1,     8.350004108
1,     9.459676623
1,     7.855509020
1,     8.161291351
1,     4.937954132
1,     6.116958180
1,     8.125196994
1,     8.991879850
1,     9.002481649
1,     7.994283385
1,     8.294407761
1,     7.784201998
1,     6.684524909
1,     6.611518287
1,     7.179044520
1,     5.164901771
1,     5.077267984
1,     1.632809725
1,     7.524630841
1,     7.742841685
1,     7.043850640
1,     6.177763695
1,     5.297086452
1,     4.851309704
1,     3.483796852
1,     5.950072475
1,     6.564811860
1,     5.799890675
1,     2.230701629
1,     2.130056520
1,     5.240535297
1,     3.829966109
1,     6.769382141
1,     7.030325260
1,     6.908832157
1,     6.621704874
1,     6.237356956
1,     5.520369596
1,     5.426923735
1,     4.074607041
1,     4.815613716
1,     5.379111240
1,     4.715632061
1,     4.056968582
1,     5.326710857
1,     5.005773151
1,     5.097595819
1,     5.128367773
1,     4.919351375
1,     0.000000000
1,     0.000000000
1,     0.000000000
1,     0.000000000
1,     0.000000000
1,     0.000000000
1,     0.000000000
1,     0.000000000
1,     0.000000000
1,     0.000000000
1,     0.000000000
1,     0.000000000
1,     0.000000000
1,     0.000000000
1,     0.000000000
1,     0.000000000
1,     0.000000000
1,     0.000000000
1,     0.000000000
1,     0.000000000
1,     0.000000000
1,     0.000000000
1,     0.000000000
1,     0.000000000
1,     0.000000000
1,     0.000000000
1,     0.000000000
1,     0.000000000
1,     0.000000000
1,     0.000000000
1,     0.000000000
1,     0.000000000
1,     0.000000000
1,     0.000000000
1,     0.000000000
1,     0.000000000
1,     0.000000000
1,    -0.783250686
1,     0.000000000
1,     0.000000000
1,     0.000000000
1,     0.000000000
1,     0.000000000
1,     0.000000000
1,     0.000000000
1,     0.000000000
1,     0.000000000
1,     0.000000000
1,     0.000000000
1,     0.000000000
1,     0.000000000
1,     0.000000000
1,     0.000000000
1,     0.000000000
1,     0.000000000
1,     0.000000000
1,     0.000000000
1,     0.000000000
1,     0.000000000
1,     0.000000000
1,     0.000000000
1,     0.000000000
1,     0.000000000
1,     0.000000000
1,     0.000000000
1,     0.000000000
1,     0.000000000
1,     0.000000000
1,     0.000000000
1,     0.000000000
1,     0.000000000
1,     0.000000000
1,     0.000000000
1,     0.000000000
1,     0.000000000
1,     0.000000000
1,     0.000000000
