1,     0.844210505
1,     0.834740912
1,     0.827276483
1,     0.700192890
1,     0.578139875
1,     0.483773762
1,     0.425193859
1,     0.389982096
1,     0.359958884
1,     0.332775269
1,     0.304351725
1,     0.279700432
1,     0.257243527
1,     0.242271480
1,     0.239513350
1,     0.258994131
1,     0.243703958
1,     0.227236918
1,     0.212572474
1,     0.214941135
1,     0.247590884
1,     1.167183775
1,     1.234252824
1,     1.325223029
1,     1.384265602
1,     1.198610755
1,     0.998864804
1,     0.818717353
1,     0.671273721
1,     0.560246950
1,     0.740843991
1,     0.832224405
1,     0.790585747
1,     1.159788823
1,     1.636909149
1,     1.920484516
1,     1.923107832
1,     1.926721377
1,     1.930076351
1,     1.933564629
1,     1.936663367
1,     1.939143916
1,     1.940959036
1,     1.900484847
1,     1.733765777
1,     1.790656792
1,     1.944103133
1,     1.951681453
1,     1.960477204
1,     1.966035277
1,     1.969645038
1,     1.972216089
1,     1.974518659
1,     1.976057083
1,     1.969470543
1,     1.977838388
1,     1.978603130
1,     1.979120208
1,     1.938221988
1,     1.842524482
1,     1.712441240
1,     1.600287562
1,     1.513914431
1,     1.427571348
1,     1.330021290
1,     1.201863646
1,     1.078692648
1,     0.969436771
1,     0.871406386
1,     0.786318695
1,     0.702790917
1,     0.634585719
1,     0.591313776
1,     0.562531733
1,     0.531344710
1,     0.497447481
1,     0.471661553
1,     0.451286078
1,     0.434162552
1,     0.420523038
1,     0.408686797
1,     0.397508143
1,     0.387433815
1,     0.410230572
1,     1.328802050
1,     1.700859305
1,     1.735809664
1,     1.763766365
1,     1.732286132
1,     1.610793837
1,     1.480748876
1,     1.363938388
1,     1.263502385
1,     1.214388277
1,     1.144268230
1,     1.044128073
1,     0.924477082
1,     0.820263042
1,     0.734196786
1,     0.851011910
1,     0.930245726
1,     0.815055548
1,     0.725491260
1,     0.806566562
1,     0.917506907
1,     0.908407907
1,     1.227687530
1,     1.170691304
1,     1.098671332
1,     1.082683321
1,     1.293396592
1,     1.235087774
1,     1.167619466
1,     1.087649942
1,     0.996351040
1,     0.974923695
1,     0.897648086
1,     0.818357044
1,     0.761470408
1,     0.708472895
1,     0.650524513
1,     0.599410940
1,     0.557596394
1,     0.524153781
1,     0.498163189
1,     0.468553780
1,     0.436471069
1,     0.414255284
1,     0.405415447
1,     0.447328966
1,     0.424743338
1,     0.400726031
1,     0.467748017
1,     0.656407238
1,     0.771357869
1,     1.314667376
1,     1.595633439
1,     1.656770712
1,     1.788717085
1,     1.960995354
1,     1.974689603
1,     1.996302657
1,     1.999898528
1,     1.999900282
1,     1.999902543
1,     1.999905188
1,     1.999908107
1,     1.999911205
1,     1.999914427
1,     1.999917731
1,     1.999921079
1,     1.999924442
1,     1.999927793
1,     1.999931098
1,     1.999934331
1,     1.999937465
1,     1.990507693
1,     1.999943431
1,     1.999948090
1,     1.999957312
1,     1.999971218
1,     1.999990447
1,     2.000000000
1,     2.000000000
1,     2.000000000
1,     2.000000000
1,     2.000000000
1,     2.000000000
1,     2.000000000
1,     2.000000000
1,     2.000000000
1,     2.000000000
1,     2.000000000
1,     2.000000000
1,     2.000000000
1,     2.000000000
1,     2.000000000
1,     2.000000000
1,     2.000000000
1,     2.000000000
1,     2.000000000
1,     2.000000000
1,     2.000000000
1,     2.000000000
1,     2.000000000
1,     2.000000000
1,     2.000000000
1,     2.000000000
1,     2.000000000
1,     2.000000000
1,     2.000000000
1,     2.000000000
1,     2.000000000
1,     2.000000000
1,     2.000000000
1,     2.000000000
1,     2.000000000
1,     2.000000000
1,     2.000000000
1,     2.000000000
1,     2.000000000
1,     2.000000000
1,     2.000000000
1,     2.000000000
1,     2.000000000
1,     2.000000000
1,     2.000000000
1,     2.000000000
1,     2.000000000
1,     2.000000000
1,     2.000000000
1,     2.000000000
1,     2.000000000
1,     2.000000000
1,     2.000000000
1,     2.000000000
1,     2.000000000
1,     2.000000000
1,     2.000000000
1,     2.000000000
1,     2.000000000
1,     2.000000000
1,     2.000000000
1,     2.000000000
1,     2.000000000
1,     2.000000000
1,     2.000000000
1,     2.000000000
1,     2.000000000
1,     2.000000000
1,     2.000000000
1,     2.000000000
1,     2.000000000
1,     2.000000000
1,     2.000000000
1,     2.000000000
1,     2.000000000
1,     2.000000000
1,     2.000000000
1,     2.000000000
1,     2.000000000
1,     2.000000000
1,     2.000000000
1,     2.000000000
1,     2.000000000
1,     2.000000000
1,     2.000000000
1,     2.000000000
1,     2.000000000
1,     2.000000000
1,     2.000000000
1,     2.000000000
1,     2.000000000
1,     2.000000000
1,     2.000000000
1,     2.000000000
1,     2.000000000
1,     2.000000000
1,     2.000000000
1,     2.000000000
1,     2.000000000
1,     2.000000000
1,     2.000000000
1,     2.000000000
1,     2.000000000
1,     2.000000000
1,     2.000000000
1,     2.000000000
1,     2.000000000
1,     2.000000000
1,     2.000000000
1,     2.000000000
1,     2.000000000
1,     2.000000000
1,     2.000000000
1,     2.000000000
1,     2.000000000
1,     2.000000000
1,     2.000000000
1,     2.000000000
1,     2.000000000
1,     2.000000000
1,     2.000000000
1,     2.000000000
1,     2.000000000
1,     2.000000000
1,     2.000000000
1,     2.000000000
1,     2.000000000
1,     2.000000000
1,     2.000000000
1,     2.000000000
1,     2.000000000
1,     2.000000000
1,     2.000000000
1,     2.000000000
1,     2.000000000
1,     2.000000000
1,     2.000000000
1,     2.000000000
1,     1.973266847
1,     1.899192351
1,     1.784045789
1,     1.657423933
1,     1.508073139
1,     1.368963984
1,     1.276812140
1,     1.219712850
1,     1.167581712
1,     1.064121192
1,     0.955559658
1,     0.839960980
1,     0.765303891
1,     0.720873033
1,     0.691915895
1,     0.674851597
1,     0.659648826
1,     0.646428938
1,     0.633102959
1,     0.616974496
1,     0.601860278
1,     0.586262981
1,     0.571453307
1,     0.580860450
1,     0.698288403
1,     0.657970870
1,     0.613149880
1,     0.587940568
1,     0.598031686
1,     1.138542591
1,     1.320728919
1,     1.244361785
1,     1.177960182
1,     1.352330208
1,     1.299277127
1,     1.122307488
1,     0.933851442
1,     0.836855758
1,     1.260802208
1,     1.756205664
1,     1.704898565
1,     1.505634631
1,     1.470552528
1,     1.526112707
1,     1.399645041
1,     1.218194968
1,     1.025734904
1,     0.833633158
1,     0.673533727
1,     0.575740080
1,     0.529975008
1,     0.616064912
1,     0.792018176
1,     0.666738708
1,     0.569069124
1,     0.494769168
1,     0.453232089
1,     0.423487649
1,     0.405617261
1,     0.395191062
1,     0.388770143
1,     0.389759056
1,     0.394309269
1,     0.377236583
1,     0.508138807
1,     1.172816325
1,     1.097054059
1,     0.927505625
1,     0.740606191
1,     0.578372860
1,     0.471185337
1,     0.399691153
1,     0.365049265
1,     0.342615895
1,     0.319227334
1,     0.300612753
1,     0.288173182
1,     0.280957642
1,     0.274037382
1,     0.267314548
1,     0.260502740
1,     0.252518339
1,     0.242616966
1,     0.234260063
1,     0.228345234
1,     0.221603759
1,     0.215299526
1,     0.212264523
1,     0.210962600
1,     0.209088038
1,     0.205459167
1,     0.202397974
1,     0.201207004
1,     0.199210917
1,     0.196569951
1,     0.200737735
1,     0.200350982
1,     0.198724340
1,     0.197024013
1,     0.195049986
1,     0.192753561
1,     0.190380297
1,     0.188300784
1,     0.185992095
1,     0.197633490
1,     0.729121508
1,     0.629303892
1,     0.553317034
1,     0.496008976
1,     0.455813224
1,     0.415933845
1,     0.408437108
1,     0.476122318
1,     0.433684702
1,     0.397221947
1,     0.371890749
1,     1.286201424
1,     1.520163418
1,     1.596004142
1,     1.499305024
1,     1.280117821
1,     1.100775877
1,     1.339727087
1,     1.618908775
1,     1.593854015
1,     1.495583966
1,     1.350325585
1,     1.210911384
1,     1.088013821
1,     0.973247680
1,     0.874402105
1,     1.043707550
1,     0.974045180
1,     0.928332548
1,     0.876154564
1,     0.760435541
1,     0.646677921
1,     0.565488783
1,     0.506871071
1,     0.469768326
1,     0.446468376
1,     0.422195849
1,     0.498730001
1,     0.995738519
1,     0.924103614
1,     0.835221465
1,     0.754114174
1,     0.673264687
1,     0.592292964
1,     0.517323538
1,     0.472323576
1,     0.530702215
1,     0.757149438
1,     0.789594821
1,     0.712447178
1,     0.650891725
1,     0.688124219
1,     0.790560228
1,     0.719393873
1,     0.650500586
1,     0.571886340
1,     0.506625156
1,     0.485626412
1,     0.494554792
1,     0.456970017
1,     0.424189606
1,     0.401995746
1,     0.539514641
1,     1.184214097
1,     1.240321051
1,     1.273947493
1,     1.168826562
1,     1.075934268
1,     0.988563404
1,     0.907986590
1,     0.827073637
1,     0.751851391
1,     0.687464777
1,     0.628245057
1,     0.583190464
1,     0.542221674
1,     0.736485009
1,     1.223837923
1,     1.162141406
1,     1.093848302
1,     1.037537077
1,     0.976829501
1,     0.901377507
1,     0.828206431
1,     0.747759530
1,     0.667158585
1,     0.592520083
1,     0.536764984
1,     0.653212813
1,     0.733420318
1,     0.687343192
1,     0.666865955
1,     0.659533150
1,     0.630560591
1,     0.626196540
1,     0.629037781
1,     0.607952160
1,     0.708995677
1,     1.311967608
1,     1.513106790
1,     1.784871612
1,     1.940907201
1,     1.977979619
1,     1.990953158
1,     1.994700989
1,     1.973300786
1,     1.931979282
1,     1.898253651
1,     1.867979332
1,     1.829441637
1,     1.788980854
1,     1.840191276
1,     1.960666408
1,     2.000000000
1,     2.000000000
1,     2.000000000
1,     2.000000000
1,     2.000000000
1,     2.000000000
1,     2.000000000
1,     2.000000000
1,     2.000000000
1,     2.000000000
1,     2.000000000
1,     2.000000000
1,     2.000000000
1,     2.000000000
1,     2.000000000
1,     2.000000000
1,     2.000000000
1,     2.000000000
1,     2.000000000
1,     2.000000000
1,     2.000000000
1,     2.000000000
1,     2.000000000
1,     2.000000000
1,     2.000000000
1,     2.000000000
1,     2.000000000
1,     2.000000000
1,     2.000000000
1,     2.000000000
1,     2.000000000
1,     2.000000000
1,     2.000000000
1,     2.000000000
1,     2.000000000
1,     2.000000000
1,     2.000000000
1,     2.000000000
1,     2.000000000
1,     2.000000000
1,     2.000000000
1,     2.000000000
1,     2.000000000
1,     2.000000000
1,     2.000000000
1,     2.000000000
1,     2.000000000
1,     2.000000000
1,     2.000000000
1,     2.000000000
1,     2.000000000
1,     2.000000000
1,     2.000000000
1,     2.000000000
1,     2.000000000
1,     2.000000000
1,     2.000000000
1,     2.000000000
1,     2.000000000
1,     2.000000000
1,     2.000000000
1,     2.000000000
1,     2.000000000
1,     2.000000000
1,     2.000000000
1,     2.000000000
1,     2.000000000
1,     2.000000000
1,     2.000000000
1,     2.000000000
1,     2.000000000
1,     2.000000000
1,     2.000000000
1,     2.000000000
1,     2.000000000
1,     2.000000000
1,     2.000000000
1,     2.000000000
1,     2.000000000
1,     2.000000000
1,     2.000000000
1,     2.000000000
1,     2.000000000
1,     2.000000000
1,     2.000000000
1,     2.000000000
1,     2.000000000
1,     2.000000000
1,     2.000000000
1,     2.000000000
1,     2.000000000
1,     2.000000000
1,     2.000000000
1,     2.000000000
1,     2.000000000
1,     2.000000000
1,     2.000000000
1,     2.000000000
1,     2.000000000
1,     2.000000000
1,     2.000000000
1,     2.000000000
1,     2.000000000
1,     2.000000000
1,     2.000000000
1,     2.000000000
1,     2.000000000
1,     2.000000000
1,     2.000000000
1,     2.000000000
1,     2.000000000
1,     2.000000000
1,     2.000000000
1,     2.000000000
1,     2.000000000
1,     2.000000000
1,     2.000000000
1,     2.000000000
1,     2.000000000
1,     2.000000000
1,     2.000000000
1,     2.000000000
1,     2.000000000
1,     2.000000000
1,     2.000000000
1,     2.000000000
1,     2.000000000
1,     2.000000000
1,     2.000000000
1,     2.000000000
1,     2.000000000
1,     2.000000000
1,     2.000000000
1,     2.000000000
1,     2.000000000
1,     2.000000000
1,     2.000000000
1,     2.000000000
1,     2.000000000
1,     2.000000000
1,     2.000000000
1,     2.000000000
1,     2.000000000
1,     2.000000000
1,     2.000000000
1,     2.000000000
1,     2.000000000
1,     2.000000000
1,     2.000000000
1,     2.000000000
1,     2.000000000
1,     2.000000000
1,     2.000000000
1,     2.000000000
1,     2.000000000
1,     2.000000000
1,     2.000000000
1,     2.000000000
1,     2.000000000
1,     2.000000000
1,     1.972567469
1,     1.853188130
1,     1.724338466
1,     1.597046917
1,     1.469633949
1,     1.291053531
1,     1.144462454
1,     1.086451586
1,     1.002913329
1,     0.910280766
1,     1.107446482
1,     1.806105353
1,     2.000000000
1,     2.000000000
1,     2.000000000
1,     2.000000000
1,     2.000000000
1,     2.000000000
1,     2.000000000
1,     2.000000000
1,     1.963495475
1,     2.000000000
1,     2.000000000
1,     2.000000000
1,     2.000000000
1,     2.000000000
1,     2.000000000
1,     1.917792724
1,     1.816789924
1,     1.696874138
1,     1.519372803
1,     1.331998454
1,     1.152231943
1,     1.024027690
1,     0.926755105
1,     0.850520710
1,     0.823269085
1,     0.760333919
1,     0.772116289
1,     0.806600972
1,     1.376630485
1,     1.811049863
1,     2.000000000
1,     2.000000000
1,     2.000000000
1,     2.000000000
1,     2.000000000
1,     1.934405476
1,     1.799311287
1,     1.649010125
1,     1.468088251
1,     1.300164334
1,     1.115179598
1,     0.943215804
1,     0.815454593
1,     0.742042035
1,     0.703593486
1,     0.965874265
1,     1.879292199
1,     1.992438022
1,     2.000000000
1,     1.960039083
1,     1.772472969
1,     1.576060835
1,     1.443806375
1,     1.285725107
1,     1.082597441
1,     0.952567143
1,     1.221292562
1,     1.044649245
1,     0.872821372
1,     0.764218556
1,     1.089440561
1,     1.627709583
1,     1.406325633
1,     1.200549885
1,     0.998182262
1,     0.831896877
1,     0.716536528
1,     0.615757998
1,     0.558159100
1,     0.624581034
1,     0.699466807
1,     0.637139482
1,     0.574363001
1,     0.537456386
1,     0.503772147
1,     0.475028963
1,     0.455089030
1,     0.440287072
1,     0.488005660
1,     0.630735579
1,     0.653531255
1,     0.625504218
1,     0.735940157
1,     0.636259562
1,     0.552042780
1,     0.492247891
1,     0.445333105
1,     0.407112959
1,     0.380635699
1,     0.356758209
1,     0.339322137
1,     0.329682449
1,     0.333079959
1,     0.328377151
1,     0.323407915
1,     0.394957980
1,     0.380949174
1,     0.351114565
1,     0.328020808
1,     0.311188672
1,     0.301642128
1,     0.294657890
1,     0.288592044
1,     0.281833802
1,     0.275342428
1,     0.269022187
1,     0.265939978
1,     0.261681348
1,     0.259752158
1,     0.258213689
1,     0.254017086
1,     0.251222393
1,     0.247055959
1,     0.242653056
1,     0.238486317
1,     0.234051695
1,     0.231010429
1,     0.229641314
1,     0.228542485
1,     0.226943234
1,     0.226035798
1,     0.225241645
1,     0.224014149
1,     0.222641962
1,     0.221132325
1,     0.218994952
1,     0.217180830
1,     0.216347642
1,     0.215116413
1,     0.214935844
1,     0.214634201
1,     0.213935693
1,     0.213224842
1,     0.212606969
1,     0.273613964
1,     0.412182302
1,     0.461632435
1,     0.507763264
1,     0.468525583
1,     0.437716703
1,     0.410068524
1,     0.418930655
1,     0.424340649
1,     0.401938087
1,     0.380067473
1,     0.357104621
1,     0.371504138
1,     0.448869862
1,     0.431812607
1,     0.408752755
1,     0.385450389
1,     0.362976422
1,     0.345230018
1,     0.330682151
1,     0.322650777
1,     0.319978606
1,     0.359747780
1,     0.341878869
1,     0.329570620
1,     0.323339571
1,     0.315581476
1,     0.306180668
1,     0.297567164
1,     0.289728614
1,     0.281280552
1,     0.271551571
1,     0.263559624
1,     0.257223265
1,     0.253281421
1,     0.252290310
1,     0.251126937
1,     0.250672833
1,     0.261546902
1,     0.261009256
1,     0.256400452
1,     0.254111721
1,     0.299771997
1,     0.299171423
1,     0.642532185
1,     1.110066447
1,     1.052303353
1,     1.010870271
1,     0.953280234
1,     0.904289277
1,     1.294067434
1,     1.662162013
1,     1.908242294
1,     1.964384658
1,     1.989626037
1,     2.000000000
1,     2.000000000
1,     2.000000000
1,     2.000000000
1,     2.000000000
1,     2.000000000
1,     2.000000000
1,     2.000000000
1,     2.000000000
1,     2.000000000
1,     2.000000000
1,     2.000000000
1,     2.000000000
1,     2.000000000
1,     2.000000000
1,     2.000000000
1,     2.000000000
1,     2.000000000
1,     2.000000000
1,     2.000000000
1,     2.000000000
1,     2.000000000
1,     2.000000000
1,     2.000000000
1,     2.000000000
1,     2.000000000
1,     2.000000000
1,     2.000000000
1,     2.000000000
1,     2.000000000
1,     2.000000000
1,     2.000000000
1,     2.000000000
1,     2.000000000
1,     2.000000000
1,     2.000000000
1,     2.000000000
1,     2.000000000
1,     2.000000000
1,     2.000000000
1,     2.000000000
1,     2.000000000
1,     2.000000000
1,     2.000000000
1,     2.000000000
1,     2.000000000
1,     2.000000000
1,     2.000000000
1,     2.000000000
1,     2.000000000
1,     2.000000000
1,     2.000000000
1,     2.000000000
1,     2.000000000
1,     2.000000000
1,     2.000000000
1,     2.000000000
1,     2.000000000
1,     2.000000000
1,     2.000000000
1,     2.000000000
1,     2.000000000
1,     2.000000000
1,     2.000000000
1,     2.000000000
1,     2.000000000
1,     2.000000000
1,     2.000000000
1,     2.000000000
1,     2.000000000
1,     2.000000000
1,     2.000000000
1,     2.000000000
1,     2.000000000
1,     2.000000000
1,     2.000000000
1,     2.000000000
1,     2.000000000
1,     2.000000000
1,     2.000000000
1,     2.000000000
1,     2.000000000
1,     2.000000000
1,     2.000000000
1,     2.000000000
1,     2.000000000
1,     2.000000000
1,     2.000000000
1,     2.000000000
1,     2.000000000
1,     2.000000000
1,     2.000000000
1,     2.000000000
1,     2.000000000
1,     2.000000000
1,     2.000000000
1,     2.000000000
1,     2.000000000
1,     2.000000000
1,     2.000000000
1,     2.000000000
1,     2.000000000
1,     2.000000000
1,     2.000000000
1,     2.000000000
1,     2.000000000
1,     2.000000000
1,     2.000000000
1,     2.000000000
1,     2.000000000
1,     2.000000000
1,     2.000000000
1,     2.000000000
1,     2.000000000
1,     2.000000000
1,     2.000000000
1,     2.000000000
1,     2.000000000
1,     2.000000000
1,     2.000000000
1,     2.000000000
1,     2.000000000
1,     2.000000000
1,     2.000000000
1,     2.000000000
1,     2.000000000
1,     2.000000000
1,     2.000000000
1,     2.000000000
1,     2.000000000
1,     2.000000000
1,     2.000000000
1,     2.000000000
1,     2.000000000
1,     2.000000000
1,     2.000000000
1,     2.000000000
1,     1.985950628
1,     1.980092147
1,     1.989377194
1,     1.974064795
1,     1.950745956
1,     1.996922470
1,     2.000000000
1,     2.000000000
1,     2.000000000
1,     2.000000000
1,     2.000000000
1,     2.000000000
1,     2.000000000
1,     2.000000000
1,     2.000000000
1,     2.000000000
1,     2.000000000
1,     2.000000000
1,     2.000000000
1,     2.000000000
1,     2.000000000
1,     2.000000000
1,     2.000000000
1,     2.000000000
1,     2.000000000
1,     2.000000000
1,     2.000000000
1,     2.000000000
1,     2.000000000
1,     2.000000000
1,     2.000000000
1,     2.000000000
1,     2.000000000
1,     2.000000000
1,     2.000000000
1,     2.000000000
1,     2.000000000
1,     2.000000000
1,     2.000000000
1,     2.000000000
1,     2.000000000
1,     2.000000000
1,     2.000000000
1,     2.000000000
1,     2.000000000
1,     1.996885704
1,     1.877811111
1,     1.722506113
1,     1.572961212
1,     1.811137121
1,     2.000000000
1,     1.942014645
1,     1.865547410
1,     1.941324137
1,     1.944788532
1,     1.959229735
1,     2.000000000
1,     2.000000000
1,     2.000000000
1,     2.000000000
1,     2.000000000
1,     2.000000000
1,     2.000000000
1,     2.000000000
1,     2.000000000
1,     2.000000000
1,     2.000000000
1,     2.000000000
1,     1.990354610
1,     1.909184876
1,     1.762463555
1,     1.619660438
1,     1.515268272
1,     1.417677853
1,     1.279034542
1,     1.151608631
1,     1.078718162
1,     1.034183013
1,     0.965464312
1,     0.876811642
1,     0.812233214
1,     0.771520342
1,     0.741890282
1,     1.146026349
1,     1.282169351
1,     1.204498012
1,     1.052025476
1,     0.921263394
1,     0.853194413
1,     0.806953449
1,     0.760748068
1,     0.721135459
1,     0.692303518
1,     0.669834849
1,     0.651487858
1,     0.735079971
1,     0.755250936
1,     0.708145977
1,     0.669910795
1,     1.799268240
1,     2.000000000
1,     2.000000000
1,     1.970655550
1,     1.864877826
1,     1.750321956
1,     1.600842951
1,     1.444444542
1,     1.309718678
1,     1.208763150
1,     1.236164011
1,     1.061136099
1,     0.874272743
1,     1.117963542
1,     1.979806969
1,     2.000000000
1,     2.000000000
1,     2.000000000
1,     2.000000000
1,     2.000000000
1,     2.000000000
1,     2.000000000
1,     2.000000000
1,     2.000000000
1,     2.000000000
1,     1.953117908
1,     1.881464132
1,     1.850594552
1,     1.769764855
1,     1.702985416
1,     1.596910851
1,     1.678129774
1,     1.748507194
1,     1.668492399
1,     1.536774015
1,     1.396146327
1,     1.241492076
1,     1.079609615
1,     0.957992701
1,     0.858025825
1,     0.765164071
1,     0.715867056
1,     0.687088868
1,     0.658902519
1,     1.064984565
1,     1.285726120
1,     1.168331946
1,     1.054838490
1,     0.940202712
1,     0.814735058
1,     0.727859729
1,     0.677694743
1,     0.639017776
1,     0.607510748
1,     0.633024282
1,     1.216325867
1,     1.358786861
1,     1.263761246
1,     1.168498991
1,     1.071836232
1,     1.163680288
1,     1.339941280
1,     1.254219019
1,     1.151524888
1,     1.044050322
1,     0.956800393
1,     0.862765075
1,     0.762589057
1,     0.681336000
1,     0.629759271
1,     0.594148893
1,     0.570885130
1,     0.549241984
1,     0.654987559
1,     0.966371383
1,     0.874298520
1,     0.781361396
1,     0.710827491
1,     0.663496547
1,     0.619831642
1,     0.595748363
1,     1.159271100
1,     1.032048881
1,     0.930776103
1,     0.975838398
1,     1.349185961
1,     1.292649781
1,     1.238949583
1,     1.147984549
1,     1.055133853
1,     0.983292094
1,     0.901695426
1,     0.821560168
1,     0.747463282
1,     0.679576111
1,     0.624423175
1,     0.574616272
1,     0.525723038
1,     0.493578922
1,     0.510811431
1,     0.509069616
1,     0.484968058
1,     0.469016304
1,     0.457321902
1,     0.447296381
1,     0.437964965
1,     0.427129495
1,     0.419943526
1,     0.417740319
1,     0.416616564
1,     0.415454650
1,     0.412276141
1,     0.407578455
1,     0.404586168
1,     0.402426848
1,     0.400298291
1,     0.399164016
1,     0.399079164
1,     0.398457198
1,     0.397642395
1,     0.396920848
1,     0.396532264
1,     0.395608204
1,     0.394680574
1,     0.446967565
1,     0.486157004
1,     0.497436306
1,     0.602674592
1,     0.698037742
1,     0.742617195
1,     0.709282394
1,     0.679222837
1,     0.658404537
1,     0.629292948
1,     0.596320955
1,     0.570171599
1,     0.547187862
1,     0.527723054
1,     0.518614010
1,     0.513786807
1,     0.506501871
1,     0.506009458
1,     1.745837170
1,     2.000000000
1,     2.000000000
1,     2.000000000
1,     2.000000000
1,     2.000000000
1,     2.000000000
1,     2.000000000
1,     2.000000000
1,     2.000000000
1,     2.000000000
1,     2.000000000
1,     2.000000000
1,     2.000000000
1,     2.000000000
1,     2.000000000
1,     2.000000000
1,     2.000000000
1,     2.000000000
1,     2.000000000
1,     2.000000000
1,     2.000000000
1,     2.000000000
1,     2.000000000
1,     2.000000000
1,     2.000000000
1,     2.000000000
1,     2.000000000
1,     2.000000000
1,     2.000000000
1,     2.000000000
1,     2.000000000
1,     2.000000000
1,     2.000000000
1,     2.000000000
1,     2.000000000
1,     2.000000000
1,     2.000000000
1,     2.000000000
1,     2.000000000
