1,   433.762582100
1,   433.849559844
1,   433.998404778
1,   434.168675216
1,   434.344606131
1,   434.511311470
1,   434.673734596
1,   434.864408695
1,   435.064107884
1,   435.239416973
1,   435.389154242
1,   435.512663651
1,   435.664383983
1,   435.859636310
1,   436.046396726
1,   436.239017221
1,   436.440814922
1,   436.628463815
1,   436.795371139
1,   436.933360529
1,   437.045734165
1,   437.161921746
1,   437.237898005
1,   437.310840514
1,   437.391194663
1,   437.482969321
1,   437.560146525
1,   437.623250952
1,   437.699283829
1,   437.794561260
1,   437.902637301
1,   437.985415725
1,   438.075726794
1,   438.161794431
1,   438.242739614
1,   438.364679227
1,   438.520305277
1,   438.686300367
1,   438.842459092
1,   439.002079469
1,   439.174914726
1,   439.359691894
1,   439.550155163
1,   439.718050100
1,   439.867881230
1,   440.002461253
1,   440.124033313
1,   440.245809413
1,   440.372566749
1,   440.486115242
1,   440.601259377
1,   440.719343162
1,   440.856524643
1,   441.004733419
1,   441.132837554
1,   441.245741793
1,   441.373528010
1,   441.493386254
1,   441.603523508
1,   441.741710468
1,   441.902278968
1,   442.058911822
1,   442.209422280
1,   442.354515350
1,   442.496105883
1,   442.626738261
1,   442.750099608
1,   442.892613907
1,   443.050025596
1,   443.212336769
1,   443.368797052
1,   443.512960560
1,   443.666093957
1,   443.820266423
1,   443.982035438
1,   444.147885757
1,   444.307494638
1,   444.440366623
1,   444.553576308
1,   444.706320267
1,   444.890911242
1,   445.089312526
1,   445.289912645
1,   445.484621990
1,   445.660039001
1,   445.804469995
1,   445.963880686
1,   446.122946568
1,   446.276185639
1,   446.443892167
1,   446.615373094
1,   446.780314597
1,   446.941843261
1,   447.112273953
1,   447.290194836
1,   447.485944807
1,   447.676867216
1,   447.862417025
1,   448.050806901
1,   448.233004604
1,   448.420296241
1,   448.602325893
1,   448.778262612
1,   448.964322491
1,   449.176648575
1,   449.392769910
1,   449.611470706
1,   449.824608089
1,   450.034704724
1,   450.240472029
1,   450.449657767
1,   450.662149013
1,   450.871293517
1,   451.074641216
1,   451.272761469
1,   451.466886791
1,   451.679982414
1,   451.920922686
1,   452.173341771
1,   452.432798503
1,   452.695047130
1,   452.955481282
1,   453.217824805
1,   453.480798230
1,   453.744476001
1,   454.015657935
1,   454.288951919
1,   454.557451015
1,   454.820212982
1,   455.093998805
1,   455.374139289
1,   455.655608430
1,   455.935176978
1,   456.220159065
1,   456.505603278
1,   456.790626259
1,   457.065245752
1,   457.356156146
1,   457.661080963
1,   457.973036560
1,   458.284913257
1,   458.594949706
1,   458.902717375
1,   459.204674624
1,   459.502128836
1,   459.796731374
1,   460.088786853
1,   460.380324909
1,   460.675333660
1,   460.974413389
1,   461.272490769
1,   461.571522360
1,   461.872865861
1,   462.168417367
1,   462.455590351
1,   462.734143301
1,   463.003921204
1,   463.271942117
1,   463.542085402
1,   463.824964287
1,   464.123674246
1,   464.424312407
1,   464.727930781
1,   465.035324152
1,   465.345678589
1,   465.661677328
1,   465.974629395
1,   466.283847250
1,   466.595310888
1,   466.909635989
1,   467.218210797
1,   467.523066889
1,   467.835713236
1,   468.152005762
1,   468.468529884
1,   468.781618426
1,   469.092555057
1,   469.405165951
1,   469.725886977
1,   470.050957443
1,   470.376063387
1,   470.696512321
1,   471.018643532
1,   471.344932674
1,   471.674153745
1,   472.009444672
1,   472.343122673
1,   472.678052203
1,   473.009025733
1,   473.339388417
1,   473.665765529
1,   473.992045040
1,   474.312254802
1,   474.630611769
1,   474.942331188
1,   475.256501175
1,   475.570896335
1,   475.889513940
1,   476.217078923
1,   476.544548023
1,   476.856693564
1,   477.166625597
1,   477.481878900
1,   477.798460449
1,   478.113684355
1,   478.428762958
1,   478.753129059
1,   479.076960933
1,   479.391720147
1,   479.697547945
1,   480.002648112
1,   480.307456032
1,   480.608494068
1,   480.907376808
1,   481.208962367
1,   481.518011439
1,   481.831653453
1,   482.143762853
1,   482.459288299
1,   482.776592400
1,   483.084251809
1,   483.382478062
1,   483.682045870
1,   483.970864514
1,   484.281080261
1,   484.610838525
1,   484.943322261
1,   485.270471714
1,   485.585672107
1,   485.895251444
1,   486.199720165
1,   486.508639791
1,   486.822331517
1,   487.136591490
1,   487.447619665
1,   487.757247792
1,   488.068124135
1,   488.378644372
1,   488.686040875
1,   488.990809056
1,   489.293942362
1,   489.601840230
1,   489.916586073
1,   490.226726982
1,   490.525321078
1,   490.817761214
1,   491.110552955
1,   491.405861838
1,   491.694786627
1,   491.978138138
1,   492.274754959
1,   492.577953928
1,   492.889021445
1,   493.205477724
1,   493.521203717
1,   493.826603902
1,   494.123022200
1,   494.407468114
1,   494.678928378
1,   494.957619557
1,   495.251415092
1,   495.567997346
1,   495.895011455
1,   496.218868090
1,   496.524246442
1,   496.807686553
1,   497.082099790
1,   497.346699278
1,   497.608513135
1,   497.879538657
1,   498.150766598
1,   498.439684264
1,   498.753587065
1,   499.058767415
1,   499.354640928
1,   499.635466650
1,   499.895487073
1,   500.148631559
1,   500.414398453
1,   500.676873211
1,   500.933023985
1,   501.190932535
1,   501.465331880
1,   501.746721411
1,   502.026692492
1,   502.304307646
1,   502.583799656
1,   502.885833545
1,   503.194724409
1,   503.485434787
1,   503.762346951
1,   504.033420485
1,   504.297374504
1,   504.567077023
1,   504.835697112
1,   505.111064172
1,   505.402084386
1,   505.720026901
1,   506.020570918
1,   506.314840328
1,   506.611151291
1,   506.905493893
1,   507.188463406
1,   507.452589643
1,   507.711414811
1,   507.973754215
1,   508.228205791
1,   508.477111224
1,   508.766385652
1,   509.068139962
1,   509.353102231
1,   509.606248010
1,   509.830526627
1,   510.047970022
1,   510.255269815
1,   510.472120242
1,   510.674791390
1,   510.890438568
1,   511.132214236
1,   511.368569711
1,   511.611417048
1,   511.843477173
1,   512.047142842
1,   512.230845958
1,   512.438925853
1,   512.666317131
1,   512.890844417
1,   513.099786810
1,   513.292098528
1,   513.480205634
1,   513.654667266
1,   513.852762244
1,   514.056435519
1,   514.266223058
1,   514.507633449
1,   514.748016179
1,   514.961375572
1,   515.152408437
1,   515.372898340
1,   515.651899369
1,   515.962061196
1,   516.262229501
1,   516.529418151
1,   516.798787348
1,   517.095771876
1,   517.380428455
1,   517.644668166
1,   517.910421087
1,   518.165706084
1,   518.388783595
1,   518.570292012
1,   518.724462922
1,   518.863681833
1,   519.005386190
1,   519.144018349
1,   519.268426151
1,   519.379377080
1,   519.529635642
1,   519.721879034
1,   519.933086012
1,   520.180524488
1,   520.437897869
1,   520.682245005
1,   520.894062977
1,   521.099654052
1,   521.317342147
1,   521.533392356
1,   521.769798159
1,   521.995786056
1,   522.213333226
1,   522.434418959
1,   522.651431593
1,   522.838355032
1,   523.039768321
1,   523.303502212
1,   523.568716478
1,   523.846049580
1,   524.132885789
1,   524.401085128
1,   524.643709350
1,   524.868800593
1,   525.081391359
1,   525.258792582
1,   525.393004822
1,   525.559912544
1,   525.732748357
1,   525.880178991
1,   526.049413953
1,   526.264178050
1,   526.471263738
1,   526.635075698
1,   526.748111914
1,   526.897267350
1,   527.081131959
1,   527.250852817
1,   527.390787326
1,   527.600926695
1,   527.835817421
1,   528.063733207
1,   528.284830433
1,   528.498412933
1,   528.687984257
1,   528.860425889
1,   529.023975620
1,   529.181675321
1,   529.360122822
1,   529.435274183
1,   529.533780043
1,   529.639720093
1,   529.758697721
1,   529.887287018
1,   530.003315415
1,   530.133956065
1,   530.270381830
1,   530.435149248
1,   530.600047549
1,   530.788715956
1,   530.941177356
1,   531.099466922
1,   531.238382503
1,   531.371503250
1,   531.500458236
1,   531.618925526
1,   531.738279222
1,   531.887755284
1,   532.104836122
1,   532.359430009
1,   532.604715397
1,   532.839728268
1,   533.072157197
1,   533.302821070
1,   533.529607726
1,   533.751974003
1,   534.005906007
1,   534.279388252
1,   534.546655619
1,   534.801443466
1,   535.046483133
1,   535.284224308
1,   535.525491108
1,   535.770745394
1,   536.007032571
1,   536.225422602
1,   536.449925530
1,   536.699799678
1,   536.989114061
1,   537.286022314
1,   537.582021589
1,   537.877086368
1,   538.166749107
1,   538.441671686
1,   538.708426480
1,   538.969119046
1,   539.223197265
1,   539.485197649
1,   539.761118558
1,   540.043565194
1,   540.332101353
1,   540.622959726
1,   540.942547895
1,   541.279138749
1,   541.615961347
1,   541.948355934
1,   542.283000150
1,   542.627144195
1,   542.977055523
1,   543.323508051
1,   543.664338476
1,   543.986597959
1,   544.282084335
1,   544.599498712
1,   544.934545389
1,   545.267049613
1,   545.595761882
1,   545.926165038
1,   546.252696341
1,   546.575027264
1,   546.893570635
1,   547.213533972
1,   547.540399282
1,   547.878486413
1,   548.225281531
1,   548.557404992
1,   548.872094747
1,   549.183229854
1,   549.503588005
1,   549.834597943
1,   550.171714050
1,   550.508446234
1,   550.864562414
1,   551.222451813
1,   551.569227662
1,   551.909975638
1,   552.260015569
1,   552.615536337
1,   552.976728832
1,   553.352839276
1,   553.732139729
1,   554.108230307
1,   554.481262245
1,   554.848498612
1,   555.215128391
1,   555.581296439
1,   555.943921796
1,   556.288412494
1,   556.660744073
1,   557.042936307
1,   557.419619828
1,   557.788154383
1,   558.154126204
1,   558.517714431
1,   558.882537758
1,   559.252944976
1,   559.622667640
1,   559.989262629
1,   560.355433098
1,   560.722336893
1,   561.090700971
1,   561.451942252
1,   561.807834361
1,   562.165382995
1,   562.539285364
1,   562.926994858
1,   563.320768868
1,   563.714857077
1,   564.110759878
1,   564.509291199
1,   564.908615809
1,   565.298279736
1,   565.692414714
1,   566.093787340
1,   566.493453276
1,   566.891795499
1,   567.289877154
1,   567.687520152
1,   568.086227011
1,   568.487467954
1,   568.893397782
1,   569.304825620
1,   569.717283619
1,   570.129971734
1,   570.542735227
1,   570.955249882
1,   571.366139653
1,   571.775745507
1,   572.185221561
1,   572.594914616
1,   573.004616700
1,   573.415445563
1,   573.826520073
1,   574.237633873
1,   574.649814142
1,   575.061349635
1,   575.471980077
1,   575.881611594
1,   576.290111241
1,   576.697840513
1,   577.102964531
1,   577.504709657
1,   577.911810449
1,   578.319371225
1,   578.725509823
1,   579.128611485
1,   579.527817349
1,   579.922097172
1,   580.311323750
1,   580.705434350
1,   581.100999165
1,   581.491748734
1,   581.876250132
1,   582.276150817
1,   582.681319626
1,   583.087688696
1,   583.497829484
1,   583.909251382
1,   584.321618291
1,   584.733969740
1,   585.145628437
1,   585.556703954
1,   585.967422466
1,   586.377602999
1,   586.788134231
1,   587.199009364
1,   587.610588802
1,   588.021781362
1,   588.433015456
1,   588.844717580
1,   589.256932088
1,   589.668026991
1,   590.078800063
1,   590.488998063
1,   590.897820154
1,   591.308770419
1,   591.719367204
1,   592.129908694
1,   592.541208002
1,   592.953198013
1,   593.364890711
1,   593.776512841
1,   594.187801916
1,   594.598135595
1,   595.008741017
1,   595.419530368
1,   595.830776800
1,   596.242199657
1,   596.652859700
1,   597.062969362
1,   597.473726696
1,   597.885592788
1,   598.296910112
1,   598.707684476
1,   599.118766969
1,   599.528720276
1,   599.936554975
1,   600.343587395
1,   600.749702297
1,   601.155910003
1,   601.562046259
1,   601.967429666
1,   602.372909494
1,   602.778652746
1,   603.186109066
1,   603.597721606
1,   604.010918723
1,   604.423339788
1,   604.833987710
1,   605.241594589
1,   605.647284275
1,   606.052317850
1,   606.456530607
1,   606.859951719
1,   607.263271784
1,   607.666362439
1,   608.069598908
1,   608.472979733
1,   608.878282275
1,   609.286183735
1,   609.693540245
1,   610.101057160
1,   610.509079496
1,   610.916250806
1,   611.321713070
1,   611.727859687
1,   612.123832911
1,   612.501912233
1,   612.864861864
1,   613.230309263
1,   613.596030303
1,   613.974277512
1,   614.351378860
1,   614.720002155
1,   615.075759007
1,   615.414554856
1,   615.745420869
1,   616.064241002
1,   616.371283990
1,   616.662179917
1,   616.953933593
1,   617.269308047
1,   617.578733801
1,   617.896212915
1,   618.225509956
1,   618.538078601
1,   618.847504442
1,   619.168756419
1,   619.489047668
1,   619.814430920
1,   620.146484621
1,   620.486682330
1,   620.832965601
1,   621.190933749
1,   621.546714639
1,   621.884848450
1,   622.204459971
1,   622.497618165
1,   622.772592845
1,   623.031219318
1,   623.278122190
1,   623.512129055
1,   623.737907028
1,   623.959541529
1,   624.180702139
1,   624.410462309
1,   624.629243035
1,   624.816747859
1,   625.015504334
1,   625.272109825
1,   625.530053013
1,   625.744832505
1,   625.926614999
1,   626.128991210
1,   626.363441486
1,   626.623054110
1,   626.888038851
1,   627.159646960
1,   627.430013096
1,   627.683733979
1,   627.916996828
1,   628.125523101
1,   628.330965663
1,   628.553832350
1,   628.773589594
1,   629.001203636
1,   629.209684448
1,   629.405186273
1,   629.612213034
1,   629.806902588
1,   629.985847104
1,   630.144793466
1,   630.283853362
1,   630.428702481
1,   630.591429765
1,   630.778579161
1,   630.968758953
1,   631.136058821
1,   631.285624874
1,   631.415542419
1,   631.549381948
1,   631.690031306
1,   631.843834695
1,   632.009666126
1,   632.203559163
1,   632.396342071
1,   632.559031923
1,   632.693784211
1,   632.812897416
1,   632.947825036
1,   633.090637216
1,   633.217929071
1,   633.314163500
1,   633.391625390
1,   633.446015489
1,   633.476906813
1,   633.497749048
1,   633.523407717
1,   633.573824662
1,   633.683448281
1,   633.840658927
1,   634.038501079
1,   634.236841490
1,   634.409943581
1,   634.566009708
1,   634.706701195
1,   634.840773843
1,   634.966458749
1,   635.094674997
1,   635.211418775
1,   635.335504898
1,   635.513807950
1,   635.707943222
1,   635.867657684
1,   635.977195090
1,   636.086101249
1,   636.201092718
1,   636.316520252
1,   636.438798699
1,   636.584107676
1,   636.741721726
1,   636.904815861
1,   637.102294309
1,   637.331291204
1,   637.574168353
1,   637.811037685
1,   638.050419185
1,   638.286166581
1,   638.516312213
1,   638.708229472
1,   638.839929272
1,   638.915801216
1,   638.988279224
1,   639.089203919
1,   639.204068191
1,   639.300421686
1,   639.381262251
1,   639.416861979
1,   639.442822692
1,   639.464795416
1,   639.477203974
1,   639.537511526
1,   639.582380236
1,   639.615906519
1,   639.658391275
1,   639.694528000
1,   639.835052920
1,   640.022730215
1,   640.245903253
1,   640.482896102
1,   640.713807226
1,   640.920367480
1,   641.104958208
1,   641.313348635
1,   641.544939644
1,   641.761136801
1,   641.951297071
1,   642.134228721
1,   642.292444917
1,   642.458286326
1,   642.645011424
1,   642.821490039
1,   643.020627657
1,   643.232885652
1,   643.457693369
1,   643.695366731
1,   643.929647634
1,   644.161939362
1,   644.387601317
1,   644.617293770
1,   644.848049486
1,   645.081639700
1,   645.312234906
1,   645.533740342
1,   645.783533867
1,   646.043955247
1,   646.286594450
1,   646.520700233
1,   646.741754141
1,   646.945298240
1,   647.149868161
1,   647.363364258
1,   647.589480829
1,   647.881425466
1,   648.182936609
1,   648.486167937
1,   648.784699414
1,   649.062803700
1,   649.333525225
1,   649.584001509
1,   649.833437142
1,   650.059719556
1,   650.301831984
1,   650.549572718
1,   650.797228582
1,   651.052826287
1,   651.304450833
1,   651.562880218
1,   651.793638148
1,   651.997857820
1,   652.192632054
1,   652.433198232
1,   652.719123243
1,   653.015733534
1,   653.317239578
1,   653.606855861
1,   653.881279476
1,   654.152249961
1,   654.419526984
1,   654.676872473
1,   654.954086251
1,   655.267254961
1,   655.592610537
1,   655.926077102
1,   656.260993458
1,   656.590218235
1,   656.918388854
1,   657.245238709
1,   657.565593460
1,   657.889556011
1,   658.221596905
1,   658.566131330
1,   658.918217508
1,   659.277831822
1,   659.655571992
1,   660.050048831
1,   660.450568347
1,   660.848149170
1,   661.243920209
1,   661.634116954
1,   662.029252414
1,   662.430544689
1,   662.790157857
1,   663.133216161
1,   663.486959103
1,   663.829713513
1,   664.152812892
1,   664.472453634
1,   664.783554937
1,   665.095070618
1,   665.413286071
1,   665.753927137
1,   666.106797096
1,   666.472939943
1,   666.842247961
1,   667.204143226
1,   667.558880670
1,   667.914510458
1,   668.274685580
1,   668.644630874
1,   669.017046128
1,   669.383933523
1,   669.738900214
1,   670.085106526
1,   670.426314426
1,   670.766544413
1,   671.114381234
1,   671.471763944
1,   671.831968871
1,   672.186459758
1,   672.562784394
1,   672.953647074
1,   673.341508562
1,   673.736865293
1,   674.135400651
1,   674.538654234
1,   674.942170292
1,   675.336889152
1,   675.714003637
1,   676.097324898
1,   676.490755266
1,   676.890731461
1,   677.290863457
1,   677.692717044
1,   678.096500126
1,   678.492855526
1,   678.889903299
1,   679.286613710
1,   679.676390949
1,   680.060150070
1,   680.451667170
1,   680.852816922
1,   681.259052434
1,   681.667456821
1,   682.068675671
1,   682.452234940
1,   682.834775170
1,   683.218128263
1,   683.603150388
1,   683.995290530
1,   684.384626898
1,   684.773284498
1,   685.172042533
1,   685.575777332
1,   685.981349093
1,   686.385595953
1,   686.778529450
1,   687.162341575
1,   687.546432578
1,   687.935757419
1,   688.324795880
1,   688.713918320
1,   689.103829024
1,   689.505328955
1,   689.909103208
1,   690.309759512
1,   690.702023518
1,   691.088103447
1,   691.471860578
1,   691.865614990
1,   692.268085575
1,   692.671190987
1,   693.075017876
1,   693.479802422
1,   693.885335662
1,   694.291128912
1,   694.699518858
1,   695.106030939
1,   695.512013670
1,   695.918880145
1,   696.326500973
1,   696.734509440
1,   697.142410118
1,   697.548243305
1,   697.953860598
1,   698.357293572
1,   698.756121170
1,   699.143951607
1,   699.514793145
1,   699.875833130
1,   700.229668946
1,   700.570451978
1,   700.895901339
1,   701.208506363
1,   701.517804329
1,   701.836446392
1,   702.166172432
1,   702.510055970
1,   702.857303150
1,   703.205253452
1,   703.563019875
1,   703.936524906
1,   704.310001245
1,   704.686673578
1,   705.052527222
1,   705.406312411
1,   705.761775015
1,   706.122503272
1,   706.496315806
1,   706.885509525
1,   707.278007392
1,   707.672886475
1,   708.067895675
1,   708.449608281
1,   708.814980608
1,   709.166973543
1,   709.504630405
1,   709.830991874
1,   710.134133836
1,   710.418504578
1,   710.709635762
1,   711.013408499
1,   711.320888513
1,   711.615632524
1,   711.906804557
1,   712.189492267
1,   712.457220346
1,   712.733826827
1,   713.033108525
1,   713.334949032
1,   713.624358875
1,   713.912625167
1,   714.203119924
1,   714.486680665
1,   714.768899649
1,   715.075944638
1,   715.374459412
1,   715.643821541
1,   715.891396487
1,   716.108215264
1,   716.300213937
1,   716.512157546
1,   716.774238191
1,   717.056669944
1,   717.346995439
1,   717.640398096
1,   717.931916530
1,   718.210747832
1,   718.491769102
1,   718.769290920
1,   719.020312669
1,   719.273330994
1,   719.519387462
1,   719.740402653
1,   719.987171127
1,   720.273871097
1,   720.549782772
1,   720.811079228
1,   721.058584028
1,   721.306805303
1,   721.551518877
1,   721.834896548
1,   722.118355982
1,   722.392845677
1,   722.679674532
1,   722.986018217
1,   723.285686675
1,   723.569376524
1,   723.842598968
1,   724.117116511
1,   724.391794755
1,   724.678140982
1,   724.991600815
1,   725.286699266
1,   725.559460699
1,   725.803315491
1,   725.999345516
1,   726.220756860
1,   726.471980201
1,   726.720069265
1,   726.952748801
1,   727.184265101
1,   727.396906926
1,   727.587767775
1,   727.752281315
1,   727.881245355
1,   727.971436535
1,   728.052451738
1,   728.122771470
1,   728.238334543
1,   728.416675398
1,   728.603021031
1,   728.792938624
1,   728.975202694
1,   729.151939854
1,   729.332795353
1,   729.504300154
1,   729.656110265
1,   729.820890585
1,   729.994684763
1,   730.159499962
1,   730.330638463
1,   730.526904632
1,   730.722134732
1,   730.898627510
1,   731.048013464
1,   731.167532768
1,   731.264097876
1,   731.405676371
1,   731.544836883
1,   731.646617341
1,   731.721251029
1,   731.778823121
1,   731.848907276
1,   731.954200101
1,   732.090987539
1,   732.310858678
1,   732.544947171
1,   732.760016850
1,   732.928922776
1,   733.054970297
1,   733.188354967
1,   733.322059596
1,   733.451664642
1,   733.645823057
1,   733.852543849
1,   734.075234702
1,   734.302291600
1,   734.518334037
1,   734.708354308
1,   734.878069871
1,   735.006204277
1,   735.074348540
1,   735.083333279
1,   735.086170154
1,   735.190771545
1,   735.328831023
1,   735.454765921
1,   735.559439734
1,   735.654206941
1,   735.757296756
1,   735.832276258
1,   735.903539171
1,   735.972045857
1,   736.045877650
1,   736.115507025
1,   736.178939370
1,   736.231156107
1,   736.281192167
1,   736.343087299
1,   736.397108180
1,   736.426132458
1,   736.517414455
1,   736.738532898
1,   737.001056171
1,   737.258004008
1,   737.492406743
1,   737.685235541
1,   737.839790897
1,   738.016299905
1,   738.211185040
1,   738.399228048
1,   738.575770992
1,   738.741941278
1,   738.887469535
1,   739.018569454
1,   739.178100190
1,   739.353826445
1,   739.509547245
1,   739.622971813
1,   739.765929176
1,   739.931830157
1,   740.070450180
1,   740.174336691
1,   740.254931583
1,   740.312572911
1,   740.384292975
1,   740.476066324
1,   740.572898772
1,   740.635999165
1,   740.676598913
1,   740.763628154
1,   740.870949793
1,   741.032066187
1,   741.250827897
1,   741.462997065
1,   741.668229161
1,   741.876619943
1,   742.084462900
1,   742.278041560
1,   742.429291186
1,   742.546565963
1,   742.646448445
1,   742.722725377
1,   742.819031268
1,   742.974578856
1,   743.169751475
1,   743.382934700
1,   743.592121957
1,   743.810591785
1,   744.058657834
1,   744.303025543
1,   744.552823310
1,   744.815171824
1,   745.107898429
1,   745.416731281
1,   745.713926913
1,   746.006998362
1,   746.306175682
1,   746.600794585
1,   746.866231351
1,   747.108231239
1,   747.342549124
1,   747.571880380
1,   747.820923483
1,   748.061003115
1,   748.301393355
1,   748.552903165
1,   748.779337738
1,   748.985878095
1,   749.140838115
1,   749.316382879
1,   749.501757541
1,   749.698495437
1,   749.917642223
1,   750.148395508
1,   750.376740055
1,   750.597282833
1,   750.854545285
1,   751.127557895
1,   751.402971407
1,   751.669883192
1,   751.936941111
1,   752.205107650
1,   752.465080511
1,   752.721048664
1,   752.988855067
1,   753.259586867
1,   753.537841251
1,   753.847623323
1,   754.163940411
1,   754.490437071
1,   754.820739563
1,   755.153841653
1,   755.483799189
1,   755.800773908
1,   756.121286926
1,   756.456027865
1,   756.798740184
1,   757.141154047
1,   757.488824165
1,   757.831189472
1,   758.176442579
1,   758.524350607
1,   758.875832587
1,   759.246429346
1,   759.624712944
1,   760.011031118
1,   760.408788224
1,   760.804866786
1,   761.204648043
1,   761.596944377
1,   761.985055654
1,   762.370066428
1,   762.753051938
1,   763.173143110
1,   763.598448826
1,   764.028349674
1,   764.447599351
1,   764.839001609
1,   765.233545323
1,   765.627531075
1,   766.003144127
1,   766.373541735
1,   766.747247470
1,   767.120535387
1,   767.489824088
1,   767.853583007
1,   768.210608169
1,   768.557114326
1,   768.900299318
1,   769.202865762
1,   769.517619301
1,   769.840836528
1,   770.163069025
1,   770.505544154
1,   770.879679322
1,   771.264191747
1,   771.656719211
1,   772.054707941
1,   772.455937289
1,   772.861726998
1,   773.271601091
1,   773.682301006
1,   774.091031292
1,   774.496190997
1,   774.885913026
1,   775.263304573
1,   775.627563717
1,   775.979655164
1,   776.326903785
1,   776.684557619
1,   777.048927630
1,   777.418334214
1,   777.778684659
1,   778.129604649
1,   778.475391490
1,   778.820974712
1,   779.179990950
1,   779.557152602
1,   779.947974514
1,   780.330219645
1,   780.686052261
1,   781.025888523
1,   781.356154747
1,   781.684214213
1,   782.025562205
1,   782.381273538
1,   782.754387199
1,   783.135077065
