1,     0.411555416
1,     0.330274361
1,     0.302349718
1,     0.308004352
1,     0.338674710
1,     0.363865179
1,     0.335598325
1,     0.331260677
1,     0.378325844
1,     0.426725477
1,     0.477152022
1,     0.442052983
1,     0.381583070
1,     0.401759671
1,     0.392564775
1,     0.367482840
1,     0.397133855
1,     0.438001768
1,     0.490943338
1,     0.527737269
1,     0.500583120
1,     0.419560044
1,     0.421607829
1,     0.411723865
1,     0.396579698
1,     0.420538136
1,     0.449770602
1,     0.448741609
1,     0.441378119
1,     0.441887587
1,     0.451085125
1,     0.431532635
1,     0.442963760
1,     0.425411685
1,     0.365034235
1,     0.315359446
1,     0.301562381
1,     0.315708516
1,     0.311651339
1,     0.293717693
1,     0.277873911
1,     0.270439220
1,     0.303025997
1,     0.330653989
1,     0.355499600
1,     0.374054407
1,     0.372813613
1,     0.365649696
1,     0.383941628
1,     0.382712925
1,     0.379296037
1,     0.353547229
1,     0.339111568
1,     0.369231332
1,     0.392404305
1,     0.372740622
1,     0.383538975
1,     0.398738079
1,     0.361707824
1,     0.333527357
1,     0.342709452
1,     0.353810375
1,     0.363072047
1,     0.369844924
1,     0.386975722
1,     0.401056599
1,     0.381053462
1,     0.367746975
1,     0.369711294
1,     0.387798904
1,     0.417312122
1,     0.415852470
1,     0.423066180
1,     0.418417761
1,     0.419747263
1,     0.437714024
1,     0.485863265
1,     0.521679764
1,     0.466263345
1,     0.421378481
1,     0.403769652
1,     0.404230307
1,     0.417390686
1,     0.436549180
1,     0.384488387
1,     0.358966184
1,     0.359926695
1,     0.367816300
1,     0.348744746
1,     0.345565252
1,     0.357132744
1,     0.364517923
1,     0.355306443
1,     0.347019751
1,     0.325111519
1,     0.336997391
1,     0.352635322
1,     0.357894909
1,     0.376689587
1,     0.358262971
1,     0.358650816
1,     0.377551611
1,     0.373090306
1,     0.326411918
1,     0.311536292
1,     0.308615805
1,     0.302186165
1,     0.307672370
1,     0.316370276
1,     0.312837101
1,     0.302298016
1,     0.308481995
1,     0.318719514
1,     0.329287459
1,     0.339891408
1,     0.314400132
1,     0.279837530
1,     0.269596249
1,     0.264641207
1,     0.265763044
1,     0.275293933
1,     0.279197046
1,     0.284392361
1,     0.288706478
1,     0.281648718
1,     0.283561860
1,     0.297677093
1,     0.311793007
1,     0.295653401
1,     0.275996270
1,     0.278334145
1,     0.286083809
1,     0.265202990
1,     0.237672665
1,     0.226870546
1,     0.218256600
1,     0.190600263
1,     0.169733832
1,     0.155760817
1,     0.146852095
1,     0.147700229
1,     0.148634357
1,     0.155713752
1,     0.161823990
1,     0.165832391
1,     0.169573188
1,     0.170443442
1,     0.165806336
1,     0.160085494
1,     0.161345854
1,     0.160186458
1,     0.157167525
1,     0.165209268
1,     0.176921686
1,     0.189116969
1,     0.201628657
1,     0.204788817
1,     0.201022704
1,     0.182085458
1,     0.159925162
1,     0.156717808
1,     0.152096557
1,     0.146551499
1,     0.141915566
1,     0.133840534
1,     0.137286980
1,     0.141726228
1,     0.138175645
1,     0.134133944
1,     0.141570109
1,     0.146647968
1,     0.136337215
1,     0.131244501
1,     0.130578970
1,     0.134889646
1,     0.137915775
1,     0.135723110
1,     0.125310775
1,     0.119498720
1,     0.119480406
1,     0.125424731
1,     0.123303333
1,     0.117987474
1,     0.113937997
1,     0.106324637
1,     0.107792237
1,     0.105505560
1,     0.109933676
1,     0.110450339
1,     0.115128724
1,     0.115149984
1,     0.122972723
1,     0.125477087
1,     0.134145078
1,     0.131139585
1,     0.130499256
1,     0.125257938
1,     0.113628657
1,     0.113315917
1,     0.132584303
1,     0.135591435
1,     0.128755711
1,     0.127309113
1,     0.129068672
1,     0.129347431
1,     0.117682127
1,     0.118450361
1,     0.129998328
1,     0.141818186
1,     0.142974349
1,     0.143051409
1,     0.148026420
1,     0.151176994
1,     0.147692336
1,     0.137969935
1,     0.131574820
1,     0.133610902
1,     0.129522047
1,     0.126757029
1,     0.138931173
1,     0.151714562
1,     0.150398590
1,     0.165100995
1,     0.137143503
1,     0.111996688
1,     0.108234192
1,     0.115017040
1,     0.130400890
1,     0.138085875
1,     0.145168004
1,     0.139818608
1,     0.133805752
1,     0.133498928
1,     0.138051478
1,     0.140367075
1,     0.139296926
1,     0.140306445
1,     0.144925326
1,     0.148974411
1,     0.151757327
1,     0.146066007
1,     0.136662428
1,     0.142447215
1,     0.157900155
1,     0.166723900
1,     0.166993237
1,     0.163396110
1,     0.171951949
1,     0.180220069
1,     0.162486282
1,     0.153484719
1,     0.143818251
1,     0.136647115
1,     0.138117117
1,     0.152190547
1,     0.164958054
1,     0.181997864
1,     0.200746607
1,     0.191879437
1,     0.170867641
1,     0.141024318
1,     0.127178195
1,     0.131181303
1,     0.156124319
1,     0.186466518
1,     0.199846159
1,     0.213868070
1,     0.218788476
1,     0.207108934
1,     0.208084836
1,     0.184704212
1,     0.151506925
1,     0.163780825
1,     0.177418505
1,     0.199190494
1,     0.229484514
1,     0.240457419
1,     0.223247264
1,     0.228736171
1,     0.239007645
1,     0.236397436
1,     0.214210948
1,     0.205674894
1,     0.208086368
1,     0.212549590
1,     0.211310606
1,     0.180419450
1,     0.171292909
1,     0.196363837
1,     0.216557799
1,     0.226138551
1,     0.237715732
1,     0.231139250
1,     0.234291236
1,     0.226366613
1,     0.205676611
1,     0.168802409
1,     0.193424186
1,     0.203606518
1,     0.202110916
1,     0.208358867
1,     0.230189787
1,     0.263122270
1,     0.275309834
1,     0.275176601
1,     0.290304053
1,     0.300629955
1,     0.248252614
1,     0.233443385
1,     0.261968538
1,     0.314504010
1,     0.367081761
1,     0.386859404
1,     0.409140999
1,     0.400449687
1,     0.426391655
1,     0.411174530
1,     0.376271194
1,     0.389132237
1,     0.384228827
1,     0.405756622
1,     0.454186774
1,     0.489136783
1,     0.447640871
1,     0.394807637
1,     0.406911171
1,     0.439565491
1,     0.471283402
1,     0.475852161
1,     0.438587163
1,     0.399777305
1,     0.394962924
1,     0.389795904
1,     0.341405237
1,     0.345204100
1,     0.391349088
1,     0.437130081
1,     0.404002542
1,     0.298332443
1,     0.242231871
1,     0.258781105
1,     0.312262134
1,     0.311884557
1,     0.271903667
1,     0.292838891
1,     0.328424807
1,     0.336697140
1,     0.368916821
1,     0.439898826
1,     0.522901871
1,     0.575572766
1,     0.577623960
1,     0.544166817
1,     0.570064153
1,     0.612368610
1,     0.651267166
1,     0.602300437
1,     0.546521102
1,     0.523191211
1,     0.469017694
1,     0.455867176
1,     0.476267312
1,     0.528058307
1,     0.543468827
1,     0.488357183
1,     0.413208440
1,     0.387762818
1,     0.416055054
1,     0.451229492
1,     0.475203175
1,     0.507600780
1,     0.577401497
1,     0.564638032
1,     0.469019388
1,     0.475778074
1,     0.462226323
1,     0.451156132
1,     0.486337302
1,     0.532488975
1,     0.564553333
1,     0.588440145
1,     0.650965480
1,     0.726171016
1,     0.675298573
1,     0.667621650
1,     0.712097099
1,     0.677521531
1,     0.600525576
1,     0.613798114
1,     0.687211116
1,     0.772426769
1,     0.713201012
1,     0.654245438
1,     0.679189560
1,     0.730062947
1,     0.605311576
1,     0.562599326
1,     0.575509169
1,     0.587950474
1,     0.601629852
1,     0.644324258
1,     0.674107191
1,     0.689059879
1,     0.699172120
1,     0.652599540
1,     0.639797706
1,     0.625729636
1,     0.632741360
1,     0.628197031
1,     0.624549521
1,     0.656227655
1,     0.635567439
1,     0.606817862
1,     0.574871914
1,     0.586247323
1,     0.556053601
1,     0.486682698
1,     0.473160682
1,     0.499797577
1,     0.510226456
1,     0.521921710
1,     0.545794281
1,     0.536363835
1,     0.490511216
1,     0.393459242
1,     0.341499602
1,     0.359215455
1,     0.379446727
1,     0.389368090
1,     0.400196538
1,     0.415091327
1,     0.409490058
1,     0.368408229
1,     0.343374464
1,     0.357143663
1,     0.388750300
1,     0.421224415
1,     0.448249289
1,     0.455590704
1,     0.459113967
1,     0.480055158
1,     0.516368261
1,     0.485550058
1,     0.377994849
1,     0.324633296
1,     0.321758124
1,     0.332328021
1,     0.344786537
1,     0.366633261
1,     0.404940535
1,     0.428668576
1,     0.425558487
1,     0.398490179
1,     0.383184227
1,     0.372159397
1,     0.371172300
1,     0.356294071
1,     0.339351564
1,     0.304364616
1,     0.287441291
1,     0.299628870
1,     0.319070661
1,     0.320238556
1,     0.302405253
1,     0.301264004
1,     0.314499193
1,     0.329263994
1,     0.330754392
1,     0.310547401
1,     0.277358117
1,     0.250745850
1,     0.257882958
1,     0.267366023
1,     0.269817897
1,     0.280997613
1,     0.294255275
1,     0.308016262
1,     0.313767699
1,     0.311729623
1,     0.301192437
1,     0.294304082
1,     0.290287329
1,     0.285245225
1,     0.291718631
1,     0.281435644
1,     0.269073148
1,     0.263344127
1,     0.268991095
1,     0.246529388
1,     0.251466194
1,     0.277584260
1,     0.297608893
1,     0.292195421
1,     0.266286722
1,     0.247848333
1,     0.230699226
1,     0.228068624
1,     0.233113921
1,     0.241193994
1,     0.250131568
1,     0.250119604
1,     0.253078644
1,     0.245752685
1,     0.238694740
1,     0.195668124
1,     0.172453621
1,     0.169791156
1,     0.178007176
1,     0.180620391
1,     0.183195057
1,     0.183397813
1,     0.178966396
1,     0.182336100
1,     0.188479481
1,     0.191277657
1,     0.192440235
1,     0.187903090
1,     0.188901983
1,     0.192544287
1,     0.189797781
1,     0.166651071
1,     0.147426931
1,     0.139320680
1,     0.138452816
1,     0.136042369
1,     0.132717349
1,     0.131705558
1,     0.144169522
1,     0.138249330
1,     0.128642074
1,     0.130180060
1,     0.131401616
1,     0.131176947
1,     0.131779040
1,     0.130471421
1,     0.127325137
1,     0.121450340
1,     0.114104482
1,     0.112233450
1,     0.111722894
1,     0.111497578
1,     0.111698899
1,     0.113494594
1,     0.114170433
1,     0.113810983
1,     0.112937671
1,     0.112421550
1,     0.110841716
1,     0.110380197
1,     0.110107858
1,     0.108838398
1,     0.109207201
1,     0.109928475
1,     0.111069112
1,     0.112088782
1,     0.113109765
1,     0.116281058
1,     0.119635555
1,     0.112577438
1,     0.111928468
1,     0.113715940
1,     0.117463471
1,     0.121717666
1,     0.127974053
1,     0.134504112
1,     0.128559573
1,     0.126664854
1,     0.132423253
1,     0.139929742
1,     0.119873369
1,     0.112958379
1,     0.110925500
1,     0.106115094
1,     0.104352059
1,     0.103105977
1,     0.102599197
1,     0.103172940
1,     0.103900481
1,     0.104494341
1,     0.105395709
1,     0.105303690
1,     0.105082466
1,     0.103616206
1,     0.103745450
1,     0.103504563
1,     0.102766119
1,     0.102122924
1,     0.103666017
1,     0.104382037
1,     0.104673514
1,     0.105296498
1,     0.102468586
1,     0.103205831
1,     0.103583852
1,     0.102529287
1,     0.101600528
1,     0.102010168
1,     0.102448716
1,     0.102824574
1,     0.103497324
1,     0.102910780
1,     0.101878561
1,     0.100933601
1,     0.100728293
1,     0.101580830
1,     0.102270787
1,     0.102012785
1,     0.100322997
1,     0.100766648
1,     0.101678558
1,     0.101770152
1,     0.103390006
1,     0.106571460
1,     0.107920180
1,     0.108524934
1,     0.109153698
1,     0.110007684
1,     0.111437645
1,     0.111766214
1,     0.111728312
1,     0.109625579
1,     0.105001826
1,     0.102706926
1,     0.103356306
1,     0.105152966
1,     0.108348927
1,     0.110582386
1,     0.111443425
1,     0.113383950
1,     0.114762009
1,     0.115420414
1,     0.115449571
1,     0.115492243
1,     0.115531072
1,     0.113928990
1,     0.110618112
1,     0.112249188
1,     0.112383626
1,     0.112901815
1,     0.113440603
1,     0.115125024
1,     0.114924667
1,     0.126908017
1,     0.149092864
1,     0.169069640
1,     0.167013031
1,     0.166519588
1,     0.151695903
1,     0.153266616
1,     0.165370308
1,     0.183176122
1,     0.206837086
1,     0.219020520
1,     0.235702834
1,     0.253713143
1,     0.278049107
1,     0.278257817
1,     0.245052785
1,     0.254360267
1,     0.244366219
1,     0.229124568
1,     0.253007350
1,     0.259107905
1,     0.242208136
1,     0.244167939
1,     0.238871836
1,     0.230140504
1,     0.218985288
1,     0.211924126
1,     0.195598197
1,     0.199011108
1,     0.223790233
1,     0.251407313
1,     0.290792791
1,     0.318549535
1,     0.343243804
1,     0.362103547
1,     0.382465544
1,     0.397989258
1,     0.411106835
1,     0.417226571
1,     0.409467231
1,     0.428881869
1,     0.478128056
1,     0.469618412
1,     0.391621733
1,     0.397348825
1,     0.468745126
1,     0.501426876
1,     0.454664780
1,     0.399724498
1,     0.362538037
1,     0.355729719
1,     0.348172428
1,     0.350040695
1,     0.374824589
1,     0.407316724
1,     0.444390760
1,     0.452750920
1,     0.424830559
1,     0.428475680
1,     0.417688043
1,     0.445659140
1,     0.466549128
1,     0.449967074
1,     0.474460831
1,     0.500704181
1,     0.531577018
1,     0.563224975
1,     0.558395347
1,     0.542270554
1,     0.515744301
1,     0.522713574
1,     0.565186212
1,     0.596359284
1,     0.634939189
1,     0.627792963
1,     0.612734876
1,     0.553008253
1,     0.528618049
1,     0.481900872
1,     0.482723045
1,     0.530332394
1,     0.572720785
1,     0.598057526
1,     0.577145405
1,     0.570725926
1,     0.595014718
1,     0.640828593
1,     0.671997660
1,     0.713931859
1,     0.764559460
1,     0.797897056
1,     0.806052826
1,     0.778931943
1,     0.651377148
1,     0.552751597
1,     0.487332399
1,     0.487652791
1,     0.530288162
1,     0.560653486
1,     0.585258730
1,     0.598350058
1,     0.613441273
1,     0.622095738
1,     0.650926940
1,     0.621606060
1,     0.555448018
1,     0.549420469
1,     0.619587932
1,     0.654986856
1,     0.639940997
1,     0.635265223
1,     0.641436572
1,     0.647719322
1,     0.635643245
1,     0.636502146
1,     0.651411706
1,     0.611652666
1,     0.546620546
1,     0.509574006
1,     0.532299722
1,     0.544008649
1,     0.558292175
1,     0.577890073
1,     0.648506438
1,     0.753597768
1,     0.847591724
1,     0.832037077
1,     0.745370748
1,     0.717523338
1,     0.753177327
1,     0.750402056
1,     0.841464260
1,     0.879557744
1,     0.904885688
1,     0.935098515
1,     0.874303827
1,     0.909306913
1,     0.937457616
1,     0.930766187
1,     0.944921351
1,     0.769539271
1,     0.692541766
1,     0.634562729
1,     0.582662266
1,     0.598401115
1,     0.650828720
1,     0.696780207
1,     0.662967996
1,     0.628085221
1,     0.657690857
1,     0.704701691
1,     0.719433156
1,     0.764677695
1,     0.753493796
1,     0.718518671
1,     0.737654219
1,     0.698177312
1,     0.674930484
1,     0.654370413
1,     0.633003144
1,     0.640562946
1,     0.645505597
1,     0.658639844
1,     0.653298402
1,     0.652316602
1,     0.647358004
1,     0.652544564
1,     0.669081774
1,     0.618450836
1,     0.599501162
1,     0.631354883
1,     0.646438789
1,     0.669818689
1,     0.701040149
1,     0.698831656
1,     0.682213888
1,     0.659861689
1,     0.540958922
1,     0.523726436
1,     0.521086689
1,     0.530145430
1,     0.566674317
1,     0.540883126
1,     0.524226757
1,     0.511898205
1,     0.536462587
1,     0.521676055
1,     0.521722124
1,     0.530599845
1,     0.514752037
1,     0.519001214
1,     0.514685895
1,     0.568155216
1,     0.619917893
1,     0.629273625
1,     0.527540200
1,     0.457866116
1,     0.447227801
1,     0.446096811
1,     0.473353218
1,     0.504815128
1,     0.515144603
1,     0.523583559
1,     0.540897388
1,     0.492555217
1,     0.437503831
1,     0.420841844
1,     0.409071327
1,     0.408783536
1,     0.421628843
1,     0.426126774
1,     0.430791927
1,     0.444616028
1,     0.441173126
1,     0.429402696
1,     0.409526307
1,     0.397300845
1,     0.384358271
1,     0.353235866
1,     0.324384811
1,     0.309585499
1,     0.314021578
1,     0.318296845
1,     0.328498040
1,     0.305422041
1,     0.294532631
1,     0.288652916
1,     0.271794232
1,     0.259570055
1,     0.276652342
1,     0.308294727
1,     0.316857825
1,     0.309697354
1,     0.300825849
1,     0.282125068
1,     0.246625160
1,     0.227657389
1,     0.207907132
1,     0.203439306
1,     0.213503240
1,     0.223136042
1,     0.221955729
1,     0.214666826
1,     0.200690716
1,     0.197117625
1,     0.204762079
1,     0.221272067
1,     0.233494832
1,     0.239948518
1,     0.240269489
1,     0.229047608
1,     0.215486008
1,     0.211079363
1,     0.218201615
1,     0.187845561
1,     0.167862408
1,     0.171412928
1,     0.161684824
1,     0.156720795
1,     0.150090336
1,     0.149192840
1,     0.159926400
1,     0.182939640
1,     0.174578319
1,     0.160689120
1,     0.151604802
1,     0.150835365
1,     0.148649716
1,     0.146201874
1,     0.155071009
1,     0.153728466
1,     0.154126127
1,     0.162371397
1,     0.169952738
1,     0.159729098
1,     0.146989173
1,     0.140328946
1,     0.137581173
1,     0.145887460
1,     0.168045014
1,     0.168883255
1,     0.167250935
1,     0.164586089
1,     0.155204099
1,     0.158582100
1,     0.159533260
1,     0.146905257
1,     0.140236303
1,     0.137977123
1,     0.139701758
1,     0.153834621
1,     0.165539619
1,     0.165349933
1,     0.158198554
1,     0.157621302
1,     0.156877873
1,     0.155527408
1,     0.141022635
1,     0.137825728
1,     0.141162000
1,     0.151126507
1,     0.159067566
1,     0.161938944
1,     0.149228656
1,     0.138067680
1,     0.136889234
1,     0.135876083
1,     0.134340419
1,     0.133381122
1,     0.132936066
1,     0.129691919
1,     0.131422524
1,     0.131926599
1,     0.130986165
1,     0.129539264
1,     0.128577698
1,     0.129007542
1,     0.131576158
1,     0.131984039
1,     0.134626048
1,     0.139853731
1,     0.153356763
1,     0.174406742
1,     0.187474550
1,     0.197319337
1,     0.215276109
1,     0.236641063
1,     0.254869202
1,     0.260095564
1,     0.247957178
1,     0.232265919
1,     0.212372575
1,     0.207877976
1,     0.207447661
1,     0.195048210
1,     0.174347881
1,     0.174034757
1,     0.170157930
1,     0.183715700
1,     0.199380663
1,     0.196570838
1,     0.189725605
1,     0.172855032
1,     0.153090580
1,     0.149083607
1,     0.146060443
1,     0.145698854
1,     0.162054649
1,     0.183075725
1,     0.201426709
1,     0.221152479
1,     0.237474063
1,     0.270481047
1,     0.297806059
1,     0.289247037
1,     0.272233295
1,     0.267963839
1,     0.286585367
1,     0.292802852
1,     0.304141455
1,     0.325964743
1,     0.313231475
1,     0.282262028
1,     0.278146271
1,     0.296681141
1,     0.299248038
1,     0.297591931
1,     0.308258089
1,     0.311731756
1,     0.277243493
1,     0.289808023
1,     0.332654229
1,     0.365288161
1,     0.411286994
1,     0.449202970
1,     0.421398831
1,     0.349529703
1,     0.322420462
1,     0.314004197
1,     0.308165419
1,     0.311072294
1,     0.330611373
1,     0.328848531
1,     0.334070789
1,     0.372294306
1,     0.371054272
1,     0.380762671
1,     0.418743939
1,     0.382912049
1,     0.324550601
1,     0.341791380
1,     0.364717731
1,     0.386812228
1,     0.387218085
1,     0.392164572
1,     0.337060609
1,     0.338426626
1,     0.352316854
1,     0.334268427
1,     0.306907172
1,     0.317207461
1,     0.341033956
1,     0.357731204
1,     0.357449042
1,     0.356450504
1,     0.340761286
1,     0.302426837
1,     0.328305496
1,     0.362380991
1,     0.406781311
1,     0.479279999
1,     0.443190853
1,     0.398564393
1,     0.404746822
1,     0.429128582
1,     0.433157028
1,     0.463358462
1,     0.497900579
1,     0.539142622
1,     0.593905401
1,     0.652218605
1,     0.666303107
1,     0.681159809
1,     0.617905519
1,     0.522267244
1,     0.514709334
1,     0.511695941
1,     0.522941437
1,     0.530979440
1,     0.525774573
1,     0.537948188
1,     0.568740190
1,     0.549584571
1,     0.535201288
1,     0.549755716
1,     0.541482193
1,     0.503433240
1,     0.505812170
1,     0.536517168
1,     0.577784526
1,     0.623050724
1,     0.659393687
1,     0.592749024
1,     0.600677087
1,     0.656667233
1,     0.695481223
1,     0.721219246
1,     0.704133573
1,     0.660062494
1,     0.621612575
1,     0.508204933
1,     0.490861631
1,     0.527121746
1,     0.606249897
1,     0.680372946
1,     0.677367838
1,     0.684484838
1,     0.640581962
1,     0.539477629
1,     0.523782676
1,     0.512072314
1,     0.518040188
1,     0.544811851
1,     0.590772479
1,     0.631092617
1,     0.702308587
1,     0.801326928
1,     0.896829108
1,     0.911351292
1,     0.734601518
1,     0.679279810
1,     0.709394833
1,     0.751900509
1,     0.688601749
1,     0.674390726
1,     0.718630882
1,     0.724768601
1,     0.730214233
1,     0.722987991
1,     0.728041248
1,     0.739475584
1,     0.758366555
1,     0.767347227
1,     0.748346911
1,     0.773803284
1,     0.834360997
1,     0.715594300
1,     0.502462493
1,     0.437273871
1,     0.445024448
1,     0.480261026
1,     0.546030786
1,     0.606742329
1,     0.572914226
1,     0.545680234
1,     0.556395184
1,     0.575903622
1,     0.592209190
1,     0.626907157
1,     0.649981963
1,     0.607147416
1,     0.585499444
1,     0.615822016
1,     0.678477688
1,     0.635146963
1,     0.599978911
1,     0.641365291
1,     0.694045899
1,     0.730737430
1,     0.768579106
1,     0.759872204
1,     0.744495668
1,     0.751193248
1,     0.821017262
1,     0.866934875
1,     0.803262948
1,     0.779943571
1,     0.632619465
1,     0.532990850
1,     0.549629150
1,     0.567515026
1,     0.575364032
1,     0.594678889
1,     0.632132067
1,     0.710813350
1,     0.773590894
1,     0.810049235
1,     0.838868973
1,     0.721650534
1,     0.627609180
1,     0.572817520
1,     0.551784845
1,     0.565010492
1,     0.546069511
1,     0.494056382
1,     0.502557655
1,     0.500097743
1,     0.489476577
1,     0.450473772
1,     0.436619414
1,     0.467672285
1,     0.489006161
1,     0.490022601
1,     0.505727390
1,     0.558325965
1,     0.602546110
1,     0.588644763
1,     0.546319091
1,     0.527440102
1,     0.555809310
1,     0.568616296
1,     0.560844730
1,     0.611259873
1,     0.649502028
1,     0.644869246
1,     0.623995046
1,     0.620409745
1,     0.598171139
1,     0.541449204
1,     0.524989866
1,     0.530579202
1,     0.546318897
1,     0.497718134
1,     0.480377360
1,     0.485552678
1,     0.509379491
1,     0.521086452
1,     0.532010400
1,     0.557105258
1,     0.575338828
1,     0.568956903
1,     0.573614011
1,     0.555511956
1,     0.503080076
1,     0.498837903
1,     0.486176354
1,     0.483033678
1,     0.481140541
1,     0.489167347
1,     0.512654612
1,     0.507014284
1,     0.481578614
1,     0.466458322
1,     0.465392724
1,     0.455595302
1,     0.464196894
1,     0.458328243
1,     0.452579239
1,     0.445275719
1,     0.411450636
1,     0.396678397
1,     0.381534248
1,     0.360878525
1,     0.361997788
1,     0.354106097
1,     0.364910028
1,     0.370257300
1,     0.357693712
1,     0.349649382
1,     0.286968704
1,     0.258708255
1,     0.237500564
1,     0.245974210
1,     0.288598504
1,     0.286391760
1,     0.288547185
1,     0.318948587
1,     0.330881686
1,     0.328909209
1,     0.332292065
1,     0.340759705
1,     0.349624067
1,     0.359536110
1,     0.376070620
1,     0.379704143
1,     0.348373638
1,     0.321039881
1,     0.307367871
1,     0.307493742
1,     0.277026936
1,     0.231343538
1,     0.215961727
1,     0.203994699
1,     0.195574833
1,     0.190159646
1,     0.183076824
1,     0.176684769
1,     0.174515571
1,     0.175927560
1,     0.179399352
1,     0.198384202
1,     0.213635033
1,     0.230225475
1,     0.245734940
1,     0.251235396
1,     0.235707629
1,     0.225392081
1,     0.217442565
1,     0.228498889
1,     0.240179158
1,     0.246044794
1,     0.245144253
1,     0.225689592
1,     0.200415050
1,     0.181631787
1,     0.191578097
1,     0.225340689
1,     0.245898047
1,     0.257890862
1,     0.259767674
1,     0.240383051
1,     0.219901359
1,     0.195911618
1,     0.185090458
1,     0.200004184
