1,     0.000995228
1,     0.000853757
1,     0.000805039
1,     0.000795398
1,     0.000821698
1,     0.000837567
1,     0.000777844
1,     0.000760482
1,     0.000820450
1,     0.000882221
1,     0.000945067
1,     0.000881796
1,     0.000784787
1,     0.000806822
1,     0.000793715
1,     0.000771152
1,     0.000805473
1,     0.000854429
1,     0.000921455
1,     0.000978806
1,     0.000965338
1,     0.001029974
1,     0.001036428
1,     0.001020127
1,     0.000993140
1,     0.001030548
1,     0.001064886
1,     0.001037016
1,     0.000996046
1,     0.000970414
1,     0.001024838
1,     0.001007329
1,     0.001018772
1,     0.001030743
1,     0.000922454
1,     0.000812951
1,     0.000789574
1,     0.000811943
1,     0.000804408
1,     0.000774313
1,     0.000747638
1,     0.000734883
1,     0.000787146
1,     0.000836173
1,     0.000893286
1,     0.000918182
1,     0.000897434
1,     0.000884561
1,     0.000912907
1,     0.000909461
1,     0.000902878
1,     0.000860242
1,     0.000836072
1,     0.000883411
1,     0.000920860
1,     0.000887180
1,     0.000904359
1,     0.000927936
1,     0.000873083
1,     0.000838000
1,     0.000863930
1,     0.000888874
1,     0.000907480
1,     0.000920260
1,     0.000948553
1,     0.000967917
1,     0.000926507
1,     0.000894255
1,     0.000884892
1,     0.000900078
1,     0.000930259
1,     0.000912636
1,     0.000912620
1,     0.000897451
1,     0.000890290
1,     0.000906387
1,     0.000968262
1,     0.001013092
1,     0.000924543
1,     0.000854611
1,     0.000825247
1,     0.000821826
1,     0.000836517
1,     0.000878459
1,     0.000932347
1,     0.000877734
1,     0.000875894
1,     0.000885776
1,     0.000857527
1,     0.000860315
1,     0.000883739
1,     0.000896605
1,     0.000879727
1,     0.000864294
1,     0.000825528
1,     0.000837497
1,     0.000850507
1,     0.000845381
1,     0.000860836
1,     0.000849016
1,     0.000859095
1,     0.000873600
1,     0.000852586
1,     0.000793127
1,     0.000783126
1,     0.000777374
1,     0.000788386
1,     0.000794881
1,     0.000804642
1,     0.000797638
1,     0.000788960
1,     0.000797195
1,     0.000810632
1,     0.000822598
1,     0.000831848
1,     0.000789907
1,     0.000728740
1,     0.000704218
1,     0.000689604
1,     0.000684178
1,     0.000689749
1,     0.000687216
1,     0.000687486
1,     0.000687420
1,     0.000672215
1,     0.000668820
1,     0.000681352
1,     0.000695371
1,     0.000671522
1,     0.000654170
1,     0.000652813
1,     0.000658489
1,     0.000642223
1,     0.000632534
1,     0.000630577
1,     0.000649561
1,     0.000600996
1,     0.000564583
1,     0.000534896
1,     0.000508584
1,     0.000508930
1,     0.000508739
1,     0.000519823
1,     0.000529448
1,     0.000535661
1,     0.000541397
1,     0.000542617
1,     0.000535173
1,     0.000526036
1,     0.000527942
1,     0.000525965
1,     0.000521037
1,     0.000533626
1,     0.000551820
1,     0.000570550
1,     0.000589579
1,     0.000595143
1,     0.000588406
1,     0.000559378
1,     0.000524678
1,     0.000519593
1,     0.000512237
1,     0.000503363
1,     0.000495920
1,     0.000482802
1,     0.000488429
1,     0.000495646
1,     0.000489886
1,     0.000483242
1,     0.000495267
1,     0.000503327
1,     0.000486553
1,     0.000478182
1,     0.000477055
1,     0.000484050
1,     0.000488846
1,     0.000485184
1,     0.000467969
1,     0.000458236
1,     0.000458114
1,     0.000467925
1,     0.000464312
1,     0.000455352
1,     0.000448498
1,     0.000435429
1,     0.000437967
1,     0.000434070
1,     0.000441682
1,     0.000442520
1,     0.000450420
1,     0.000450389
1,     0.000463368
1,     0.000467404
1,     0.000481496
1,     0.000476478
1,     0.000475398
1,     0.000466672
1,     0.000447235
1,     0.000446692
1,     0.000478567
1,     0.000483334
1,     0.000472108
1,     0.000469607
1,     0.000472397
1,     0.000472748
1,     0.000453380
1,     0.000454563
1,     0.000473501
1,     0.000492444
1,     0.000494160
1,     0.000494239
1,     0.000502044
1,     0.000506869
1,     0.000501252
1,     0.000485659
1,     0.000475331
1,     0.000478525
1,     0.000471762
1,     0.000467248
1,     0.000486873
1,     0.000506967
1,     0.000504721
1,     0.000527455
1,     0.000483392
1,     0.000442192
1,     0.000435829
1,     0.000447118
1,     0.000472232
1,     0.000484414
1,     0.000495487
1,     0.000486844
1,     0.000477125
1,     0.000476475
1,     0.000483596
1,     0.000487099
1,     0.000485219
1,     0.000486636
1,     0.000493736
1,     0.000499880
1,     0.000504011
1,     0.000494939
1,     0.000480122
1,     0.000489204
1,     0.000513114
1,     0.000526424
1,     0.000526597
1,     0.000521045
1,     0.000533956
1,     0.000546178
1,     0.000519200
1,     0.000505322
1,     0.000490100
1,     0.000478767
1,     0.000480911
1,     0.000502656
1,     0.000521949
1,     0.000547320
1,     0.000574769
1,     0.000561380
1,     0.000530044
1,     0.000484199
1,     0.000462336
1,     0.000468626
1,     0.000507174
1,     0.000552488
1,     0.000571864
1,     0.000592073
1,     0.000598853
1,     0.000581587
1,     0.000582632
1,     0.000548162
1,     0.000498256
1,     0.000516629
1,     0.000536668
1,     0.000568251
1,     0.000611435
1,     0.000626626
1,     0.000601900
1,     0.000609413
1,     0.000623563
1,     0.000619760
1,     0.000587874
1,     0.000575283
1,     0.000578536
1,     0.000584568
1,     0.000582406
1,     0.000537678
1,     0.000524151
1,     0.000560492
1,     0.000589041
1,     0.000602194
1,     0.000618025
1,     0.000608349
1,     0.000612305
1,     0.000600740
1,     0.000571174
1,     0.000517933
1,     0.000553297
1,     0.000567410
1,     0.000564921
1,     0.000575745
1,     0.000612555
1,     0.000667498
1,     0.000692209
1,     0.000697307
1,     0.000720183
1,     0.000733703
1,     0.000656953
1,     0.000633661
1,     0.000669056
1,     0.000733740
1,     0.000792417
1,     0.000807720
1,     0.000829294
1,     0.000811919
1,     0.000841701
1,     0.000817808
1,     0.000768982
1,     0.000782005
1,     0.000771544
1,     0.000794996
1,     0.000852342
1,     0.000892511
1,     0.000844281
1,     0.000802802
1,     0.000811045
1,     0.000844206
1,     0.000878614
1,     0.000886738
1,     0.000908196
1,     0.000860294
1,     0.000851568
1,     0.000841417
1,     0.000778307
1,     0.000782554
1,     0.000838780
1,     0.000884272
1,     0.000827987
1,     0.000715031
1,     0.000625665
1,     0.000651184
1,     0.000732323
1,     0.000731964
1,     0.000675592
1,     0.000706140
1,     0.000751793
1,     0.000752146
1,     0.000775226
1,     0.000841625
1,     0.000925754
1,     0.000980054
1,     0.001004919
1,     0.000996160
1,     0.001005347
1,     0.001036490
1,     0.001065637
1,     0.000991520
1,     0.000913571
1,     0.000879280
1,     0.000811215
1,     0.000793397
1,     0.000818866
1,     0.000881308
1,     0.000894295
1,     0.000862206
1,     0.000855944
1,     0.000817600
1,     0.000839689
1,     0.000859140
1,     0.000858343
1,     0.000872653
1,     0.000935566
1,     0.000909617
1,     0.000792488
1,     0.000792765
1,     0.000771563
1,     0.000755006
1,     0.000791256
1,     0.000839932
1,     0.000873025
1,     0.000896780
1,     0.000963694
1,     0.001045059
1,     0.000981720
1,     0.000969902
1,     0.001017129
1,     0.000974414
1,     0.000886809
1,     0.000900537
1,     0.000981289
1,     0.001076061
1,     0.001005679
1,     0.000938563
1,     0.000964825
1,     0.001020142
1,     0.000884444
1,     0.000837418
1,     0.000850085
1,     0.000862266
1,     0.000875639
1,     0.000920564
1,     0.000951689
1,     0.000966785
1,     0.000976315
1,     0.000933978
1,     0.001095506
1,     0.001054313
1,     0.001043596
1,     0.001021937
1,     0.001005768
1,     0.001032037
1,     0.001004463
1,     0.000988996
1,     0.000938266
1,     0.000940948
1,     0.000897888
1,     0.000948124
1,     0.000928198
1,     0.000959661
1,     0.000977344
1,     0.000993395
1,     0.001015605
1,     0.001012330
1,     0.000942998
1,     0.000817401
1,     0.000752951
1,     0.000777195
1,     0.000800332
1,     0.000806680
1,     0.000811142
1,     0.000819237
1,     0.000828074
1,     0.000769507
1,     0.000733297
1,     0.000745174
1,     0.000769897
1,     0.000791206
1,     0.000807936
1,     0.000804066
1,     0.000799126
1,     0.000817248
1,     0.000852116
1,     0.000835922
1,     0.000780037
1,     0.000706275
1,     0.000693428
1,     0.000696565
1,     0.000700269
1,     0.000713123
1,     0.000743784
1,     0.000761489
1,     0.000769719
1,     0.000775823
1,     0.000761215
1,     0.000736891
1,     0.000726145
1,     0.000713850
1,     0.000707005
1,     0.000655270
1,     0.000625534
1,     0.000628310
1,     0.000639973
1,     0.000637381
1,     0.000618451
1,     0.000610425
1,     0.000619214
1,     0.000631252
1,     0.000657644
1,     0.000698601
1,     0.000657567
1,     0.000623711
1,     0.000630033
1,     0.000637891
1,     0.000635423
1,     0.000642995
1,     0.000651483
1,     0.000659530
1,     0.000657988
1,     0.000647035
1,     0.000627847
1,     0.000613389
1,     0.000635246
1,     0.000664392
1,     0.000670550
1,     0.000654237
1,     0.000635247
1,     0.000623930
1,     0.000624952
1,     0.000590289
1,     0.000588047
1,     0.000609763
1,     0.000622776
1,     0.000607888
1,     0.000594036
1,     0.000581359
1,     0.000555149
1,     0.000549482
1,     0.000554680
1,     0.000560725
1,     0.000570736
1,     0.000571021
1,     0.000571715
1,     0.000575284
1,     0.000603192
1,     0.000545344
1,     0.000503849
1,     0.000490402
1,     0.000498283
1,     0.000500530
1,     0.000503506
1,     0.000505348
1,     0.000502606
1,     0.000509280
1,     0.000519245
1,     0.000525271
1,     0.000529097
1,     0.000519952
1,     0.000512767
1,     0.000514242
1,     0.000510713
1,     0.000480874
1,     0.000455432
1,     0.000444402
1,     0.000443217
1,     0.000439851
1,     0.000435198
1,     0.000433728
1,     0.000450670
1,     0.000442575
1,     0.000429319
1,     0.000431465
1,     0.000433154
1,     0.000432834
1,     0.000433588
1,     0.000431704
1,     0.000427260
1,     0.000418962
1,     0.000408527
1,     0.000405849
1,     0.000405073
1,     0.000404698
1,     0.000404936
1,     0.000407475
1,     0.000408480
1,     0.000407955
1,     0.000406714
1,     0.000405962
1,     0.000403643
1,     0.000402930
1,     0.000402497
1,     0.000400592
1,     0.000401109
1,     0.000402131
1,     0.000403723
1,     0.000405167
1,     0.000406561
1,     0.000411027
1,     0.000415808
1,     0.000405754
1,     0.000404768
1,     0.000407262
1,     0.000412530
1,     0.000418522
1,     0.000427155
1,     0.000436038
1,     0.000427785
1,     0.000425104
1,     0.000432999
1,     0.000443179
1,     0.000415588
1,     0.000405781
1,     0.000402877
1,     0.000395883
1,     0.000393273
1,     0.000391400
1,     0.000390651
1,     0.000391462
1,     0.000392467
1,     0.000393260
1,     0.000394490
1,     0.000394263
1,     0.000393863
1,     0.000391736
1,     0.000391901
1,     0.000391511
1,     0.000390390
1,     0.000389392
1,     0.000391574
1,     0.000392527
1,     0.000392934
1,     0.000393880
1,     0.000389724
1,     0.000390714
1,     0.000391177
1,     0.000389594
1,     0.000388187
1,     0.000388726
1,     0.000389275
1,     0.000389770
1,     0.000390757
1,     0.000389871
1,     0.000388390
1,     0.000386989
1,     0.000386631
1,     0.000387831
1,     0.000388781
1,     0.000388296
1,     0.000385802
1,     0.000386418
1,     0.000387671
1,     0.000387704
1,     0.000389981
1,     0.000394459
1,     0.000396299
1,     0.000397158
1,     0.000397922
1,     0.000399002
1,     0.000400920
1,     0.000401280
1,     0.000401138
1,     0.000398099
1,     0.000391387
1,     0.000388055
1,     0.000388967
1,     0.000391534
1,     0.000396100
1,     0.000399225
1,     0.000400377
1,     0.000402955
1,     0.000404785
1,     0.000405589
1,     0.000405595
1,     0.000405572
1,     0.000405543
1,     0.000403169
1,     0.000398473
1,     0.000400612
1,     0.000400708
1,     0.000401260
1,     0.000402004
1,     0.000404335
1,     0.000403931
1,     0.000420366
1,     0.000449714
1,     0.000475121
1,     0.000472300
1,     0.000471615
1,     0.000452466
1,     0.000454403
1,     0.000469608
1,     0.000491628
1,     0.000520245
1,     0.000534549
1,     0.000554179
1,     0.000574895
1,     0.000602646
1,     0.000602542
1,     0.000564051
1,     0.000574614
1,     0.000562709
1,     0.000544613
1,     0.000572261
1,     0.000578940
1,     0.000559326
1,     0.000561408
1,     0.000554888
1,     0.000544527
1,     0.000531322
1,     0.000522709
1,     0.000503198
1,     0.000507145
1,     0.000536306
1,     0.000567983
1,     0.000612392
1,     0.000643137
1,     0.000670309
1,     0.000690723
1,     0.000712749
1,     0.000732456
1,     0.000758918
1,     0.000776023
1,     0.000774159
1,     0.000800218
1,     0.000856708
1,     0.000841212
1,     0.000748850
1,     0.000748833
1,     0.000819397
1,     0.000873037
1,     0.000806825
1,     0.000725870
1,     0.000685314
1,     0.000677562
1,     0.000668806
1,     0.000670308
1,     0.000696538
1,     0.000731063
1,     0.000770194
1,     0.000783089
1,     0.000748179
1,     0.000752010
1,     0.000740110
1,     0.000770041
1,     0.000791937
1,     0.000773352
1,     0.000808838
1,     0.000847374
1,     0.000891197
1,     0.000936268
1,     0.000932718
1,     0.000908089
1,     0.000868868
1,     0.000866081
1,     0.000901963
1,     0.000931212
1,     0.000961986
1,     0.000955937
1,     0.000944994
1,     0.000921055
1,     0.000871216
1,     0.000799109
1,     0.000800025
1,     0.000849521
1,     0.000893421
1,     0.000919631
1,     0.000905556
1,     0.000913629
1,     0.000952186
1,     0.001011057
1,     0.001046193
1,     0.001084283
1,     0.001122129
1,     0.001137554
1,     0.001130925
1,     0.001092343
1,     0.000998166
1,     0.000881195
1,     0.000798559
1,     0.000797471
1,     0.000846277
1,     0.000898518
1,     0.000938656
1,     0.000957003
1,     0.000973048
1,     0.000971733
1,     0.000989254
1,     0.000977867
1,     0.000894655
1,     0.000869410
1,     0.000926019
1,     0.001003138
1,     0.000988207
1,     0.000991067
1,     0.000993295
1,     0.000984269
1,     0.000949718
1,     0.000930742
1,     0.000925088
1,     0.000872114
1,     0.000821719
1,     0.000797369
1,     0.000808956
1,     0.000808099
1,     0.000814040
1,     0.000825165
1,     0.000885396
1,     0.000980620
1,     0.001067642
1,     0.001068931
1,     0.001018558
1,     0.000995340
1,     0.001025037
1,     0.001045998
1,     0.001118435
1,     0.001135407
1,     0.001143564
1,     0.001159417
1,     0.001085739
1,     0.001111082
1,     0.001129366
1,     0.001115141
1,     0.001124317
1,     0.000959481
1,     0.000885686
1,     0.000830392
1,     0.000803436
1,     0.000814168
1,     0.000854368
1,     0.000889993
1,     0.000853367
1,     0.000817976
1,     0.000842040
1,     0.000882248
1,     0.000892932
1,     0.000931393
1,     0.000918473
1,     0.000885366
1,     0.000900801
1,     0.000864834
1,     0.000843808
1,     0.000823818
1,     0.000803665
1,     0.000808685
1,     0.000811287
1,     0.000821122
1,     0.000814567
1,     0.000812368
1,     0.000807183
1,     0.000810998
1,     0.000824495
1,     0.000779731
1,     0.000762729
1,     0.000789587
1,     0.000801903
1,     0.000821347
1,     0.000847369
1,     0.000844359
1,     0.000829323
1,     0.000809107
1,     0.000706691
1,     0.000691730
1,     0.000688971
1,     0.000696111
1,     0.000726832
1,     0.000731442
1,     0.000751828
1,     0.000751040
1,     0.000783926
1,     0.000761409
1,     0.000754494
1,     0.000756257
1,     0.000743458
1,     0.000748542
1,     0.000739334
1,     0.000783000
1,     0.000824494
1,     0.000836989
1,     0.000761612
1,     0.000693134
1,     0.000678361
1,     0.000672292
1,     0.000691974
1,     0.000716138
1,     0.000721863
1,     0.000727399
1,     0.000742130
1,     0.000708224
1,     0.000654559
1,     0.000636834
1,     0.000624850
1,     0.000622856
1,     0.000632111
1,     0.000634093
1,     0.000636366
1,     0.000646506
1,     0.000641203
1,     0.000628802
1,     0.000609831
1,     0.000598137
1,     0.000586403
1,     0.000558681
1,     0.000533052
1,     0.000522676
1,     0.000526592
1,     0.000529460
1,     0.000537743
1,     0.000525989
1,     0.000515991
1,     0.000562450
1,     0.000583576
1,     0.000567535
1,     0.000583590
1,     0.000613127
1,     0.000618128
1,     0.000629053
1,     0.000612989
1,     0.000577496
1,     0.000535617
1,     0.000513327
1,     0.000491229
1,     0.000486309
1,     0.000497183
1,     0.000507508
1,     0.000506165
1,     0.000498374
1,     0.000483204
1,     0.000479244
1,     0.000487526
1,     0.000505283
1,     0.000518242
1,     0.000525062
1,     0.000525456
1,     0.000513553
1,     0.000498999
1,     0.000494232
1,     0.000501936
1,     0.000468840
1,     0.000446408
1,     0.000450423
1,     0.000439256
1,     0.000433558
1,     0.000425841
1,     0.000424801
1,     0.000437290
1,     0.000463327
1,     0.000453905
1,     0.000438102
1,     0.000427582
1,     0.000426683
1,     0.000424067
1,     0.000421134
1,     0.000431536
1,     0.000429965
1,     0.000430378
1,     0.000439914
1,     0.000448532
1,     0.000436807
1,     0.000421972
1,     0.000414052
1,     0.000410721
1,     0.000420615
1,     0.000446252
1,     0.000447197
1,     0.000445356
1,     0.000442311
1,     0.000431479
1,     0.000435354
1,     0.000436390
1,     0.000421624
1,     0.000413717
1,     0.000410969
1,     0.000412975
1,     0.000429560
1,     0.000442965
1,     0.000442679
1,     0.000434475
1,     0.000433850
1,     0.000433012
1,     0.000431432
1,     0.000414370
1,     0.000410560
1,     0.000414537
1,     0.000426265
1,     0.000435399
1,     0.000438649
1,     0.000423902
1,     0.000410705
1,     0.000409285
1,     0.000408035
1,     0.000406175
1,     0.000404978
1,     0.000404406
1,     0.000400439
1,     0.000402542
1,     0.000403120
1,     0.000401924
1,     0.000400170
1,     0.000398999
1,     0.000399452
1,     0.000402518
1,     0.000402953
1,     0.000406092
1,     0.000412326
1,     0.000428122
1,     0.000452086
1,     0.000466506
1,     0.000477182
1,     0.000496407
1,     0.000518866
1,     0.000537697
1,     0.000542939
1,     0.000530225
1,     0.000513841
1,     0.000492805
1,     0.000487929
1,     0.000487351
1,     0.000473833
1,     0.000451005
1,     0.000450636
1,     0.000446221
1,     0.000461277
1,     0.000478326
1,     0.000475287
1,     0.000467771
1,     0.000449072
1,     0.000426645
1,     0.000421952
1,     0.000418392
1,     0.000417941
1,     0.000436734
1,     0.000460148
1,     0.000479969
1,     0.000500854
1,     0.000517766
1,     0.000551495
1,     0.000578858
1,     0.000570064
1,     0.000552727
1,     0.000548209
1,     0.000566844
1,     0.000572849
1,     0.000584200
1,     0.000605685
1,     0.000593013
1,     0.000561881
1,     0.000557752
1,     0.000576119
1,     0.000578473
1,     0.000576550
1,     0.000586952
1,     0.000590099
1,     0.000555601
1,     0.000568024
1,     0.000610074
1,     0.000641600
1,     0.000685696
1,     0.000723378
1,     0.000697043
1,     0.000626349
1,     0.000601050
1,     0.000594564
1,     0.000584387
1,     0.000586818
1,     0.000605644
1,     0.000603654
1,     0.000608618
1,     0.000645459
1,     0.000643930
1,     0.000653212
1,     0.000689167
1,     0.000654607
1,     0.000598389
1,     0.000614768
1,     0.000636482
1,     0.000657210
1,     0.000657283
1,     0.000661919
1,     0.000608947
1,     0.000609972
1,     0.000623093
1,     0.000605696
1,     0.000579047
1,     0.000588861
1,     0.000611625
1,     0.000627297
1,     0.000626711
1,     0.000625792
1,     0.000610542
1,     0.000573426
1,     0.000598390
1,     0.000630614
1,     0.000672166
1,     0.000739641
1,     0.000705579
1,     0.000663773
1,     0.000669244
1,     0.000691719
1,     0.000695014
1,     0.000722674
1,     0.000754268
1,     0.000792026
1,     0.000842790
1,     0.000912272
1,     0.000941503
1,     0.000965738
1,     0.000885603
1,     0.000774266
1,     0.000773623
1,     0.000778313
1,     0.000780249
1,     0.000786835
1,     0.000779969
1,     0.000785910
1,     0.000813820
1,     0.000795670
1,     0.000782550
1,     0.000795569
1,     0.000787656
1,     0.000752564
1,     0.000754485
1,     0.000781968
1,     0.000818896
1,     0.000859544
1,     0.000892320
1,     0.000831977
1,     0.000848748
1,     0.000915823
1,     0.000963320
1,     0.000992993
1,     0.000978547
1,     0.000934742
1,     0.000892292
1,     0.000780538
1,     0.000760612
1,     0.000788117
1,     0.000850706
1,     0.000908852
1,     0.000899273
1,     0.000900006
1,     0.000905327
1,     0.000815135
1,     0.000798175
1,     0.000778611
1,     0.000772302
1,     0.000788758
1,     0.000823744
1,     0.000852479
1,     0.000908642
1,     0.000991021
1,     0.001071870
1,     0.001080177
1,     0.000940307
1,     0.000894097
1,     0.000912375
1,     0.000942546
1,     0.000928147
1,     0.000890307
1,     0.000929537
1,     0.000938722
1,     0.000957367
1,     0.000962775
1,     0.000978641
1,     0.000995167
1,     0.001012799
1,     0.001017743
1,     0.001000587
1,     0.001013120
1,     0.001046618
1,     0.000962256
1,     0.000735939
1,     0.000676153
1,     0.000683040
1,     0.000713922
1,     0.000771350
1,     0.000824285
1,     0.000794449
1,     0.000770260
1,     0.000779134
1,     0.000795815
1,     0.000809513
1,     0.000845596
1,     0.000874148
1,     0.000839180
1,     0.000826991
1,     0.000859189
1,     0.000922759
1,     0.000877825
1,     0.000840585
1,     0.000883920
1,     0.000939133
1,     0.000976176
1,     0.001008873
1,     0.000991085
1,     0.000964796
1,     0.000957406
1,     0.001004120
1,     0.001035057
1,     0.000972761
1,     0.000946229
1,     0.000871979
1,     0.000791753
1,     0.000802775
1,     0.000811735
1,     0.000808502
1,     0.000810540
1,     0.000829765
1,     0.000888048
1,     0.000933562
1,     0.000957463
1,     0.000988435
1,     0.000957977
1,     0.000875398
1,     0.000824217
1,     0.000801641
1,     0.000807789
1,     0.000795720
1,     0.000753105
1,     0.000759347
1,     0.000753310
1,     0.000737429
1,     0.000695913
1,     0.000674958
1,     0.000690310
1,     0.000697294
1,     0.000690258
1,     0.000697373
1,     0.000736172
1,     0.000768030
1,     0.000775549
1,     0.000779268
1,     0.000753450
1,     0.000766360
1,     0.000766969
1,     0.000752927
1,     0.000787165
1,     0.000814082
1,     0.000878820
1,     0.000851663
1,     0.000838812
1,     0.000823686
1,     0.000791006
1,     0.000775766
1,     0.000779446
1,     0.000789912
1,     0.000741416
1,     0.000720758
1,     0.000717880
1,     0.000729633
1,     0.000730076
1,     0.000729386
1,     0.000741203
1,     0.000747316
1,     0.000732852
1,     0.000730028
1,     0.000719101
1,     0.000676873
1,     0.000668982
1,     0.000655914
1,     0.000651166
1,     0.000647703
1,     0.000652043
1,     0.000668257
1,     0.000662442
1,     0.000642243
1,     0.000630269
1,     0.000629229
1,     0.000620961
1,     0.000626720
1,     0.000621583
1,     0.000616713
1,     0.000610636
1,     0.000584031
1,     0.000572436
1,     0.000560419
1,     0.000543941
1,     0.000544720
1,     0.000538411
1,     0.000546834
1,     0.000550923
1,     0.000551015
1,     0.000550636
1,     0.000500151
1,     0.000488848
1,     0.000479766
1,     0.000491829
1,     0.000527234
1,     0.000522147
1,     0.000521822
1,     0.000544964
1,     0.000551094
1,     0.000546040
1,     0.000545836
1,     0.000550257
1,     0.000556378
1,     0.000563937
1,     0.000576506
1,     0.000579484
1,     0.000606548
1,     0.000562813
1,     0.000550714
1,     0.000550894
1,     0.000523514
1,     0.000481328
1,     0.000466770
1,     0.000455285
1,     0.000447117
1,     0.000441833
1,     0.000434845
1,     0.000428479
1,     0.000426332
1,     0.000427803
1,     0.000431342
1,     0.000450203
1,     0.000465046
1,     0.000480917
1,     0.000495538
1,     0.000500716
1,     0.000486252
1,     0.000476546
1,     0.000469008
1,     0.000479603
1,     0.000490676
1,     0.000496224
1,     0.000495439
1,     0.000477147
1,     0.000452817
1,     0.000434253
1,     0.000444213
1,     0.000477026
1,     0.000496483
1,     0.000507707
1,     0.000509504
1,     0.000491480
1,     0.000472090
1,     0.000448825
1,     0.000438127
1,     0.000452946
