1,  1150.764770000
1,  1150.705159617
1,  1150.728454966
1,  1150.780317826
1,  1150.837925676
1,  1150.880242966
1,  1150.913382277
1,  1150.981590360
1,  1151.060022837
1,  1151.103430085
1,  1151.110733571
1,  1151.081290695
1,  1151.088916658
1,  1151.153403661
1,  1151.205047696
1,  1151.264392250
1,  1151.336989375
1,  1151.389519029
1,  1151.413392372
1,  1151.398019222
1,  1151.349062580
1,  1151.308005467
1,  1151.229118593
1,  1151.146531740
1,  1151.073645490
1,  1151.016652906
1,  1150.937869588
1,  1150.839130650
1,  1150.756845691
1,  1150.698666515
1,  1150.655578395
1,  1150.580733005
1,  1150.516229105
1,  1150.445159225
1,  1150.367202999
1,  1150.352720452
1,  1150.402332339
1,  1150.465668022
1,  1150.515949814
1,  1150.570694998
1,  1150.643090904
1,  1150.731150485
1,  1150.826705631
1,  1150.891725666
1,  1150.928125182
1,  1150.931179225
1,  1150.919760967
1,  1150.920592110
1,  1150.928982906
1,  1150.920807428
1,  1150.914737408
1,  1150.912590439
1,  1150.935486342
1,  1150.972611386
1,  1150.982133102
1,  1150.969842197
1,  1150.977375485
1,  1150.974857877
1,  1150.958647105
1,  1150.974652725
1,  1151.011271068
1,  1151.032813973
1,  1151.039859382
1,  1151.036099453
1,  1151.024949083
1,  1150.997316577
1,  1150.958450160
1,  1150.943939801
1,  1150.948412940
1,  1150.958471361
1,  1150.959739408
1,  1150.943438945
1,  1150.937551892
1,  1150.931763646
1,  1150.934940166
1,  1150.942384183
1,  1150.940467438
1,  1150.902392682
1,  1150.838118538
1,  1150.825726071
1,  1150.854349169
1,  1150.900229946
1,  1150.948170968
1,  1150.987569891
1,  1151.002458294
1,  1150.985845409
1,  1151.001222002
1,  1151.017750203
1,  1151.028525454
1,  1151.055905579
1,  1151.081704323
1,  1151.093869446
1,  1151.098586159
1,  1151.113271174
1,  1151.137061750
1,  1151.183610770
1,  1151.223219618
1,  1151.255280742
1,  1151.290411329
1,  1151.316556147
1,  1151.349681154
1,  1151.376875253
1,  1151.395632088
1,  1151.426757265
1,  1151.492735005
1,  1151.564537839
1,  1151.639728620
1,  1151.708467490
1,  1151.773394939
1,  1151.832621972
1,  1151.895999020
1,  1151.964494355
1,  1152.028185739
1,  1152.084028556
1,  1152.132890155
1,  1152.176373468
1,  1152.244467006
1,  1152.348444022
1,  1152.466826245
1,  1152.593799971
1,  1152.723960177
1,  1152.850874735
1,  1152.979290427
1,  1153.107561243
1,  1153.235880496
1,  1153.373128367
1,  1153.512360042
1,  1153.644246660
1,  1153.767911738
1,  1153.905570930
1,  1154.053391623
1,  1154.202016639
1,  1154.347307231
1,  1154.502143449
1,  1154.662604773
1,  1154.824161356
1,  1154.974526347
1,  1155.153361033
1,  1155.353537087
1,  1155.571109021
1,  1155.804094503
1,  1156.036801820
1,  1156.269549523
1,  1156.495712584
1,  1156.716188376
1,  1156.932991953
1,  1157.146412601
1,  1157.359102968
1,  1157.576162742
1,  1157.798571906
1,  1158.019829922
1,  1158.242238934
1,  1158.467537399
1,  1158.685403114
1,  1158.892533129
1,  1159.088611950
1,  1159.273461381
1,  1159.455016285
1,  1159.640515071
1,  1159.843041556
1,  1160.065997016
1,  1160.291893458
1,  1160.522071433
1,  1160.757424599
1,  1160.997098951
1,  1161.244448895
1,  1161.488415316
1,  1161.728053336
1,  1161.971033301
1,  1162.217897496
1,  1162.457621079
1,  1162.692565203
1,  1162.937404517
1,  1163.187150086
1,  1163.437514177
1,  1163.683703852
1,  1163.927044889
1,  1164.172530594
1,  1164.428192693
1,  1164.689577580
1,  1164.951012398
1,  1165.206610226
1,  1165.464327667
1,  1165.727330212
1,  1165.994347930
1,  1166.269086700
1,  1166.542250962
1,  1166.817647980
1,  1167.088462676
1,  1167.358738928
1,  1167.624280486
1,  1167.889809602
1,  1168.147616613
1,  1168.403011633
1,  1168.650016977
1,  1168.899991779
1,  1169.150561104
1,  1169.406306422
1,  1169.673562973
1,  1169.941088235
1,  1170.189613340
1,  1170.435287345
1,  1170.687620923
1,  1170.941436809
1,  1171.193568800
1,  1171.445473824
1,  1171.708900230
1,  1171.971604544
1,  1172.223000599
1,  1172.463097476
1,  1172.702160948
1,  1172.941133559
1,  1173.175428905
1,  1173.406842206
1,  1173.641588976
1,  1173.885620669
1,  1174.135762823
1,  1174.383978464
1,  1174.636228887
1,  1174.891117641
1,  1175.134243189
1,  1175.365366035
1,  1175.597837734
1,  1175.816721261
1,  1176.061944645
1,  1176.331753227
1,  1176.605313809
1,  1176.872112055
1,  1177.123880676
1,  1177.368365067
1,  1177.606225131
1,  1177.849266894
1,  1178.098115902
1,  1178.347359528
1,  1178.592338758
1,  1178.835228588
1,  1179.079258752
1,  1179.322452438
1,  1179.561401903
1,  1179.796682468
1,  1180.029503028
1,  1180.267782026
1,  1180.514889074
1,  1180.756509595
1,  1180.983769694
1,  1181.203053533
1,  1181.422258946
1,  1181.644763345
1,  1181.859487430
1,  1182.066890599
1,  1182.290496804
1,  1182.522407122
1,  1182.763490644
1,  1183.011354355
1,  1183.257940824
1,  1183.491461777
1,  1183.713404570
1,  1183.920110966
1,  1184.110329879
1,  1184.308657499
1,  1184.525807741
1,  1184.770568985
1,  1185.028439087
1,  1185.282496122
1,  1185.513358953
1,  1185.716936812
1,  1185.908872689
1,  1186.088629010
1,  1186.264340517
1,  1186.450518476
1,  1186.636123268
1,  1186.842569862
1,  1187.079137826
1,  1187.304638662
1,  1187.518089432
1,  1187.712520075
1,  1187.880926492
1,  1188.040215677
1,  1188.214462936
1,  1188.384205847
1,  1188.545460767
1,  1188.708993735
1,  1188.891846286
1,  1189.082367008
1,  1189.270930250
1,  1189.455898812
1,  1189.642240938
1,  1189.855641967
1,  1190.077220976
1,  1190.276800166
1,  1190.459140296
1,  1190.633582882
1,  1190.798513110
1,  1190.969380359
1,  1191.137932028
1,  1191.313570363
1,  1191.507184458
1,  1191.733054598
1,  1191.937522942
1,  1192.133507923
1,  1192.331067272
1,  1192.522146684
1,  1192.690982157
1,  1192.826581509
1,  1192.947264844
1,  1193.064962297
1,  1193.168884979
1,  1193.264652537
1,  1193.407105106
1,  1193.563741373
1,  1193.698991076
1,  1193.795077671
1,  1193.855635926
1,  1193.906991837
1,  1193.945331329
1,  1193.994298511
1,  1194.025289396
1,  1194.070884776
1,  1194.146258541
1,  1194.213842160
1,  1194.287889121
1,  1194.347804121
1,  1194.372977572
1,  1194.373825364
1,  1194.404012908
1,  1194.459410059
1,  1194.509915235
1,  1194.540380966
1,  1194.550039478
1,  1194.554826489
1,  1194.546604910
1,  1194.567551258
1,  1194.593886467
1,  1194.626485167
1,  1194.697514099
1,  1194.766042188
1,  1194.800526847
1,  1194.807499197
1,  1194.848756590
1,  1194.958791230
1,  1195.123117562
1,  1195.271964452
1,  1195.371599183
1,  1195.471571583
1,  1195.605835727
1,  1195.721589611
1,  1195.809713505
1,  1195.897764958
1,  1195.971920276
1,  1196.005816280
1,  1195.988631990
1,  1195.938471094
1,  1195.873236762
1,  1195.813387946
1,  1195.748098657
1,  1195.663994426
1,  1195.562259622
1,  1195.505666679
1,  1195.496597474
1,  1195.508484459
1,  1195.561851177
1,  1195.626128196
1,  1195.674977823
1,  1195.685912395
1,  1195.688992853
1,  1195.711628529
1,  1195.738084716
1,  1195.787926417
1,  1195.824466282
1,  1195.849316788
1,  1195.874792678
1,  1195.891681143
1,  1195.870384776
1,  1195.864898978
1,  1195.930721495
1,  1195.996455028
1,  1196.075128800
1,  1196.163922460
1,  1196.230691332
1,  1196.267847263
1,  1196.284871050
1,  1196.287445674
1,  1196.249312524
1,  1196.161665495
1,  1196.112530379
1,  1196.070606198
1,  1195.999950187
1,  1195.955268340
1,  1195.963887181
1,  1195.964156861
1,  1195.915292354
1,  1195.808748642
1,  1195.744962316
1,  1195.722017174
1,  1195.683122102
1,  1195.610594837
1,  1195.620566233
1,  1195.659185074
1,  1195.690115010
1,  1195.713645119
1,  1195.729046520
1,  1195.717131038
1,  1195.686279134
1,  1195.646229573
1,  1195.600382421
1,  1195.580286386
1,  1195.461991774
1,  1195.368898776
1,  1195.282460603
1,  1195.209306020
1,  1195.146063070
1,  1195.066942670
1,  1195.004654287
1,  1194.951834712
1,  1194.929938576
1,  1194.906501839
1,  1194.909295842
1,  1194.881606987
1,  1194.866029334
1,  1194.831375094
1,  1194.786094724
1,  1194.731205753
1,  1194.662953185
1,  1194.596820271
1,  1194.572912365
1,  1194.625362558
1,  1194.717020378
1,  1194.794044027
1,  1194.857112355
1,  1194.916399246
1,  1194.973060347
1,  1195.024869969
1,  1195.071377560
1,  1195.153549045
1,  1195.257776216
1,  1195.354811825
1,  1195.436868183
1,  1195.506046739
1,  1195.565112150
1,  1195.626576568
1,  1195.691107641
1,  1195.744654483
1,  1195.777032452
1,  1195.819289395
1,  1195.895566133
1,  1196.016723144
1,  1196.145760778
1,  1196.272940798
1,  1196.397913951
1,  1196.515112367
1,  1196.613686240
1,  1196.701521510
1,  1196.784369446
1,  1196.863518668
1,  1196.951609330
1,  1197.054559621
1,  1197.164079804
1,  1197.281098371
1,  1197.402240498
1,  1197.554933458
1,  1197.725764891
1,  1197.894952736
1,  1198.057077586
1,  1198.220815730
1,  1198.396056269
1,  1198.576222822
1,  1198.751057436
1,  1198.918569950
1,  1199.069995317
1,  1199.196383061
1,  1199.347803331
1,  1199.519837650
1,  1199.688052387
1,  1199.851509879
1,  1200.016511455
1,  1200.176920909
1,  1200.332183000
1,  1200.482565420
1,  1200.633904025
1,  1200.791956820
1,  1200.961735446
1,  1201.140349123
1,  1201.305627312
1,  1201.453074127
1,  1201.596734126
1,  1201.750389192
1,  1201.915678995
1,  1202.087885317
1,  1202.259487474
1,  1202.452306823
1,  1202.646514171
1,  1202.827452626
1,  1203.000440742
1,  1203.182540276
1,  1203.373116493
1,  1203.571412952
1,  1203.785758062
1,  1204.003559621
1,  1204.218143979
1,  1204.429019084
1,  1204.633737848
1,  1204.838250122
1,  1205.042305598
1,  1205.244153055
1,  1205.428831092
1,  1205.648929471
1,  1205.894399523
1,  1206.148066772
1,  1206.396881743
1,  1206.644312711
1,  1206.889876813
1,  1207.134304853
1,  1207.380409683
1,  1207.622409610
1,  1207.858274281
1,  1208.090428069
1,  1208.320228554
1,  1208.555643693
1,  1208.795402803
1,  1209.034202358
1,  1209.275131803
1,  1209.534364360
1,  1209.809180676
1,  1210.090758525
1,  1210.373008335
1,  1210.657310823
1,  1210.944467155
1,  1211.232514394
1,  1211.510104746
1,  1211.792662059
1,  1212.083353119
1,  1212.372653885
1,  1212.660854395
1,  1212.949198449
1,  1213.237064915
1,  1213.526082015
1,  1213.817831223
1,  1214.114688712
1,  1214.417926506
1,  1214.722750725
1,  1215.028022696
1,  1215.333501736
1,  1215.638811783
1,  1215.942523590
1,  1216.245532241
1,  1216.548812572
1,  1216.852793319
1,  1217.157187644
1,  1217.462986708
1,  1217.769199795
1,  1218.075649268
1,  1218.383264215
1,  1218.690514256
1,  1218.997088708
1,  1219.302655989
1,  1219.607287531
1,  1219.911045548
1,  1220.212017757
1,  1220.509946576
1,  1220.814061794
1,  1221.118766383
1,  1221.421911783
1,  1221.721773826
1,  1222.017859857
1,  1222.308575228
1,  1222.593765626
1,  1222.884084776
1,  1223.176049276
1,  1223.463068812
1,  1223.743709892
1,  1224.041445290
1,  1224.345221300
1,  1224.650738326
1,  1224.960570117
1,  1225.271992483
1,  1225.584555796
1,  1225.897530675
1,  1226.209966944
1,  1226.521764473
1,  1226.833065179
1,  1227.143603533
1,  1227.454291836
1,  1227.765228392
1,  1228.077421758
1,  1228.389472198
1,  1228.701736573
1,  1229.014670863
1,  1229.328209372
1,  1229.640387359
1,  1229.951979833
1,  1230.263273543
1,  1230.573877151
1,  1230.887038184
1,  1231.199589233
1,  1231.511858768
1,  1231.825090479
1,  1232.139177790
1,  1232.452917485
1,  1232.766324766
1,  1233.079405948
1,  1233.391809259
1,  1233.704731767
1,  1234.018502025
1,  1234.333103571
1,  1234.647913779
1,  1234.961953504
1,  1235.275385793
1,  1235.589144284
1,  1235.904421780
1,  1236.219282282
1,  1236.533362198
1,  1236.847440634
1,  1237.160096965
1,  1237.469976866
1,  1237.778715245
1,  1238.086862502
1,  1238.394568815
1,  1238.701637927
1,  1239.007524770
1,  1239.313202639
1,  1239.618975083
1,  1239.926640009
1,  1240.238536216
1,  1240.552481976
1,  1240.865819237
1,  1241.177503058
1,  1241.486266036
1,  1241.793041844
1,  1242.099081652
1,  1242.403551581
1,  1242.706883867
1,  1243.009732649
1,  1243.312544204
1,  1243.615371438
1,  1243.918216998
1,  1244.222598410
1,  1244.529915013
1,  1244.835938424
1,  1245.141910366
1,  1245.447601553
1,  1245.752771908
1,  1246.056427159
1,  1246.360368601
1,  1246.653869343
1,  1246.928756917
1,  1247.187561834
1,  1247.448218635
1,  1247.709285391
1,  1247.982567494
1,  1248.254613329
1,  1248.517077659
1,  1248.765612718
1,  1248.996023821
1,  1249.217423943
1,  1249.426348602
1,  1249.622197284
1,  1249.800495504
1,  1249.978934282
1,  1250.181830123
1,  1250.378059416
1,  1250.581922277
1,  1250.797351707
1,  1250.995221707
1,  1251.188932442
1,  1251.395092221
1,  1251.599953802
1,  1251.809061878
1,  1252.024785667
1,  1252.248909206
1,  1252.478582661
1,  1252.720638160
1,  1252.960196676
1,  1253.181210776
1,  1253.382141540
1,  1253.554871556
1,  1253.708092378
1,  1253.844046725
1,  1253.967086035
1,  1254.076168479
1,  1254.172795446
1,  1254.252662713
1,  1254.321743008
1,  1254.392141867
1,  1254.446049659
1,  1254.464043486
1,  1254.492041881
1,  1254.579024203
1,  1254.666162075
1,  1254.708384857
1,  1254.716479515
1,  1254.766887474
1,  1254.868968375
1,  1254.996928363
1,  1255.129897631
1,  1255.268575141
1,  1255.406419722
1,  1255.527680675
1,  1255.627024400
1,  1255.701557131
1,  1255.767970107
1,  1255.856773440
1,  1255.943124547
1,  1256.037135458
1,  1256.112016714
1,  1256.173011584
1,  1256.246063044
1,  1256.296587405
1,  1256.322661435
1,  1256.320904076
1,  1256.290485664
1,  1256.262511956
1,  1256.250441402
1,  1256.263604420
1,  1256.278713882
1,  1256.271096703
1,  1256.244911641
1,  1256.199210919
1,  1256.157471693
1,  1256.122810515
1,  1256.103551401
1,  1256.116091130
1,  1256.174784671
1,  1256.232864931
1,  1256.259466739
1,  1256.258211211
1,  1256.240351078
1,  1256.231686824
1,  1256.218036487
1,  1256.179963839
1,  1256.104479681
1,  1256.006694236
1,  1255.884690010
1,  1255.738668391
1,  1255.582985135
1,  1255.431693292
1,  1255.305172136
1,  1255.238948632
1,  1255.247439561
1,  1255.308707405
1,  1255.370763922
1,  1255.401809810
1,  1255.399692395
1,  1255.372152977
1,  1255.333062150
1,  1255.283828711
1,  1255.235589503
1,  1255.176375466
1,  1255.124564461
1,  1255.126038140
1,  1255.143852382
1,  1255.125683694
1,  1255.058407731
1,  1255.000772477
1,  1254.941483191
1,  1254.880967914
1,  1254.826371675
1,  1254.793986534
1,  1254.773886187
1,  1254.757514593
1,  1254.775116808
1,  1254.824995782
1,  1254.890509134
1,  1254.948716489
1,  1255.007584652
1,  1255.062744818
1,  1255.110898889
1,  1255.120711164
1,  1255.069791840
1,  1254.963339137
1,  1254.856085517
1,  1254.781038069
1,  1254.720845500
1,  1254.641794925
1,  1254.549393017
1,  1254.410870941
1,  1254.261619583
1,  1254.107259112
1,  1253.942840487
1,  1253.825496142
1,  1253.692081961
1,  1253.547071761
1,  1253.411171025
1,  1253.269468515
1,  1253.232893008
1,  1253.243407224
1,  1253.289211975
1,  1253.352232664
1,  1253.408468635
1,  1253.439123876
1,  1253.447096417
1,  1253.478431295
1,  1253.532378327
1,  1253.570997861
1,  1253.583982604
1,  1253.590141969
1,  1253.571790160
1,  1253.561659082
1,  1253.572655194
1,  1253.573807877
1,  1253.597893844
1,  1253.635383520
1,  1253.685619746
1,  1253.748726867
1,  1253.808620491
1,  1253.866846276
1,  1253.918794417
1,  1253.974911045
1,  1254.032412409
1,  1254.093212369
1,  1254.151568721
1,  1254.201300758
1,  1254.279564996
1,  1254.368676091
1,  1254.440640607
1,  1254.504717890
1,  1254.556366605
1,  1254.591378896
1,  1254.628272669
1,  1254.674731261
1,  1254.734075214
1,  1254.858759739
1,  1254.993001563
1,  1255.129013510
1,  1255.260475474
1,  1255.372298859
1,  1255.481151387
1,  1255.576965360
1,  1255.673319332
1,  1255.748656334
1,  1255.838412207
1,  1255.932623244
1,  1256.025739826
1,  1256.127053588
1,  1256.225102977
1,  1256.329058065
1,  1256.405127019
1,  1256.454657653
1,  1256.496177502
1,  1256.585855849
1,  1256.719333846
1,  1256.862287864
1,  1257.009136657
1,  1257.143417479
1,  1257.262247257
1,  1257.377402695
1,  1257.488999970
1,  1257.591161778
1,  1257.714994086
1,  1257.873173158
1,  1258.042701866
1,  1258.219903232
1,  1258.398368001
1,  1258.570908561
1,  1258.742172201
1,  1258.911969094
1,  1259.075258265
1,  1259.241917725
1,  1259.416484530
1,  1259.603181261
1,  1259.797344206
1,  1259.999009185
1,  1260.218425321
1,  1260.454254499
1,  1260.696722126
1,  1260.936646457
1,  1261.174716463
1,  1261.407454113
1,  1261.647708317
1,  1261.894335915
1,  1262.111116257
1,  1262.314254692
1,  1262.527692248
1,  1262.730790136
1,  1262.914914349
1,  1263.095814749
1,  1263.269670006
1,  1263.453767861
1,  1263.660599164
1,  1263.894315974
1,  1264.142343984
1,  1264.404520231
1,  1264.669836381
1,  1264.928129196
1,  1265.179741351
1,  1265.432204486
1,  1265.689601816
1,  1265.956704036
1,  1266.226325285
1,  1266.490600232
1,  1266.743420902
1,  1266.987871941
1,  1267.227874922
1,  1267.467541427
1,  1267.714832517
1,  1267.971473990
1,  1268.231140136
1,  1268.485764501
1,  1268.761677106
1,  1269.051991381
1,  1269.339670857
1,  1269.634542628
1,  1269.933012294
1,  1270.236396436
1,  1270.540385716
1,  1270.836254549
1,  1271.115277326
1,  1271.400361599
1,  1271.695588637
1,  1271.997543906
1,  1272.300022619
1,  1272.604174068
1,  1272.910203569
1,  1273.209436289
1,  1273.509635605
1,  1273.809546538
1,  1274.103220755
1,  1274.391280219
1,  1274.686903771
1,  1274.992076286
1,  1275.302339924
1,  1275.614739552
1,  1275.920662783
1,  1276.209917280
1,  1276.498507490
1,  1276.788225196
1,  1277.079865554
1,  1277.378498681
1,  1277.674584115
1,  1277.969983870
1,  1278.274964764
1,  1278.585028303
1,  1278.896859216
1,  1279.207374844
1,  1279.507090990
1,  1279.798076108
1,  1280.089240195
1,  1280.385691171
1,  1280.682462774
1,  1280.979709376
1,  1281.277941072
1,  1281.587259437
1,  1281.898999977
1,  1282.208096088
1,  1282.509500580
1,  1282.804943107
1,  1283.098241555
1,  1283.401129303
1,  1283.712564932
1,  1284.024879248
1,  1284.337980205
1,  1284.652248599
1,  1284.967276044
1,  1285.282648064
1,  1285.600582950
1,  1285.917087030
1,  1286.233185475
1,  1286.550055006
1,  1286.868012089
1,  1287.186679277
1,  1287.505053830
1,  1287.821411592
1,  1288.137476750
1,  1288.451470567
1,  1288.761339379
1,  1289.060841963
1,  1289.344595145
1,  1289.618903299
1,  1289.886218970
1,  1290.140945840
1,  1290.380959762
1,  1290.608635075
1,  1290.832892082
1,  1291.065523890
1,  1291.308861933
1,  1291.565938456
1,  1291.826197313
1,  1292.086849800
1,  1292.356400195
1,  1292.640909530
1,  1292.925618642
1,  1293.213223945
1,  1293.490890877
1,  1293.757322185
1,  1294.025693622
1,  1294.298993389
1,  1294.584575615
1,  1294.884855649
1,  1295.188209575
1,  1295.493879639
1,  1295.799813390
1,  1296.093347236
1,  1296.371454477
1,  1296.636541249
1,  1296.887884971
1,  1297.128126690
1,  1297.346172272
1,  1297.546214479
1,  1297.752099684
1,  1297.969449223
1,  1298.189817264
1,  1298.397920297
1,  1298.602114668
1,  1298.798753512
1,  1298.981224352
1,  1299.172047055
1,  1299.383479220
1,  1299.597582390
1,  1299.799599504
1,  1300.000102355
1,  1300.201950104
1,  1300.396958001
1,  1300.589963534
1,  1300.805797797
1,  1301.013437642
1,  1301.193332852
1,  1301.352433205
1,  1301.482423689
1,  1301.587540978
1,  1301.710147385
1,  1301.879606113
1,  1302.065874020
1,  1302.256519920
1,  1302.453949076
1,  1302.649780213
1,  1302.833211269
1,  1303.018029599
1,  1303.199560540
1,  1303.356667440
1,  1303.514873558
1,  1303.666899639
1,  1303.795165874
1,  1303.946439243
1,  1304.134938475
1,  1304.312665336
1,  1304.476083411
1,  1304.625858997
1,  1304.775662232
1,  1304.922376102
1,  1305.104292587
1,  1305.285604386
1,  1305.458251508
1,  1305.642427438
1,  1305.844321348
1,  1306.039732317
1,  1306.220065161
1,  1306.390067496
1,  1306.560541922
1,  1306.731569930
1,  1306.912792450
1,  1307.118705162
1,  1307.307992373
1,  1307.475949870
1,  1307.616394708
1,  1307.712080674
1,  1307.830499650
1,  1307.976677857
1,  1308.119301571
1,  1308.247066750
1,  1308.372766290
1,  1308.480187609
1,  1308.566711943
1,  1308.628234033
1,  1308.656095087
1,  1308.637858001
1,  1308.600278568
1,  1308.546758469
1,  1308.546664355
1,  1308.620683430
1,  1308.695270499
1,  1308.766908860
1,  1308.837369372
1,  1308.903564841
1,  1308.974416785
1,  1309.041381146
1,  1309.089852887
1,  1309.150554213
1,  1309.219958418
1,  1309.280768677
1,  1309.346927464
1,  1309.436519145
1,  1309.524886011
1,  1309.595096297
1,  1309.640906828
1,  1309.659830506
1,  1309.657059276
1,  1309.694656226
1,  1309.721247392
1,  1309.703358656
1,  1309.654023967
1,  1309.585068588
1,  1309.525878979
1,  1309.496050818
1,  1309.494720829
1,  1309.567979135
1,  1309.654679012
1,  1309.723185672
1,  1309.750177998
1,  1309.738603348
1,  1309.733482861
1,  1309.727991639
1,  1309.719067677
1,  1309.770246788
1,  1309.832728708
1,  1309.908392511
1,  1309.988464334
1,  1310.057687605
1,  1310.103740839
1,  1310.130738103
1,  1310.120413831
1,  1310.055285021
1,  1309.936374777
1,  1309.812004570
1,  1309.780917050
1,  1309.780637372
1,  1309.768320927
1,  1309.736013451
1,  1309.713414045
1,  1309.716047762
1,  1309.692668533
1,  1309.663342184
1,  1309.621722417
1,  1309.576631063
1,  1309.521126720
1,  1309.454784659
1,  1309.376864768
1,  1309.295802992
1,  1309.226286970
1,  1309.148588876
1,  1309.048777842
1,  1309.005261207
1,  1309.112413957
1,  1309.259339875
1,  1309.401628602
1,  1309.523379058
1,  1309.606966446
1,  1309.655390291
1,  1309.723714190
1,  1309.808226195
1,  1309.886962702
1,  1309.954686622
1,  1310.013434963
1,  1310.048251837
1,  1310.064201300
1,  1310.103489306
1,  1310.151034260
1,  1310.177274030
1,  1310.161288021
1,  1310.175315570
1,  1310.214165189
1,  1310.224192985
1,  1310.197533922
1,  1310.146309153
1,  1310.073416749
1,  1310.012501036
1,  1309.969235201
1,  1309.931040960
1,  1309.861840368
1,  1309.772121435
1,  1309.723999723
1,  1309.693656579
1,  1309.712871999
1,  1309.785524750
1,  1309.850944270
1,  1309.910539365
1,  1309.972391448
1,  1310.032986019
1,  1310.080898659
1,  1310.090055656
1,  1310.068962873
1,  1310.031999795
1,  1309.974459649
1,  1309.937269435
1,  1309.955101642
1,  1310.007130964
1,  1310.074304203
1,  1310.137451821
1,  1310.208718226
1,  1310.308424191
1,  1310.404002944
1,  1310.503670514
1,  1310.614000957
1,  1310.752116588
1,  1310.904252978
1,  1311.046239434
1,  1311.183616352
1,  1311.325716271
1,  1311.463099130
1,  1311.574669166
1,  1311.665001537
1,  1311.750336287
1,  1311.833154791
1,  1311.933258797
1,  1312.024806077
1,  1312.115996286
1,  1312.216593291
1,  1312.294358736
1,  1312.354177419
1,  1312.370789504
1,  1312.405588356
1,  1312.449027263
1,  1312.502609282
1,  1312.577992226
1,  1312.663525658
1,  1312.746624604
1,  1312.822735985
1,  1312.931278401
1,  1313.053659454
1,  1313.178000375
1,  1313.294524319
1,  1313.410781290
1,  1313.527517249
1,  1313.636374119
1,  1313.741143342
1,  1313.855586647
1,  1313.971932986
1,  1314.095585748
1,  1314.247454031
1,  1314.404601762
1,  1314.570484685
1,  1314.739540716
1,  1314.910910727
1,  1315.079373150
1,  1315.236907295
1,  1315.398250123
1,  1315.573023924
1,  1315.755725394
1,  1315.939036056
1,  1316.127794384
1,  1316.312610306
1,  1316.500779222
1,  1316.692121437
1,  1316.887446185
1,  1317.100501492
1,  1317.321233557
1,  1317.549924979
1,  1317.789565401
1,  1318.028589808
1,  1318.271749684
1,  1318.509168152
1,  1318.743750994
1,  1318.978178883
1,  1319.212767403
1,  1319.481136229
1,  1319.756993961
1,  1320.038851778
1,  1320.312514877
1,  1320.562306859
1,  1320.815420964
1,  1321.068658251
1,  1321.306251606
1,  1321.539632688
1,  1321.776317707
1,  1322.013046120
1,  1322.246709129
1,  1322.476162329
1,  1322.700439249
1,  1322.916168369
1,  1323.129803073
1,  1323.325134753
1,  1323.549788339
1,  1323.782494278
1,  1324.014986210
1,  1324.265823047
1,  1324.544979338
1,  1324.833846616
1,  1325.130356657
1,  1325.432275087
1,  1325.737659745
1,  1326.047660087
1,  1326.361857778
1,  1326.677407255
1,  1326.991868742
1,  1327.303845546
1,  1327.602993680
1,  1327.892023831
1,  1328.170239345
1,  1328.438482280
1,  1328.703131781
1,  1328.977460634
1,  1329.258254580
1,  1329.544049228
1,  1329.822583864
1,  1330.093533737
1,  1330.360635518
1,  1330.628173453
1,  1330.907995763
1,  1331.204191840
1,  1331.512860309
1,  1331.814688128
1,  1332.094193979
1,  1332.360422228
1,  1332.618950426
1,  1332.876166096
1,  1333.145506271
1,  1333.427898944
1,  1333.725973936
1,  1334.031210396
