1,     0.003028129
1,     0.002597683
1,     0.002449452
1,     0.002420118
1,     0.002500138
1,     0.002548424
1,     0.002366706
1,     0.002313880
1,     0.002496342
1,     0.002684289
1,     0.002875507
1,     0.002682997
1,     0.002387832
1,     0.002454878
1,     0.002414998
1,     0.002346344
1,     0.002450772
1,     0.002599729
1,     0.002803664
1,     0.002978163
1,     0.002937185
1,     0.003133850
1,     0.003153486
1,     0.003103890
1,     0.003021776
1,     0.003135595
1,     0.003240075
1,     0.003155275
1,     0.003030618
1,     0.002952631
1,     0.003118224
1,     0.003064950
1,     0.003099765
1,     0.003136189
1,     0.002806705
1,     0.002473525
1,     0.002402397
1,     0.002470457
1,     0.002447532
1,     0.002355963
1,     0.002274801
1,     0.002235991
1,     0.002395008
1,     0.002544180
1,     0.002717956
1,     0.002793704
1,     0.002730576
1,     0.002691408
1,     0.002777657
1,     0.002767171
1,     0.002747140
1,     0.002617416
1,     0.002543874
1,     0.002687911
1,     0.002801855
1,     0.002699377
1,     0.002751649
1,     0.002823383
1,     0.002656486
1,     0.002549741
1,     0.002628637
1,     0.002704531
1,     0.002761143
1,     0.002800028
1,     0.002886113
1,     0.002945032
1,     0.002819035
1,     0.002720904
1,     0.002692415
1,     0.002738623
1,     0.002830452
1,     0.002776830
1,     0.002776784
1,     0.002730630
1,     0.002708839
1,     0.002757818
1,     0.002946081
1,     0.003082485
1,     0.002813059
1,     0.002600281
1,     0.002510936
1,     0.002500529
1,     0.002545227
1,     0.002672842
1,     0.002836807
1,     0.002670637
1,     0.002665038
1,     0.002695106
1,     0.002609154
1,     0.002617637
1,     0.002688907
1,     0.002728056
1,     0.002676700
1,     0.002629744
1,     0.002511793
1,     0.002548211
1,     0.002587795
1,     0.002572198
1,     0.002619221
1,     0.002583257
1,     0.002613923
1,     0.002658057
1,     0.002594121
1,     0.002413206
1,     0.002382777
1,     0.002365278
1,     0.002398783
1,     0.002418544
1,     0.002448244
1,     0.002426932
1,     0.002400527
1,     0.002425586
1,     0.002466469
1,     0.002502876
1,     0.002531021
1,     0.002403410
1,     0.002217301
1,     0.002142689
1,     0.002098223
1,     0.002081715
1,     0.002098664
1,     0.002090958
1,     0.002091779
1,     0.002091578
1,     0.002045315
1,     0.002034985
1,     0.002073115
1,     0.002115770
1,     0.002043205
1,     0.001990409
1,     0.001986281
1,     0.002003550
1,     0.001954059
1,     0.001924578
1,     0.001918626
1,     0.001976387
1,     0.001828621
1,     0.001717827
1,     0.001627501
1,     0.001547441
1,     0.001548495
1,     0.001547914
1,     0.001581638
1,     0.001610925
1,     0.001629830
1,     0.001647281
1,     0.001650993
1,     0.001628345
1,     0.001600544
1,     0.001606341
1,     0.001600328
1,     0.001585333
1,     0.001623637
1,     0.001678995
1,     0.001735982
1,     0.001793881
1,     0.001810811
1,     0.001790314
1,     0.001701991
1,     0.001596410
1,     0.001580940
1,     0.001558558
1,     0.001531557
1,     0.001508912
1,     0.001468998
1,     0.001486118
1,     0.001508077
1,     0.001490552
1,     0.001470337
1,     0.001506925
1,     0.001531447
1,     0.001480411
1,     0.001454939
1,     0.001451510
1,     0.001472796
1,     0.001487388
1,     0.001476244
1,     0.001423865
1,     0.001394251
1,     0.001393881
1,     0.001423732
1,     0.001412739
1,     0.001385477
1,     0.001364621
1,     0.001324856
1,     0.001332581
1,     0.001320722
1,     0.001343883
1,     0.001346432
1,     0.001370470
1,     0.001370374
1,     0.001409866
1,     0.001422146
1,     0.001465025
1,     0.001449757
1,     0.001446471
1,     0.001419920
1,     0.001360780
1,     0.001359127
1,     0.001456112
1,     0.001470616
1,     0.001436459
1,     0.001428848
1,     0.001437337
1,     0.001438406
1,     0.001379477
1,     0.001383076
1,     0.001440696
1,     0.001498333
1,     0.001503555
1,     0.001503796
1,     0.001527543
1,     0.001542224
1,     0.001525134
1,     0.001477691
1,     0.001446265
1,     0.001455983
1,     0.001435406
1,     0.001421673
1,     0.001481385
1,     0.001542523
1,     0.001535688
1,     0.001604861
1,     0.001470794
1,     0.001345435
1,     0.001326076
1,     0.001360424
1,     0.001436838
1,     0.001473902
1,     0.001507595
1,     0.001481296
1,     0.001451725
1,     0.001449746
1,     0.001471414
1,     0.001482072
1,     0.001476351
1,     0.001480662
1,     0.001502264
1,     0.001520961
1,     0.001533530
1,     0.001505925
1,     0.001460844
1,     0.001488477
1,     0.001561226
1,     0.001601724
1,     0.001602249
1,     0.001585357
1,     0.001624642
1,     0.001661829
1,     0.001579745
1,     0.001537519
1,     0.001491202
1,     0.001456721
1,     0.001463245
1,     0.001529406
1,     0.001588108
1,     0.001665301
1,     0.001748821
1,     0.001708084
1,     0.001612737
1,     0.001473249
1,     0.001406726
1,     0.001425864
1,     0.001543153
1,     0.001681026
1,     0.001739982
1,     0.001801471
1,     0.001822100
1,     0.001769564
1,     0.001772745
1,     0.001667864
1,     0.001516018
1,     0.001571921
1,     0.001632894
1,     0.001728989
1,     0.001860381
1,     0.001906602
1,     0.001831371
1,     0.001854229
1,     0.001897284
1,     0.001885713
1,     0.001788695
1,     0.001750385
1,     0.001760282
1,     0.001778635
1,     0.001772058
1,     0.001635966
1,     0.001594809
1,     0.001705381
1,     0.001792244
1,     0.001832264
1,     0.001880434
1,     0.001850994
1,     0.001863030
1,     0.001827842
1,     0.001737883
1,     0.001575887
1,     0.001683490
1,     0.001726430
1,     0.001718855
1,     0.001751791
1,     0.001863790
1,     0.002030963
1,     0.002106149
1,     0.002121659
1,     0.002191265
1,     0.002232400
1,     0.001998878
1,     0.001928009
1,     0.002035702
1,     0.002232513
1,     0.002411048
1,     0.002457610
1,     0.002523250
1,     0.002470384
1,     0.002561001
1,     0.002488303
1,     0.002339741
1,     0.002379367
1,     0.002347537
1,     0.002418893
1,     0.002593379
1,     0.002715597
1,     0.002568852
1,     0.002442646
1,     0.002467726
1,     0.002568624
1,     0.002673314
1,     0.002698033
1,     0.002763321
1,     0.002617572
1,     0.002591022
1,     0.002560138
1,     0.002368115
1,     0.002381038
1,     0.002552113
1,     0.002690530
1,     0.002519275
1,     0.002175589
1,     0.001903678
1,     0.001981323
1,     0.002228201
1,     0.002227111
1,     0.002055591
1,     0.002148537
1,     0.002287443
1,     0.002288518
1,     0.002358742
1,     0.002560770
1,     0.002816744
1,     0.002981961
1,     0.003057616
1,     0.003030966
1,     0.003058919
1,     0.003153676
1,     0.003242359
1,     0.003016849
1,     0.002779676
1,     0.002675340
1,     0.002468243
1,     0.002414030
1,     0.002491524
1,     0.002681510
1,     0.002721026
1,     0.002623390
1,     0.002604337
1,     0.002487670
1,     0.002554880
1,     0.002614061
1,     0.002611636
1,     0.002655176
1,     0.002846600
1,     0.002767647
1,     0.002411264
1,     0.002412107
1,     0.002347596
1,     0.002297219
1,     0.002407516
1,     0.002555620
1,     0.002656309
1,     0.002728588
1,     0.002932182
1,     0.003179748
1,     0.002987029
1,     0.002951070
1,     0.003094766
1,     0.002964800
1,     0.002698248
1,     0.002740018
1,     0.002985720
1,     0.003274076
1,     0.003059930
1,     0.002855720
1,     0.002935623
1,     0.003103934
1,     0.002691054
1,     0.002547969
1,     0.002586509
1,     0.002623574
1,     0.002664263
1,     0.002800954
1,     0.002895657
1,     0.002941587
1,     0.002970585
1,     0.002841767
1,     0.003333241
1,     0.003207906
1,     0.003175296
1,     0.003109397
1,     0.003060200
1,     0.003140126
1,     0.003056229
1,     0.003009168
1,     0.002854816
1,     0.002862974
1,     0.002731958
1,     0.002884808
1,     0.002824182
1,     0.002919911
1,     0.002973714
1,     0.003022552
1,     0.003090130
1,     0.003080164
1,     0.002869211
1,     0.002487063
1,     0.002290965
1,     0.002364731
1,     0.002435130
1,     0.002454444
1,     0.002468021
1,     0.002492650
1,     0.002519540
1,     0.002341340
1,     0.002231167
1,     0.002267303
1,     0.002342527
1,     0.002407362
1,     0.002458266
1,     0.002446491
1,     0.002431459
1,     0.002486599
1,     0.002592689
1,     0.002543417
1,     0.002373378
1,     0.002148947
1,     0.002109857
1,     0.002119405
1,     0.002130673
1,     0.002169783
1,     0.002263073
1,     0.002316943
1,     0.002341985
1,     0.002360558
1,     0.002316111
1,     0.002242100
1,     0.002209406
1,     0.002171994
1,     0.002151168
1,     0.001993756
1,     0.001903280
1,     0.001911726
1,     0.001947215
1,     0.001939328
1,     0.001881731
1,     0.001857310
1,     0.001884051
1,     0.001920677
1,     0.002000981
1,     0.002125598
1,     0.002000747
1,     0.001897735
1,     0.001916968
1,     0.001940878
1,     0.001933368
1,     0.001956408
1,     0.001982236
1,     0.002006718
1,     0.002002026
1,     0.001968699
1,     0.001910318
1,     0.001866327
1,     0.001932832
1,     0.002021513
1,     0.002040247
1,     0.001990613
1,     0.001932833
1,     0.001898402
1,     0.001901511
1,     0.001796042
1,     0.001789222
1,     0.001855295
1,     0.001894888
1,     0.001849590
1,     0.001807443
1,     0.001768871
1,     0.001689124
1,     0.001671882
1,     0.001687695
1,     0.001706089
1,     0.001736548
1,     0.001737417
1,     0.001739528
1,     0.001750387
1,     0.001835303
1,     0.001659291
1,     0.001533037
1,     0.001492121
1,     0.001516101
1,     0.001522938
1,     0.001531993
1,     0.001537596
1,     0.001529255
1,     0.001549561
1,     0.001579879
1,     0.001598214
1,     0.001609857
1,     0.001582031
1,     0.001560170
1,     0.001564659
1,     0.001553921
1,     0.001463130
1,     0.001385718
1,     0.001352160
1,     0.001348552
1,     0.001338312
1,     0.001324156
1,     0.001319681
1,     0.001371231
1,     0.001346599
1,     0.001306266
1,     0.001312796
1,     0.001317935
1,     0.001316963
1,     0.001319256
1,     0.001313523
1,     0.001300002
1,     0.001274756
1,     0.001243004
1,     0.001234858
1,     0.001232496
1,     0.001231355
1,     0.001232077
1,     0.001239804
1,     0.001242860
1,     0.001241265
1,     0.001237489
1,     0.001235201
1,     0.001228144
1,     0.001225975
1,     0.001224657
1,     0.001218863
1,     0.001220433
1,     0.001223543
1,     0.001228389
1,     0.001232781
1,     0.001237022
1,     0.001250611
1,     0.001265159
1,     0.001234566
1,     0.001231568
1,     0.001239156
1,     0.001255184
1,     0.001273416
1,     0.001299684
1,     0.001326711
1,     0.001301600
1,     0.001293443
1,     0.001317463
1,     0.001348439
1,     0.001264487
1,     0.001234650
1,     0.001225812
1,     0.001204532
1,     0.001196592
1,     0.001190893
1,     0.001188613
1,     0.001191080
1,     0.001194139
1,     0.001196552
1,     0.001200294
1,     0.001199605
1,     0.001198386
1,     0.001191916
1,     0.001192418
1,     0.001191230
1,     0.001187819
1,     0.001184784
1,     0.001191422
1,     0.001194322
1,     0.001195561
1,     0.001198439
1,     0.001185795
1,     0.001188807
1,     0.001190216
1,     0.001185399
1,     0.001181118
1,     0.001182756
1,     0.001184429
1,     0.001185934
1,     0.001188936
1,     0.001186240
1,     0.001181735
1,     0.001177471
1,     0.001176383
1,     0.001180034
1,     0.001182924
1,     0.001181450
1,     0.001173859
1,     0.001175735
1,     0.001179548
1,     0.001179647
1,     0.001186574
1,     0.001200201
1,     0.001205800
1,     0.001208413
1,     0.001210738
1,     0.001214023
1,     0.001219859
1,     0.001220954
1,     0.001220521
1,     0.001211276
1,     0.001190853
1,     0.001180714
1,     0.001183489
1,     0.001191302
1,     0.001205195
1,     0.001214701
1,     0.001218208
1,     0.001226051
1,     0.001231617
1,     0.001234065
1,     0.001234084
1,     0.001234012
1,     0.001233926
1,     0.001226701
1,     0.001212413
1,     0.001218921
1,     0.001219213
1,     0.001220892
1,     0.001223158
1,     0.001230249
1,     0.001229020
1,     0.001279025
1,     0.001368323
1,     0.001445626
1,     0.001437044
1,     0.001434960
1,     0.001376695
1,     0.001382590
1,     0.001428852
1,     0.001495852
1,     0.001582924
1,     0.001626444
1,     0.001686173
1,     0.001749203
1,     0.001833641
1,     0.001833323
1,     0.001716208
1,     0.001748348
1,     0.001712127
1,     0.001657065
1,     0.001741188
1,     0.001761512
1,     0.001701833
1,     0.001708168
1,     0.001688330
1,     0.001656806
1,     0.001616625
1,     0.001590421
1,     0.001531054
1,     0.001543064
1,     0.001631790
1,     0.001728172
1,     0.001863295
1,     0.001956840
1,     0.002039515
1,     0.002101627
1,     0.002168645
1,     0.002228606
1,     0.002309122
1,     0.002361167
1,     0.002355496
1,     0.002434781
1,     0.002606661
1,     0.002559515
1,     0.002278488
1,     0.002278435
1,     0.002493139
1,     0.002656346
1,     0.002454886
1,     0.002208566
1,     0.002085170
1,     0.002061583
1,     0.002034943
1,     0.002039511
1,     0.002119320
1,     0.002224367
1,     0.002343429
1,     0.002382665
1,     0.002276447
1,     0.002288103
1,     0.002251894
1,     0.002342966
1,     0.002409586
1,     0.002353040
1,     0.002461011
1,     0.002578261
1,     0.002711599
1,     0.002848734
1,     0.002837933
1,     0.002762996
1,     0.002643660
1,     0.002635179
1,     0.002744357
1,     0.002833353
1,     0.002926986
1,     0.002908582
1,     0.002875285
1,     0.002802446
1,     0.002650804
1,     0.002431409
1,     0.002434195
1,     0.002584794
1,     0.002718368
1,     0.002798115
1,     0.002755288
1,     0.002779854
1,     0.002897169
1,     0.003076292
1,     0.003183197
1,     0.003299094
1,     0.003414244
1,     0.003461179
1,     0.003441007
1,     0.003323617
1,     0.003037068
1,     0.002681169
1,     0.002429735
1,     0.002426424
1,     0.002574925
1,     0.002733875
1,     0.002856002
1,     0.002911825
1,     0.002960645
1,     0.002956643
1,     0.003009952
1,     0.002975307
1,     0.002722122
1,     0.002645311
1,     0.002817550
1,     0.003052197
1,     0.003006767
1,     0.003015470
1,     0.003022249
1,     0.002994784
1,     0.002889658
1,     0.002831922
1,     0.002814719
1,     0.002653536
1,     0.002500202
1,     0.002426114
1,     0.002461371
1,     0.002458762
1,     0.002476839
1,     0.002510687
1,     0.002693949
1,     0.002983683
1,     0.003248460
1,     0.003252381
1,     0.003099115
1,     0.003028469
1,     0.003118828
1,     0.003182604
1,     0.003403006
1,     0.003454644
1,     0.003479465
1,     0.003527699
1,     0.003303524
1,     0.003380634
1,     0.003436265
1,     0.003392984
1,     0.003420903
1,     0.002919363
1,     0.002694831
1,     0.002526592
1,     0.002444574
1,     0.002477227
1,     0.002599544
1,     0.002707938
1,     0.002596496
1,     0.002488815
1,     0.002562033
1,     0.002684370
1,     0.002716879
1,     0.002833903
1,     0.002794591
1,     0.002693858
1,     0.002740822
1,     0.002631387
1,     0.002567411
1,     0.002506589
1,     0.002445270
1,     0.002460545
1,     0.002468462
1,     0.002498387
1,     0.002478442
1,     0.002471752
1,     0.002455975
1,     0.002467582
1,     0.002508651
1,     0.002372448
1,     0.002320716
1,     0.002402438
1,     0.002439909
1,     0.002499070
1,     0.002578246
1,     0.002569088
1,     0.002523339
1,     0.002461829
1,     0.002150213
1,     0.002104691
1,     0.002096296
1,     0.002118023
1,     0.002211496
1,     0.002225522
1,     0.002287548
1,     0.002285152
1,     0.002385212
1,     0.002316700
1,     0.002295659
1,     0.002301024
1,     0.002262081
1,     0.002277551
1,     0.002249534
1,     0.002382394
1,     0.002508646
1,     0.002546664
1,     0.002317317
1,     0.002108964
1,     0.002064013
1,     0.002045549
1,     0.002105433
1,     0.002178958
1,     0.002196377
1,     0.002213219
1,     0.002258041
1,     0.002154879
1,     0.001991592
1,     0.001937662
1,     0.001901199
1,     0.001895131
1,     0.001923292
1,     0.001929322
1,     0.001936237
1,     0.001967090
1,     0.001950957
1,     0.001913224
1,     0.001855502
1,     0.001819922
1,     0.001784219
1,     0.001699871
1,     0.001621890
1,     0.001590319
1,     0.001602235
1,     0.001610960
1,     0.001636163
1,     0.001600399
1,     0.001569979
1,     0.001711337
1,     0.001775616
1,     0.001726810
1,     0.001775659
1,     0.001865530
1,     0.001880748
1,     0.001913988
1,     0.001865109
1,     0.001757119
1,     0.001629695
1,     0.001561874
1,     0.001494637
1,     0.001479667
1,     0.001512755
1,     0.001544167
1,     0.001540082
1,     0.001516377
1,     0.001470220
1,     0.001458172
1,     0.001483372
1,     0.001537398
1,     0.001576828
1,     0.001597580
1,     0.001598777
1,     0.001562563
1,     0.001518279
1,     0.001503776
1,     0.001527216
1,     0.001426517
1,     0.001358262
1,     0.001370480
1,     0.001336503
1,     0.001319165
1,     0.001295684
1,     0.001292519
1,     0.001330520
1,     0.001409742
1,     0.001381074
1,     0.001332991
1,     0.001300982
1,     0.001298247
1,     0.001290288
1,     0.001281362
1,     0.001313011
1,     0.001308232
1,     0.001309490
1,     0.001338505
1,     0.001364725
1,     0.001329049
1,     0.001283911
1,     0.001259815
1,     0.001249678
1,     0.001279783
1,     0.001357789
1,     0.001360664
1,     0.001355063
1,     0.001345798
1,     0.001312841
1,     0.001324631
1,     0.001327782
1,     0.001282853
1,     0.001258797
1,     0.001250434
1,     0.001256537
1,     0.001307001
1,     0.001347788
1,     0.001346915
1,     0.001321955
1,     0.001320055
1,     0.001317504
1,     0.001312697
1,     0.001260784
1,     0.001249190
1,     0.001261292
1,     0.001296974
1,     0.001324765
1,     0.001334656
1,     0.001289784
1,     0.001249633
1,     0.001245310
1,     0.001241507
1,     0.001235849
1,     0.001232205
1,     0.001230467
1,     0.001218394
1,     0.001224795
1,     0.001226552
1,     0.001222915
1,     0.001217578
1,     0.001214014
1,     0.001215393
1,     0.001224721
1,     0.001226045
1,     0.001235595
1,     0.001254563
1,     0.001302626
1,     0.001375540
1,     0.001419416
1,     0.001451898
1,     0.001510394
1,     0.001578726
1,     0.001636023
1,     0.001651972
1,     0.001613290
1,     0.001563438
1,     0.001499432
1,     0.001484598
1,     0.001482837
1,     0.001441708
1,     0.001372251
1,     0.001371128
1,     0.001357694
1,     0.001403505
1,     0.001455378
1,     0.001446133
1,     0.001423262
1,     0.001366368
1,     0.001298130
1,     0.001283851
1,     0.001273020
1,     0.001271648
1,     0.001328827
1,     0.001400068
1,     0.001460377
1,     0.001523925
1,     0.001575381
1,     0.001678006
1,     0.001761262
1,     0.001734506
1,     0.001681754
1,     0.001668009
1,     0.001724706
1,     0.001742979
1,     0.001777516
1,     0.001842888
1,     0.001804330
1,     0.001709608
1,     0.001697044
1,     0.001752927
1,     0.001760092
1,     0.001754239
1,     0.001785889
1,     0.001795464
1,     0.001690500
1,     0.001728297
1,     0.001856241
1,     0.001952165
1,     0.002086334
1,     0.002200986
1,     0.002120858
1,     0.001905761
1,     0.001828786
1,     0.001809049
1,     0.001778084
1,     0.001785480
1,     0.001842762
1,     0.001836706
1,     0.001851810
1,     0.001963905
1,     0.001959254
1,     0.001987494
1,     0.002096895
1,     0.001991740
1,     0.001820688
1,     0.001870524
1,     0.001936592
1,     0.001999659
1,     0.001999880
1,     0.002013988
1,     0.001852811
1,     0.001855930
1,     0.001895853
1,     0.001842919
1,     0.001761837
1,     0.001791699
1,     0.001860959
1,     0.001908644
1,     0.001906863
1,     0.001904066
1,     0.001857665
1,     0.001744735
1,     0.001820691
1,     0.001918736
1,     0.002045166
1,     0.002250467
1,     0.002146831
1,     0.002019628
1,     0.002036276
1,     0.002104658
1,     0.002114683
1,     0.002198843
1,     0.002294973
1,     0.002409857
1,     0.002564314
1,     0.002775724
1,     0.002864664
1,     0.002938401
1,     0.002694578
1,     0.002355821
1,     0.002353864
1,     0.002368133
1,     0.002374025
1,     0.002394062
1,     0.002373173
1,     0.002391250
1,     0.002476170
1,     0.002420944
1,     0.002381024
1,     0.002420637
1,     0.002396562
1,     0.002289788
1,     0.002295633
1,     0.002379255
1,     0.002491615
1,     0.002615290
1,     0.002715018
1,     0.002531414
1,     0.002582443
1,     0.002786528
1,     0.002931045
1,     0.003021330
1,     0.002977375
1,     0.002844092
1,     0.002714930
1,     0.002374905
1,     0.002314275
1,     0.002397964
1,     0.002588400
1,     0.002765317
1,     0.002736172
1,     0.002738403
1,     0.002754594
1,     0.002480170
1,     0.002428567
1,     0.002369041
1,     0.002349844
1,     0.002399915
1,     0.002506363
1,     0.002593794
1,     0.002764678
1,     0.003015329
1,     0.003261324
1,     0.003286601
1,     0.002861024
1,     0.002720424
1,     0.002776037
1,     0.002867838
1,     0.002824026
1,     0.002708891
1,     0.002828254
1,     0.002856202
1,     0.002912932
1,     0.002929387
1,     0.002977662
1,     0.003027943
1,     0.003081592
1,     0.003096636
1,     0.003044436
1,     0.003082569
1,     0.003184491
1,     0.002927807
1,     0.002239204
1,     0.002057298
1,     0.002078251
1,     0.002172215
1,     0.002346948
1,     0.002508012
1,     0.002417229
1,     0.002343632
1,     0.002370631
1,     0.002421385
1,     0.002463063
1,     0.002572851
1,     0.002659727
1,     0.002553330
1,     0.002516244
1,     0.002614210
1,     0.002807632
1,     0.002670914
1,     0.002557607
1,     0.002689459
1,     0.002857451
1,     0.002970161
1,     0.003069648
1,     0.003015525
1,     0.002935537
1,     0.002913050
1,     0.003055185
1,     0.003149316
1,     0.002959772
1,     0.002879044
1,     0.002653127
1,     0.002409028
1,     0.002442563
1,     0.002469826
1,     0.002459987
1,     0.002466189
1,     0.002524684
1,     0.002702018
1,     0.002840503
1,     0.002913223
1,     0.003007462
1,     0.002914787
1,     0.002663530
1,     0.002507804
1,     0.002439112
1,     0.002457818
1,     0.002421097
1,     0.002291436
1,     0.002310426
1,     0.002292058
1,     0.002243739
1,     0.002117418
1,     0.002053660
1,     0.002100373
1,     0.002121621
1,     0.002100212
1,     0.002121860
1,     0.002239915
1,     0.002336845
1,     0.002359722
1,     0.002371038
1,     0.002292484
1,     0.002331766
1,     0.002333619
1,     0.002290893
1,     0.002395067
1,     0.002476967
1,     0.002673940
1,     0.002591311
1,     0.002552210
1,     0.002506189
1,     0.002406755
1,     0.002360383
1,     0.002371580
1,     0.002403427
1,     0.002255870
1,     0.002193014
1,     0.002184258
1,     0.002220019
1,     0.002221367
1,     0.002219264
1,     0.002255221
1,     0.002273821
1,     0.002229812
1,     0.002221218
1,     0.002187973
1,     0.002059487
1,     0.002035479
1,     0.001995717
1,     0.001981270
1,     0.001970733
1,     0.001983937
1,     0.002033271
1,     0.002015578
1,     0.001954121
1,     0.001917686
1,     0.001914525
1,     0.001889367
1,     0.001906890
1,     0.001891259
1,     0.001876443
1,     0.001857950
1,     0.001777002
1,     0.001741721
1,     0.001705158
1,     0.001655022
1,     0.001657393
1,     0.001638196
1,     0.001663824
1,     0.001676265
1,     0.001676545
1,     0.001675393
1,     0.001521783
1,     0.001487394
1,     0.001459760
1,     0.001496462
1,     0.001604188
1,     0.001588709
1,     0.001587722
1,     0.001658136
1,     0.001676784
1,     0.001661407
1,     0.001660788
1,     0.001674238
1,     0.001692864
1,     0.001715861
1,     0.001754106
1,     0.001763167
1,     0.001845513
1,     0.001712442
1,     0.001675630
1,     0.001676178
1,     0.001592871
1,     0.001464511
1,     0.001420218
1,     0.001385272
1,     0.001360421
1,     0.001344342
1,     0.001323080
1,     0.001303710
1,     0.001297180
1,     0.001301653
1,     0.001312422
1,     0.001369811
1,     0.001414971
1,     0.001463261
1,     0.001507749
1,     0.001523503
1,     0.001479495
1,     0.001449963
1,     0.001427027
1,     0.001459264
1,     0.001492955
1,     0.001509835
1,     0.001507447
1,     0.001451790
1,     0.001377762
1,     0.001321281
1,     0.001351586
1,     0.001451424
1,     0.001510625
1,     0.001544773
1,     0.001550242
1,     0.001495401
1,     0.001436403
1,     0.001365617
1,     0.001333066
1,     0.001378156
