1,   273.000000000
1,   273.668154445
1,   274.148017917
1,   275.359614502
1,   276.601800089
1,   277.869984501
1,   279.062283621
1,   279.802257552
1,   280.843995371
1,   281.455001467
1,   281.714720416
1,   281.507264891
1,   282.015432965
1,   282.683403066
1,   282.890758672
1,   283.312553819
1,   283.660744762
1,   283.698850202
1,   283.490930708
1,   283.026822084
1,   282.493038934
1,   282.086239493
1,   282.203178627
1,   283.275430652
1,   283.628109019
1,   284.272593788
1,   285.215954477
1,   285.951864249
1,   286.638571779
1,   287.036569527
1,   287.565530069
1,   287.906337972
1,   288.749911952
1,   289.401076323
1,   289.981237453
1,   289.889981555
1,   290.414914642
1,   290.859688248
1,   291.494988834
1,   291.962537226
1,   292.675205980
1,   293.166361273
1,   293.990475309
1,   294.971889939
1,   295.927514045
1,   296.855765122
1,   297.753190864
1,   297.743282282
1,   297.811771773
1,   298.554102376
1,   299.073337830
1,   299.824355056
1,   300.642563288
1,   301.881317971
1,   302.988549404
1,   303.947800128
1,   303.741968789
1,   304.759161584
1,   305.676819236
1,   306.378256214
1,   307.520328343
1,   308.574282777
1,   309.312249977
1,   310.031128967
1,   310.570800149
1,   311.267974945
1,   312.054779399
1,   312.855431354
1,   313.767248642
1,   314.647331014
1,   315.465757357
1,   316.157426252
1,   316.815946367
1,   317.415302800
1,   317.939151192
1,   318.318722303
1,   318.633926132
1,   318.482931088
1,   318.271737891
1,   318.799328118
1,   319.380802897
1,   319.898025392
1,   320.411930024
1,   320.690794647
1,   320.884665174
1,   320.590901545
1,   321.202131220
1,   321.293458860
1,   321.797700958
1,   322.179433300
1,   322.896733541
1,   323.587439103
1,   324.258814080
1,   324.780172657
1,   325.245000682
1,   325.888050306
1,   326.521529717
1,   327.095974444
1,   327.630453172
1,   328.056588514
1,   327.418612144
1,   327.826425377
1,   328.264325989
1,   328.377825369
1,   327.856866326
1,   328.004260178
1,   327.899381287
1,   327.703434671
1,   327.799765403
1,   328.233779544
1,   328.529638574
1,   328.688867508
1,   328.862264916
1,   329.070698760
1,   329.396751240
1,   329.583636631
1,   329.943712406
1,   330.382910771
1,   330.772794220
1,   330.943057228
1,   331.300735135
1,   331.596968707
1,   331.858462269
1,   332.071543571
1,   332.290194021
1,   332.307344970
1,   332.513685831
1,   332.655094516
1,   332.711480948
1,   332.540605131
1,   332.779014101
1,   332.883261309
1,   332.956400779
1,   332.309617448
1,   331.817267166
1,   331.483589267
1,   330.917327227
1,   330.510104224
1,   330.191633134
1,   329.880942396
1,   329.325810527
1,   328.806317587
1,   328.362194797
1,   328.426542835
1,   328.595718512
1,   328.869717431
1,   329.088136146
1,   329.306263545
1,   329.303921473
1,   329.317993436
1,   329.533064780
1,   329.741333148
1,   329.931355889
1,   330.131076117
1,   330.345277829
1,   330.546232329
1,   330.700483905
1,   330.658379526
1,   329.978194179
1,   329.823809312
1,   329.465758313
1,   329.102179301
1,   328.704932243
1,   328.185768125
1,   327.698437189
1,   327.341249846
1,   326.925073683
1,   326.553043590
1,   326.423253431
1,   326.416748016
1,   326.631296313
1,   326.727550946
1,   326.558248355
1,   326.357100851
1,   326.321599081
1,   326.593765403
1,   326.697162797
1,   326.888242651
1,   326.773789110
1,   326.899779973
1,   327.000826944
1,   327.131606875
1,   327.208796937
1,   326.999419398
1,   327.035346809
1,   326.579128778
1,   325.982987007
1,   325.572755069
1,   325.463318600
1,   325.315818031
1,   325.330155420
1,   325.579324337
1,   325.804662486
1,   326.017982973
1,   326.251886306
1,   326.056878596
1,   326.296121738
1,   326.082332507
1,   325.803117801
1,   325.790032506
1,   326.013222318
1,   326.122273831
1,   326.433858614
1,   326.554091366
1,   326.731328292
1,   326.906993439
1,   327.092979702
1,   327.240136864
1,   327.569743962
1,   327.835732003
1,   327.680508404
1,   327.805697380
1,   328.153680952
1,   328.307012598
1,   328.409592914
1,   328.100972147
1,   328.256669387
1,   328.591720683
1,   328.258913344
1,   328.200683749
1,   328.678621486
1,   329.135924235
1,   329.582627406
1,   329.819618727
1,   329.473549080
1,   329.185437504
1,   329.495410403
1,   329.924576421
1,   330.423702166
1,   330.894855314
1,   331.340980485
1,   331.539919604
1,   331.987553456
1,   332.417740485
1,   332.932864642
1,   333.476309464
1,   334.024806811
1,   334.582907325
1,   335.178530581
1,   335.787183800
1,   336.323994843
1,   335.870690170
1,   335.827682815
1,   336.181912381
1,   336.778648257
1,   337.449298631
1,   337.344322197
1,   337.443040857
1,   338.113301594
1,   338.251028626
1,   338.096583347
1,   338.685770356
1,   338.592321869
1,   339.127298631
1,   339.756384358
1,   340.555001824
1,   341.376318411
1,   342.224640667
1,   343.099168765
1,   342.756794948
1,   342.999721101
1,   342.543525588
1,   342.636510941
1,   343.556407070
1,   344.372450976
1,   345.236307940
1,   345.658440737
1,   346.505560267
1,   347.392386673
1,   348.403222711
1,   349.168556916
1,   349.443862032
1,   350.114075796
1,   351.088270841
1,   352.098189488
1,   353.165459896
1,   354.168078896
1,   354.615583210
1,   355.317816790
1,   356.371409057
1,   356.335489473
1,   357.087100883
1,   358.039752272
1,   358.437734062
1,   359.385396540
1,   360.475142346
1,   360.691346249
1,   360.897673689
1,   361.164825479
1,   361.995736480
1,   363.080096188
1,   364.251000316
1,   365.431854746
1,   366.666247984
1,   367.894582695
1,   368.895969224
1,   369.053291350
1,   369.774228327
1,   370.952309301
1,   372.028022072
1,   373.347140187
1,   374.613964649
1,   375.950503958
1,   376.959053247
1,   378.300224383
1,   379.608650069
1,   380.137813118
1,   381.346194682
1,   381.950872079
1,   383.258639261
1,   384.608059725
1,   385.714141371
1,   386.559670886
1,   387.285088352
1,   387.862813052
1,   388.898080448
1,   389.658021117
1,   390.877089055
1,   392.146951922
1,   393.251797437
1,   394.427540770
1,   395.294700170
1,   395.760571061
1,   395.684027930
1,   395.388460706
1,   396.514338452
1,   397.504449874
1,   398.268210027
1,   398.512076011
1,   398.272792168
1,   398.434174911
1,   399.037184853
1,   399.779505825
1,   400.407913469
1,   401.150670488
1,   402.416624468
1,   403.639320662
1,   404.081523650
1,   405.349912112
1,   404.960692815
1,   405.441263049
1,   406.895090652
1,   408.247071878
1,   408.301714929
1,   409.083896948
1,   410.652514287
1,   412.221472943
1,   413.780950572
1,   415.119810067
1,   415.831127200
1,   415.741582081
1,   415.406762069
1,   415.065747209
1,   415.878055483
1,   416.371702461
1,   416.336071072
1,   415.913960683
1,   416.490442458
1,   417.095483880
1,   417.661629270
1,   418.212315660
1,   418.613764879
1,   418.898989775
1,   418.829277358
1,   418.677723586
1,   418.290080331
1,   418.614848399
1,   419.878843404
1,   421.176935568
1,   422.410519819
1,   423.333750128
1,   423.765348585
1,   423.297883065
1,   423.428206684
1,   424.058327221
1,   424.229204275
1,   424.510941328
1,   424.589336599
1,   424.238310680
1,   423.755353875
1,   423.193475491
1,   422.554655446
1,   421.528886453
1,   420.473429085
1,   419.725775852
1,   418.728977267
1,   417.693789858
1,   416.879871278
1,   416.240876930
1,   415.352025523
1,   414.311734015
1,   413.238014645
1,   412.434100015
1,   411.860612045
1,   411.021265660
1,   409.992502721
1,   409.996046649
1,   409.685181424
1,   409.265077908
1,   408.755751541
1,   408.204940030
1,   407.351231621
1,   406.346900808
1,   405.390041214
1,   404.505019702
1,   403.989260153
1,   404.494663239
1,   404.982769459
1,   405.240337718
1,   405.163748354
1,   405.245495809
1,   404.988369736
1,   404.799484629
1,   404.987002262
1,   405.329912851
1,   405.317345195
1,   405.273922877
1,   404.516858822
1,   404.363142766
1,   405.053975151
1,   405.983209264
1,   406.669388216
1,   407.225835882
1,   407.439740180
1,   407.324013243
1,   407.603647222
1,   408.649419777
1,   409.714684072
1,   410.360536591
1,   411.109000552
1,   411.618984671
1,   412.124035891
1,   412.555308267
1,   412.889934254
1,   413.093716174
1,   413.557295999
1,   414.294072978
1,   414.739164275
1,   414.966478918
1,   415.404956116
1,   415.528817647
1,   415.596702290
1,   415.486204740
1,   415.437884627
1,   415.373235980
1,   416.095529592
1,   416.661957830
1,   417.158558058
1,   417.649292126
1,   417.950987601
1,   418.213964009
1,   418.250268146
1,   418.205258193
1,   418.561136677
1,   418.981264781
1,   419.159218915
1,   419.155366323
1,   418.476556657
1,   418.923688484
1,   419.245216945
1,   419.861786543
1,   420.415360421
1,   420.831532553
1,   420.402356735
1,   420.849204898
1,   421.196285287
1,   421.421082790
1,   421.493250992
1,   420.705383965
1,   420.683428811
1,   420.191953875
1,   420.684925651
1,   421.175143218
1,   421.656879863
1,   422.036054265
1,   422.463259156
1,   422.854958358
1,   423.008421620
1,   423.302016303
1,   423.379887724
1,   423.437683044
1,   423.680573182
1,   423.390304247
1,   423.050738523
1,   423.325742893
1,   423.654033549
1,   423.649295821
1,   423.929491661
1,   424.219339025
1,   424.496614405
1,   424.732537249
1,   424.895692362
1,   424.940786814
1,   424.972215389
1,   424.539963491
1,   424.667342056
1,   424.595762105
1,   424.258499344
1,   424.265652915
1,   424.050462957
1,   423.732417012
1,   423.411612115
1,   423.230441989
1,   422.532997171
1,   422.020864485
1,   421.232932806
1,   420.790371666
1,   420.806758011
1,   420.982483316
1,   420.723377921
1,   420.900004595
1,   421.058329363
1,   421.201732596
1,   421.226235863
1,   421.314961339
1,   421.474441456
1,   421.579796661
1,   420.867125659
1,   420.441897770
1,   420.182788451
1,   419.810085878
1,   419.223765055
1,   419.174814670
1,   418.712537216
1,   418.735169585
1,   418.860367378
1,   418.935933337
1,   418.947999227
1,   418.944570026
1,   418.753855867
1,   418.173633646
1,   417.699206631
1,   417.292158525
1,   417.398423546
1,   417.510973922
1,   417.641529061
1,   417.726115444
1,   417.189785442
1,   416.605674024
1,   416.467220512
1,   416.416239242
1,   416.394908755
1,   416.300177523
1,   415.534708276
1,   415.137330999
1,   414.555263179
1,   414.167102275
1,   414.040316345
1,   413.959671519
1,   413.823918897
1,   413.904919210
1,   413.602861766
1,   413.337574190
1,   413.352506363
1,   413.107595901
1,   413.260594530
1,   413.339149936
1,   412.651846635
1,   412.230133025
1,   412.213298761
1,   412.350916161
1,   412.478656881
1,   412.086258126
1,   412.294310026
1,   412.528657912
1,   412.760364580
1,   412.755623422
1,   412.600834838
1,   412.327819392
1,   411.614342442
1,   411.078181847
1,   410.498739760
1,   410.246710557
1,   410.070396874
1,   410.004110456
1,   409.574608595
1,   409.424371900
1,   409.540918175
1,   409.779637518
1,   410.108248827
1,   410.478774762
1,   410.719254614
1,   410.094190320
1,   409.858997974
1,   409.744974433
1,   409.626919968
1,   409.647306073
1,   409.954769926
1,   410.351147584
1,   410.062100750
1,   409.221051656
1,   408.941025891
1,   409.326776979
1,   409.697023345
1,   409.592476471
1,   409.531129253
1,   409.666057237
1,   410.079381638
1,   410.141264329
1,   409.663249680
1,   409.468675853
1,   408.714745665
1,   408.373913512
1,   408.438808890
1,   408.490967232
1,   408.619105720
1,   409.154940061
1,   408.808563373
1,   408.701815404
1,   409.056365916
1,   409.554888205
1,   409.942883340
1,   410.726526044
1,   411.195175681
1,   410.825733581
1,   411.593131892
1,   412.391127277
1,   412.978698071
1,   413.461729392
1,   413.783552038
1,   413.752229907
1,   413.989484070
1,   413.588749527
1,   413.427252979
1,   413.270978219
1,   413.045754207
1,   413.122949232
1,   413.282050328
1,   414.274701277
1,   414.762943635
1,   415.334074178
1,   415.175104738
1,   415.441455148
1,   415.702499101
1,   416.380328038
1,   416.179235280
1,   417.190539742
1,   417.559725709
1,   418.671179480
1,   418.307231138
1,   418.075624623
1,   418.705432532
1,   418.671171260
1,   418.867246711
1,   419.497222541
1,   420.531396850
1,   420.474952404
1,   421.517051227
1,   421.684382199
1,   422.827916527
1,   423.742871906
1,   424.624907302
1,   425.784189240
1,   425.953761539
1,   427.246770300
1,   428.506809783
1,   429.568509769
1,   429.534825890
1,   430.334827236
1,   431.289239444
1,   432.166002975
1,   432.719698769
1,   434.016101878
1,   433.763210733
1,   434.273622359
1,   435.646758107
1,   436.062284444
1,   436.127667113
1,   437.130250804
1,   436.739194632
1,   437.172750475
1,   437.859986082
1,   439.380961818
1,   440.903096763
1,   442.155493667
1,   442.950479094
1,   444.242283816
1,   445.336416169
1,   446.675892607
1,   448.032968128
1,   449.342715965
1,   450.638523730
1,   451.966909333
1,   453.128598196
1,   453.988621691
1,   454.080944496
1,   455.579444599
1,   456.695230344
1,   457.460396159
1,   456.405571670
1,   456.113750650
1,   455.924784510
1,   456.643221298
1,   458.101626693
1,   457.170675251
1,   456.241615684
1,   457.790022506
1,   456.859704305
1,   458.070204097
1,   457.126068309
1,   456.197099391
1,   456.734069991
1,   456.464900523
1,   457.500392373
1,   456.570662756
1,   458.151020338
1,   457.191487431
1,   456.205382926
1,   457.234995812
1,   456.198085954
1,   457.397071023
1,   456.342679204
1,   457.759378098
1,   456.703659360
1,   457.441661105
1,   456.386032556
1,   456.591135820
1,   456.689117195
1,   457.105578318
1,   456.038687537
1,   456.546982526
1,   455.888262626
1,   457.406183031
1,   456.476644866
1,   457.639305834
1,   456.709293918
1,   458.190154479
1,   457.197597882
1,   456.177466487
1,   456.797920087
1,   456.846066666
1,   457.231836556
1,   456.177360760
1,   456.298048308
1,   456.182081927
1,   456.700654473
1,   456.039063725
1,   455.698451463
1,   456.582237800
1,   458.191364544
1,   457.245774996
1,   456.249033974
1,   457.420625439
1,   456.376691977
1,   457.281748278
1,   456.227250912
1,   456.806726550
1,   457.833875259
1,   456.778045164
1,   458.076478613
1,   457.018432838
1,   455.964561710
1,   457.057301084
1,   456.011651143
1,   456.881809352
1,   457.822837471
1,   456.766425822
1,   457.427484966
1,   456.365471330
1,   457.174564324
1,   456.113616226
1,   456.839734724
1,   457.830235863
1,   456.764730696
1,   457.501409184
1,   456.431018729
1,   456.434561201
1,   455.563669011
1,   454.483367448
1,   453.734561998
1,   452.991030821
1,   453.057556819
1,   452.119698847
1,   452.036098513
1,   451.560807602
1,   450.944850077
1,   449.880630011
1,   449.014314766
1,   448.613460930
1,   447.713351490
1,   446.635172066
1,   445.567498655
1,   444.542702188
1,   444.252057318
1,   444.156896957
1,   444.085887473
1,   444.389816424
1,   444.539304882
1,   444.328920438
1,   443.801756467
1,   443.862341585
1,   443.586852437
1,   443.059356620
1,   442.229047309
1,   441.663350631
1,   440.608461969
1,   440.056641859
1,   439.354687791
1,   438.652487930
1,   438.023143539
1,   437.507119957
1,   437.301576805
1,   436.741165191
1,   436.210779672
1,   435.712746065
1,   435.106644300
1,   434.448824391
1,   433.911174808
1,   433.367233015
1,   432.760198977
1,   432.015758499
1,   431.690003157
1,   431.257074562
1,   430.523597272
1,   429.849448434
1,   428.995515736
1,   427.977102425
1,   427.091070984
1,   426.436117011
1,   425.816095285
1,   425.774853338
1,   425.769172230
1,   425.761950774
1,   425.316504766
1,   424.779469129
1,   424.319571219
1,   424.569118417
1,   424.176143161
1,   424.360139955
1,   424.607468445
1,   424.786270369
1,   424.822612586
1,   424.427558929
1,   424.504797437
1,   424.509202815
1,   423.918614631
1,   423.173234344
1,   422.572532565
1,   422.787424892
1,   423.125676270
1,   423.266538056
1,   423.407980636
1,   423.316417918
1,   423.008496285
1,   422.627302198
1,   422.287455543
1,   421.892653525
1,   422.002552594
1,   422.111255577
1,   422.180583655
1,   422.045423956
1,   422.065789485
1,   421.972915413
1,   421.833694151
1,   421.646330351
1,   421.320425588
1,   420.874870657
1,   420.613658269
1,   420.333954871
1,   420.180244647
1,   420.071635036
1,   419.986857085
1,   419.934865022
1,   419.653720762
1,   419.581047692
1,   419.458527702
1,   419.265632898
1,   418.867323958
1,   418.628292912
1,   417.750586103
1,   417.881621297
1,   417.637125406
1,   417.706652128
1,   417.651361442
1,   417.391310758
1,   416.472063462
1,   415.671066643
1,   415.510063770
1,   415.564151728
1,   415.111046946
1,   415.116590117
1,   415.065569166
1,   414.886044478
1,   415.022536103
1,   414.322537959
1,   413.868845933
1,   413.798172791
1,   413.954227666
1,   414.053414031
1,   414.098045334
1,   413.729980067
1,   412.983230359
1,   412.676164103
1,   412.553300342
1,   412.243821488
1,   411.646569890
1,   411.155829777
1,   410.549014869
1,   410.331121527
1,   410.440923701
1,   409.738320515
1,   409.184905269
1,   408.669147549
1,   408.367436054
1,   408.480403556
1,   408.429780020
1,   407.801651308
1,   407.176607125
1,   406.774317845
1,   406.850879877
1,   406.916854562
1,   406.456746582
1,   406.149165523
1,   406.218349469
1,   405.813357884
1,   405.759371344
1,   405.640875846
1,   405.108846720
1,   404.879905287
1,   404.894459247
1,   404.503715502
1,   404.432746358
1,   404.125546896
1,   403.610059259
1,   403.258867274
1,   403.055525411
1,   403.009728041
1,   403.182299295
1,   403.305982106
1,   402.917239525
1,   402.994745020
1,   403.188920050
1,   403.406815783
1,   403.643743851
1,   403.878131362
1,   403.531337096
1,   402.785247891
1,   402.227887144
1,   402.007289299
1,   401.943290328
1,   401.502998997
1,   401.191702468
1,   400.972415773
1,   401.256416598
1,   401.302234178
1,   401.200444435
1,   400.710045859
1,   400.428648499
1,   400.390397349
1,   400.129369347
1,   400.164527671
1,   400.134735087
1,   400.078980187
1,   399.715087190
1,   399.694718003
1,   399.888993440
1,   399.466150313
1,   399.088366053
1,   399.466734456
1,   399.680931498
1,   399.916766092
1,   400.055468411
1,   399.887676171
1,   400.068860543
1,   399.923886904
1,   400.400071273
1,   400.855433795
1,   401.479503868
1,   402.092502619
1,   402.650627253
1,   403.224479276
1,   403.865536353
1,   403.507488052
1,   402.848721587
1,   402.912475768
1,   403.401979112
1,   403.908253495
1,   403.661443702
1,   403.453542108
1,   403.691292731
1,   403.577893022
1,   403.655992457
1,   403.238081246
1,   403.327141451
1,   403.320877161
1,   402.787757614
1,   402.904769576
1,   402.874968230
1,   402.781770972
1,   402.925253735
1,   403.353199338
1,   404.285393401
1,   404.986283346
1,   405.958391201
1,   406.952232053
1,   407.869599561
1,   408.608669720
1,   409.118435659
1,   409.839391913
1,   410.588706676
1,   411.553205042
1,   411.062838836
1,   411.597195703
1,   411.542552128
1,   412.247661265
1,   411.772931041
1,   412.702284269
1,   413.470090718
1,   414.615987506
1,   415.333935269
1,   416.539624804
1,   416.866554317
1,   417.417554611
1,   418.652360632
1,   419.696602618
1,   420.778222689
1,   421.695052386
1,   422.348113072
1,   422.978046570
1,   423.848237477
1,   425.055086046
1,   425.764514167
1,   426.119368282
1,   427.232463533
1,   428.260812512
1,   428.465361347
1,   428.565536352
1,   429.747817564
1,   429.523719192
1,   430.623256550
1,   431.771143930
1,   431.138252332
1,   432.463939628
1,   433.811980253
1,   435.296066766
1,   436.323194240
1,   436.242010183
1,   436.878755831
1,   437.979585451
1,   438.703894051
1,   438.553277817
1,   438.982577973
1,   439.610794539
1,   440.315205475
1,   441.475810477
1,   442.631610290
1,   442.032114056
1,   442.890870208
1,   443.271896483
1,   443.088809258
1,   444.444234517
1,   446.040336621
1,   447.514668363
1,   448.376623650
1,   447.721331050
1,   448.832380907
1,   450.040191462
1,   451.608290006
1,   453.184760912
1,   454.705324455
1,   456.123692857
1,   457.418800053
1,   456.488069038
1,   457.165153079
1,   456.158093455
1,   456.309867051
1,   455.857883791
1,   457.384397217
1,   456.434344319
1,   457.546430040
1,   456.595810311
1,   457.394906659
1,   456.450680596
1,   457.312098153
1,   456.382751186
1,   455.689047919
1,   456.385215064
1,   457.100404742
1,   456.171487978
1,   456.694180961
1,   458.378162890
1,   457.446649473
1,   456.517029072
1,   457.751529967
1,   456.821289989
1,   458.499397481
1,   457.536428052
1,   456.536836318
1,   457.354829666
1,   456.317235130
1,   457.573992894
1,   456.521474559
1,   457.796430778
1,   456.740737050
1,   458.045562303
1,   456.989227688
1,   455.935100268
1,   456.072914105
1,   456.804024332
1,   457.456786889
1,   456.402205515
1,   456.018546347
1,   457.487482007
1,   456.432457236
1,   457.561379137
1,   456.505769670
1,   457.171134463
1,   456.115106245
1,   456.429195813
1,   456.402910288
1,   455.810029154
1,   455.551720279
1,   454.966877475
1,   455.994186362
1,   456.554475596
1,   457.097622754
1,   456.107422528
1,   457.025478176
1,   456.096713677
1,   456.899244959
1,   457.650083180
1,   456.647630126
1,   457.725458403
1,   456.680876602
1,   457.357150280
1,   456.303548478
1,   457.193913265
1,   456.139576485
1,   456.359675887
1,   455.337160822
1,   454.834059959
1,   454.237056924
1,   454.626771631
1,   455.666708064
1,   456.680879802
1,   456.674644221
1,   457.379473046
1,   456.449989161
1,   457.509728731
1,   456.579980140
1,   457.669384926
1,   456.722490273
1,   456.673895486
1,   457.943162021
1,   456.944294671
1,   455.933996929
1,   456.058342805
1,   455.555231738
1,   455.800962020
1,   456.507817682
1,   457.144338441
1,   456.097873601
1,   456.478880501
1,   457.065350175
1,   456.011271979
1,   456.522932162
1,   456.518981390
1,   456.452680550
1,   456.753798389
1,   457.101790926
1,   456.047672342
1,   457.069767436
1,   456.016285631
1,   456.899639305
1,   457.765510076
1,   456.709028979
1,   457.233207365
1,   456.174557165
1,   456.016581252
1,   455.819488631
1,   455.454773885
1,   454.592771459
1,   455.220157816
1,   456.064568104
1,   456.584506723
1,   457.163851357
1,   456.110104531
1,   456.286539159
1,   456.861359563
1,   457.606572511
1,   456.551266164
1,   457.097229407
1,   456.042763299
1,   456.546221123
1,   456.826206852
1,   457.088641096
1,   456.026146883
1,   455.997582617
1,   455.949987800
1,   455.219922910
1,   455.675031284
1,   456.172489054
1,   456.527943134
1,   456.707641866
1,   456.709047422
1,   456.619187111
1,   456.254641993
1,   456.392962242
1,   456.653410456
1,   456.760228177
1,   456.153001487
1,   455.532368841
1,   455.533070328
1,   455.250231060
1,   455.554628751
1,   455.910129782
1,   456.240490848
1,   456.512546426
1,   456.706513144
1,   456.755330489
1,   456.783244426
1,   456.538117501
1,   456.438759423
1,   456.448616861
1,   456.322854842
1,   456.067256439
1,   456.066047337
1,   455.998367461
1,   455.947575234
1,   455.901793587
1,   455.813189334
1,   454.739837168
1,   453.667708436
1,   452.597217002
1,   451.528974729
1,   450.463112111
1,   449.399618828
1,   448.338232985
1,   447.278751167
1,   446.221385014
1,   445.166236695
1,   444.113304308
1,   443.062713188
1,   442.014596183
1,   440.968876942
1,   439.925524660
1,   438.884546220
1,   437.845979991
1,   436.809750113
1,   435.775850789
1,   434.750685022
1,   433.731917544
1,   432.716575927
1,   431.711223170
1,   430.712368546
1,   429.717061979
1,   428.723170076
1,   427.730585968
1,   426.739496870
1,   425.749408324
1,   424.759886113
1,   423.771077624
1,   422.783011504
1,   421.795801832
1,   420.810179285
1,   419.826469080
1,   418.844455243
1,   417.864697105
1,   416.930518816
1,   416.083235059
1,   415.237673146
1,   414.393829580
1,   413.551700868
1,   412.711283524
1,   411.872574072
1,   411.035569040
1,   410.200264965
1,   409.366658390
1,   408.534745865
1,   407.704523948
1,   406.875989203
1,   406.049138202
1,   405.223967523
1,   404.400473750
1,   403.578653477
1,   402.758503302
1,   401.940019831
1,   401.123199678
1,   400.308039462
1,   399.494535809
1,   398.682685354
1,   397.872484737
1,   397.063930605
1,   396.257019611
1,   395.451748418
1,   394.648113692
1,   393.846112107
1,   393.045740346
1,   392.246995095
1,   391.449873050
1,   390.654370912
1,   389.860485388
1,   389.068213194
1,   388.277551050
1,   387.488495686
1,   386.701043836
1,   385.915192240
