1,     1.027344709
1,     0.675161290
1,     0.987336926
1,     1.251652808
1,     1.936724115
1,     1.924225545
1,     1.239204898
1,     1.720941522
1,     2.529320628
1,     2.943117287
1,     3.332059637
1,     1.961029449
1,     1.652323506
1,     2.350742112
1,     1.604400394
1,     1.806325687
1,     2.573057041
1,     2.948427293
1,     3.449830472
1,     3.626375098
1,     2.532774774
1,     1.577667069
1,     2.374462212
1,     1.834466839
1,     2.046183266
1,     2.584844099
1,     2.893153440
1,     2.644934425
1,     2.378084337
1,     2.770051144
1,     2.427064493
1,     2.472588068
1,     2.571458690
1,     2.013809100
1,     1.028963506
1,     1.038944414
1,     1.091530121
1,     1.528873838
1,     1.055411153
1,     1.264116658
1,     0.772290609
1,     1.284292269
1,     1.767887741
1,     2.118511578
1,     2.371658321
1,     2.544653639
1,     1.936924728
1,     1.972115941
1,     2.321364824
1,     2.080503127
1,     2.109118346
1,     1.397800148
1,     1.703373224
1,     2.456165811
1,     2.436160993
1,     1.536524247
1,     2.423289627
1,     2.375801416
1,     1.290043771
1,     1.427403303
1,     1.765452363
1,     1.866044959
1,     1.962522795
1,     2.046957938
1,     2.411002722
1,     2.402563740
1,     1.757663205
1,     1.861042672
1,     1.972315311
1,     2.453206468
1,     2.730876613
1,     2.636408603
1,     2.542178830
1,     2.386035016
1,     2.499033773
1,     3.090339484
1,     3.970407665
1,     3.832481161
1,     2.231306843
1,     1.912279723
1,     2.136197634
1,     2.182022413
1,     2.481581496
1,     2.707459249
1,     1.355911141
1,     1.675229264
1,     1.653122190
1,     1.966068707
1,     1.335123770
1,     1.748261485
1,     1.924873034
1,     1.944297962
1,     1.690139938
1,     1.475001841
1,     1.366130056
1,     1.748049054
1,     1.943947429
1,     1.938478440
1,     2.483168062
1,     1.424577726
1,     2.116129657
1,     2.279932702
1,     1.802895328
1,     1.011586437
1,     1.313755177
1,     1.241371268
1,     1.232205210
1,     1.450616576
1,     1.609104371
1,     1.401166175
1,     1.249378255
1,     1.618745394
1,     1.634044014
1,     1.891484978
1,     1.835996348
1,     1.120532953
1,     1.018758844
1,     1.067022007
1,     1.012097929
1,     1.151509986
1,     1.313275427
1,     1.332378058
1,     1.418957314
1,     1.396794407
1,     1.199732101
1,     1.450554784
1,     1.709814535
1,     1.850737642
1,     1.210357200
1,     1.137541656
1,     1.433705978
1,     1.513373991
1,     0.856285117
1,     0.714600291
1,     0.770813155
1,     0.680001169
1,     0.414488899
1,     0.392171842
1,     0.369799020
1,     0.389667609
1,     0.443953063
1,     0.470309786
1,     0.639913469
1,     0.680419528
1,     0.697035723
1,     0.709742103
1,     0.659932592
1,     0.577343968
1,     0.544796818
1,     0.625202877
1,     0.588129340
1,     0.606250150
1,     0.784331626
1,     0.921177431
1,     1.036616780
1,     1.281161398
1,     0.974132524
1,     0.895349541
1,     0.456244113
1,     0.440687014
1,     0.516706169
1,     0.470570163
1,     0.488204344
1,     0.415372649
1,     0.410670221
1,     0.520619264
1,     0.524209255
1,     0.475059917
1,     0.466968608
1,     0.715129424
1,     0.564611956
1,     0.414274708
1,     0.425385551
1,     0.447801160
1,     0.652391302
1,     0.532544153
1,     0.529245848
1,     0.357063161
1,     0.399547599
1,     0.440372573
1,     0.500760189
1,     0.440022831
1,     0.341852579
1,     0.428443029
1,     0.346365922
1,     0.386004837
1,     0.354488483
1,     0.414860313
1,     0.418394801
1,     0.472473963
1,     0.517072322
1,     0.593673663
1,     0.604015119
1,     0.725716981
1,     0.470286599
1,     0.613473772
1,     0.420208773
1,     0.338980504
1,     0.470456416
1,     0.880795323
1,     0.578910438
1,     0.547880658
1,     0.500921336
1,     0.603242873
1,     0.498358116
1,     0.406095309
1,     0.500696023
1,     0.727682077
1,     0.834937098
1,     0.619258478
1,     0.654780785
1,     0.787571802
1,     0.710000392
1,     0.613545019
1,     0.438491744
1,     0.512778057
1,     0.634991214
1,     0.426829787
1,     0.502608479
1,     0.938999904
1,     0.818152182
1,     0.825179649
1,     1.055755530
1,     0.300182611
1,     0.259881345
1,     0.445505887
1,     0.581870257
1,     0.773399144
1,     0.749031834
1,     0.732197078
1,     0.526965190
1,     0.553262443
1,     0.577717477
1,     0.691669888
1,     0.666047206
1,     0.648520100
1,     0.675342536
1,     0.745746348
1,     0.781907371
1,     0.785642345
1,     0.553668617
1,     0.493749862
1,     0.750389112
1,     0.958636913
1,     1.093054975
1,     0.711909581
1,     0.771828877
1,     1.054603288
1,     0.957416670
1,     0.514908482
1,     0.625513653
1,     0.461496081
1,     0.516035971
1,     0.677066475
1,     0.883072882
1,     1.038493228
1,     1.344043374
1,     1.565392422
1,     0.863405778
1,     0.559733438
1,     0.433147175
1,     0.405085619
1,     0.879229641
1,     1.122127836
1,     1.616676576
1,     1.444288610
1,     1.621256860
1,     1.280470802
1,     1.080318576
1,     1.205315261
1,     0.568663640
1,     0.631251539
1,     0.891649681
1,     1.074184401
1,     1.555039678
1,     2.201832261
1,     1.581064901
1,     1.055428524
1,     1.583941715
1,     1.614438029
1,     1.134601692
1,     1.001968053
1,     0.903853274
1,     1.127431973
1,     1.321201427
1,     0.951542530
1,     0.535671647
1,     0.682935669
1,     1.726920864
1,     1.234744594
1,     1.833202182
1,     1.338971184
1,     1.426023629
1,     1.391102859
1,     1.185349831
1,     0.693423492
1,     0.680495191
1,     1.358424669
1,     1.150979251
1,     1.212879789
1,     1.250516068
1,     1.820999649
1,     2.565454323
1,     1.911461756
1,     2.211784141
1,     2.166715387
1,     2.014879856
1,     0.724517231
1,     1.327403559
1,     2.199772544
1,     3.400550779
1,     4.337334573
1,     3.856764149
1,     4.049739091
1,     3.669431610
1,     4.469491512
1,     2.676214295
1,     2.653678770
1,     3.370383492
1,     3.112625975
1,     3.685247771
1,     5.070005365
1,     4.887305167
1,     2.809313770
1,     2.672121275
1,     3.476005072
1,     4.283143727
1,     4.601585869
1,     4.438972183
1,     2.534950087
1,     2.120522836
1,     2.599936375
1,     2.254819650
1,     1.285946655
1,     2.538250588
1,     3.680842873
1,     4.047416061
1,     2.038747982
1,     0.649686053
1,     0.603527236
1,     1.833134028
1,     2.799834266
1,     1.368014988
1,     1.197771408
1,     2.348891650
1,     2.501865512
1,     2.459649816
1,     3.677767299
1,     5.447007246
1,     6.493881196
1,     6.381142512
1,     5.108265243
1,     5.191461988
1,     5.863220245
1,     6.382593293
1,     6.658126686
1,     4.678159576
1,     4.056589503
1,     3.882871432
1,     2.538005663
1,     3.263360726
1,     4.068195399
1,     5.628413092
1,     4.707477883
1,     2.578251775
1,     1.659002684
1,     2.238885392
1,     3.108017771
1,     3.988929331
1,     4.298303800
1,     5.161655065
1,     6.477071237
1,     3.925994152
1,     3.122372446
1,     3.892436882
1,     3.120937981
1,     3.271027960
1,     4.884547947
1,     5.399294369
1,     5.616312828
1,     5.931926396
1,     6.803794578
1,     6.602978092
1,     5.393604174
1,     6.322455510
1,     6.704001658
1,     5.236059804
1,     3.954444144
1,     5.567435317
1,     6.868861772
1,     7.262038238
1,     4.978725582
1,     5.173625415
1,     6.197111700
1,     5.939523779
1,     3.081619229
1,     3.927031985
1,     4.514560468
1,     4.705383578
1,     4.818067888
1,     5.720753908
1,     5.955536414
1,     5.846436594
1,     5.578486726
1,     4.801985502
1,     4.957247190
1,     4.837800123
1,     5.100062262
1,     4.687161509
1,     5.207535502
1,     5.713626757
1,     4.387718506
1,     4.397823958
1,     4.077594534
1,     4.675518388
1,     3.113427509
1,     1.845945925
1,     2.886558570
1,     3.675523911
1,     3.696679173
1,     3.925616046
1,     4.284273986
1,     3.208589703
1,     2.192857357
1,     0.806434661
1,     1.253364806
1,     2.109855213
1,     1.974047858
1,     2.446275085
1,     2.509258669
1,     2.777385851
1,     2.185929015
1,     1.459698911
1,     1.408644980
1,     2.135255238
1,     3.182343647
1,     3.220907070
1,     3.601012472
1,     3.596004717
1,     3.496747099
1,     4.255718343
1,     4.717592444
1,     2.853955008
1,     0.787525157
1,     1.123853622
1,     1.428091604
1,     1.786092318
1,     2.151977887
1,     2.450901745
1,     3.630779712
1,     3.553434959
1,     2.680498499
1,     2.244431008
1,     2.059562795
1,     2.051884187
1,     2.134076465
1,     1.519969855
1,     1.606236583
1,     1.104545117
1,     1.288121266
1,     1.684742417
1,     2.142423926
1,     1.498194553
1,     1.626487131
1,     1.680053984
1,     2.034417292
1,     2.221816212
1,     1.823611099
1,     1.221199931
1,     0.941311876
1,     0.975541466
1,     1.421480252
1,     1.441132392
1,     1.485631076
1,     1.697797110
1,     1.887741679
1,     2.032911435
1,     1.888403689
1,     1.688146332
1,     1.572695661
1,     1.611413803
1,     1.423805946
1,     1.377123225
1,     1.726353612
1,     1.330879536
1,     1.176912238
1,     1.322941237
1,     1.446563533
1,     1.024453951
1,     1.536797464
1,     2.050366661
1,     1.934262767
1,     1.571520541
1,     1.021929270
1,     1.068232716
1,     0.933261127
1,     0.984736391
1,     1.237621270
1,     1.334640980
1,     1.379444314
1,     1.263087498
1,     1.479774801
1,     1.069867000
1,     1.071486843
1,     0.539998212
1,     0.582429719
1,     0.644073894
1,     0.910839139
1,     0.756661722
1,     0.917489392
1,     0.843269951
1,     0.799859866
1,     0.920867921
1,     0.975469960
1,     1.066785566
1,     0.931245076
1,     0.808465308
1,     0.947053126
1,     0.962084341
1,     0.824480892
1,     0.507788451
1,     0.641526975
1,     0.376758038
1,     0.592473688
1,     0.791460242
1,     0.768787519
1,     0.764366916
1,     0.853154701
1,     0.427407093
1,     0.348080126
1,     0.365800944
1,     0.426519579
1,     0.886301118
1,     1.331709381
1,     1.097043842
1,     0.741862202
1,     0.395443367
1,     0.304029742
1,     0.431712730
1,     0.496765377
1,     0.625776010
1,     0.809501207
1,     0.594530823
1,     0.583295562
1,     0.535992666
1,     0.515953317
1,     0.557432842
1,     0.572168072
1,     0.534726708
1,     0.602596872
1,     0.492735193
1,     0.531708586
1,     0.633133609
1,     0.603272966
1,     0.741237598
1,     0.754089878
1,     0.705003472
1,     0.523714794
1,     0.526171979
1,     0.637632138
1,     0.653667867
1,     0.605945686
1,     0.733041746
1,     0.821075947
1,     0.803449750
1,     0.566956788
1,     0.632047647
1,     0.806657918
1,     0.772379761
1,     0.289988854
1,     0.302024305
1,     0.294867494
1,     0.298896919
1,     0.344712986
1,     0.274575876
1,     0.298353935
1,     0.432723803
1,     0.577307023
1,     0.838653347
1,     0.987470411
1,     0.776596290
1,     0.571871920
1,     0.407912681
1,     0.500441988
1,     0.489136502
1,     0.418527455
1,     0.592777787
1,     0.933433870
1,     0.769165920
1,     1.058541650
1,     0.446826857
1,     0.563179020
1,     0.659907155
1,     0.576273734
1,     0.422089949
1,     0.426885521
1,     0.623983533
1,     0.510926151
1,     0.516034908
1,     0.845440825
1,     0.454558698
1,     0.404050400
1,     0.375216188
1,     0.388290633
1,     0.503153215
1,     0.741312902
1,     0.415994235
1,     0.356510347
1,     0.490435387
1,     0.602879161
1,     0.605217848
1,     1.130944183
1,     0.807979996
1,     0.511278356
1,     0.927134623
1,     0.963340542
1,     0.942004681
1,     1.071348904
1,     0.869440665
1,     0.783558687
1,     0.596833916
1,     0.325251365
1,     0.357027265
1,     0.491807381
1,     0.603428417
1,     0.614944515
1,     0.782210866
1,     1.120967810
1,     1.502423155
1,     2.175373027
1,     1.230357183
1,     0.828066295
1,     1.330856114
1,     1.080737701
1,     0.515459280
1,     0.962704741
1,     0.781398905
1,     1.305401175
1,     0.968736773
1,     1.034318103
1,     1.164397875
1,     0.959131772
1,     1.088535884
1,     1.313327162
1,     1.573615505
1,     0.934894369
1,     1.109052656
1,     0.626388144
1,     1.046698285
1,     1.229085017
1,     1.609140453
1,     2.023640677
1,     1.691344971
1,     2.268806931
1,     2.411411822
1,     2.855304202
1,     1.797026657
1,     1.317673254
1,     1.938323740
1,     1.270452546
1,     1.271212702
1,     2.308450848
1,     1.539004171
1,     1.335058054
1,     1.627879082
1,     1.598989337
1,     0.935257372
1,     1.243090616
1,     0.915761129
1,     0.917630690
1,     1.157117005
1,     1.980729879
1,     2.326116120
1,     3.376631908
1,     3.087215293
1,     3.730756197
1,     3.489298653
1,     3.866463810
1,     3.862836204
1,     3.842359565
1,     3.705264919
1,     3.429248806
1,     4.337629691
1,     5.930982634
1,     3.433370588
1,     2.438294001
1,     3.610519966
1,     6.073321369
1,     4.878130656
1,     2.834609669
1,     1.918393686
1,     1.697490193
1,     2.248649403
1,     1.969772886
1,     2.497366143
1,     3.202259732
1,     3.880105276
1,     4.542494629
1,     3.688362293
1,     2.646520339
1,     3.409803506
1,     2.781527173
1,     4.164606903
1,     3.952743072
1,     3.590672830
1,     4.250667728
1,     4.766263191
1,     5.406052802
1,     5.685417712
1,     4.535778046
1,     4.148926955
1,     3.351537555
1,     4.684868447
1,     5.600137815
1,     6.263705321
1,     6.801622339
1,     5.177449603
1,     5.850991145
1,     2.763290815
1,     3.899529938
1,     1.817504004
1,     3.954271311
1,     4.838302419
1,     5.741898946
1,     5.290562801
1,     4.250922225
1,     4.548222784
1,     5.420410633
1,     6.611053877
1,     6.562498160
1,     7.657758690
1,     8.111756824
1,     8.072893232
1,     7.568784937
1,     6.664921537
1,     2.691752028
1,     2.187745534
1,     1.642155599
1,     3.177872432
1,     4.035570614
1,     4.531073749
1,     5.131037224
1,     4.750797853
1,     5.041787643
1,     5.325697340
1,     5.439934049
1,     4.015679110
1,     2.846894136
1,     3.944686279
1,     6.140008532
1,     5.572009441
1,     4.776766684
1,     4.624632608
1,     4.992262356
1,     4.926830038
1,     4.545799628
1,     4.933729768
1,     5.023312576
1,     3.757210243
1,     2.318168690
1,     2.609438028
1,     3.944616329
1,     3.454694320
1,     4.501624193
1,     4.810835352
1,     6.801295593
1,     8.159084156
1,     8.423680089
1,     7.136933193
1,     4.241873246
1,     6.363921691
1,     5.930902936
1,     6.926923662
1,     8.200242110
1,     7.987288021
1,     8.407826602
1,     7.504135367
1,     6.919461384
1,     7.818717904
1,     7.847367808
1,     7.786327548
1,     7.389077734
1,     2.821377283
1,     4.617237683
1,     2.441689197
1,     2.709580716
1,     4.458553512
1,     5.330980234
1,     5.770007238
1,     3.858374778
1,     4.496934531
1,     5.265345015
1,     6.074827511
1,     5.615382910
1,     6.799101390
1,     5.003387742
1,     5.480458267
1,     5.679397359
1,     3.834689964
1,     4.866852354
1,     3.955267677
1,     3.690867968
1,     4.586402997
1,     4.466857240
1,     4.718796406
1,     4.550784606
1,     4.445756491
1,     4.437133849
1,     4.675413769
1,     4.773329224
1,     3.169086032
1,     3.987092290
1,     4.766217381
1,     4.616694234
1,     5.171322260
1,     5.522832736
1,     5.116473038
1,     4.702732258
1,     3.638365528
1,     1.642825417
1,     2.784249892
1,     2.564329641
1,     3.638709780
1,     3.810895093
1,     2.574538354
1,     2.983380631
1,     2.605079191
1,     3.569176201
1,     2.989373948
1,     3.017102677
1,     3.368103534
1,     2.462194726
1,     3.267318182
1,     3.064960143
1,     4.807658080
1,     5.189499684
1,     4.288567569
1,     1.641640607
1,     1.846849341
1,     1.905465992
1,     2.354035512
1,     3.073801050
1,     3.371521413
1,     3.145193700
1,     3.645485282
1,     3.409469031
1,     1.936095703
1,     1.925953573
1,     1.969750177
1,     1.795751093
1,     2.052977351
1,     2.286509706
1,     2.300189089
1,     2.360698095
1,     2.606184153
1,     2.404772565
1,     2.034032507
1,     1.850410758
1,     1.834200935
1,     1.602157949
1,     1.343948252
1,     1.040018724
1,     1.100519680
1,     1.334334969
1,     1.439063204
1,     1.565096190
1,     0.924647050
1,     1.217904687
1,     0.959992235
1,     0.913301115
1,     0.848770573
1,     1.467126317
1,     1.705517422
1,     1.518314492
1,     1.266573247
1,     1.166863063
1,     0.890751156
1,     0.658405893
1,     0.609938798
1,     0.584260209
1,     0.664415458
1,     0.839740036
1,     0.984373432
1,     0.782254849
1,     0.711007011
1,     0.570516175
1,     0.747095295
1,     0.872746074
1,     1.146401457
1,     1.153125521
1,     1.127647541
1,     0.983869374
1,     0.825455924
1,     0.700138481
1,     0.828958757
1,     0.847594376
1,     0.521220171
1,     0.560154743
1,     0.719992373
1,     0.457141544
1,     0.473224213
1,     0.390195185
1,     0.627463944
1,     1.026701962
1,     0.928419428
1,     0.584316947
1,     0.487413996
1,     0.471932767
1,     0.679146415
1,     0.730568672
1,     0.631603781
1,     0.677530689
1,     0.571662710
1,     0.618378772
1,     0.760177319
1,     0.749147935
1,     0.518312573
1,     0.457397328
1,     0.430863494
1,     0.462127754
1,     0.837063110
1,     0.928249897
1,     0.732077769
1,     0.672613975
1,     0.641317684
1,     0.500547989
1,     0.745809644
1,     0.632023199
1,     0.416443245
1,     0.457071253
1,     0.591819771
1,     0.818450092
1,     0.934083183
1,     0.885014697
1,     0.672715222
1,     0.583192521
1,     0.660915299
1,     0.608411947
1,     0.583689768
1,     0.430327030
1,     0.557058958
1,     0.594933355
1,     0.800990826
1,     0.756931600
1,     0.729675424
1,     0.451991432
1,     0.425786944
1,     0.560362039
1,     0.467281680
1,     0.529022399
1,     0.565890815
1,     0.547066124
1,     0.435717649
1,     0.631577696
1,     0.660490834
1,     0.553218472
1,     0.506568189
1,     0.670852546
1,     0.670259326
1,     0.738186412
1,     0.737845732
1,     0.613551624
1,     0.694608759
1,     0.889160863
1,     1.175359804
1,     1.128737438
1,     1.237532006
1,     1.604960204
1,     1.721855810
1,     1.767290756
1,     1.718221360
1,     1.066161759
1,     0.914463744
1,     0.760432518
1,     0.924166433
1,     0.925880718
1,     0.643849808
1,     0.545605733
1,     0.749715528
1,     0.631412509
1,     1.117393196
1,     0.955373706
1,     0.842852623
1,     0.753055593
1,     0.517719077
1,     0.473066910
1,     0.571536471
1,     0.712231318
1,     0.755641092
1,     0.901024601
1,     1.239730748
1,     1.286787380
1,     1.530542967
1,     1.749572675
1,     2.412595915
1,     2.206610406
1,     1.442505146
1,     1.369835555
1,     1.351902729
1,     2.143824097
1,     1.448630959
1,     2.296647312
1,     1.958873840
1,     1.694750188
1,     0.927947797
1,     1.542488858
1,     1.828667274
1,     1.587083691
1,     1.552470392
1,     2.000531197
1,     1.563320687
1,     0.952204400
1,     2.036616606
1,     2.584423240
1,     2.962161578
1,     4.157775458
1,     3.845914409
1,     2.212820092
1,     1.043948473
1,     1.486738754
1,     1.339048395
1,     1.309755364
1,     1.776707604
1,     2.141147077
1,     1.700956924
1,     1.851131022
1,     3.089936204
1,     1.832910134
1,     2.705117635
1,     3.510429312
1,     1.298169002
1,     1.462721994
1,     2.046805998
1,     2.404535765
1,     2.632746182
1,     2.166926321
1,     2.342053458
1,     1.250405650
1,     1.823334450
1,     1.903632943
1,     1.258992988
1,     1.178324831
1,     1.778156949
1,     2.191837545
1,     2.457522165
1,     1.710641170
1,     2.168882841
1,     1.192600437
1,     1.118007892
1,     2.125763040
1,     2.761323964
1,     3.685935086
1,     5.677970439
1,     1.563550264
1,     2.231517265
1,     2.494812764
1,     3.014351886
1,     2.972484920
1,     3.688874051
1,     4.424766913
1,     4.936780300
1,     6.263446808
1,     6.814986669
1,     5.863487467
1,     6.513204083
1,     2.728954740
1,     2.512323391
1,     2.914523821
1,     3.056641715
1,     3.196130060
1,     3.555384342
1,     3.130897392
1,     4.078456629
1,     4.479288831
1,     2.692674287
1,     3.418509457
1,     3.893020343
1,     2.813470989
1,     2.449710263
1,     3.288349578
1,     3.869546901
1,     4.780489765
1,     5.559298497
1,     5.351398099
1,     3.049169736
1,     4.458399769
1,     5.714331098
1,     6.073829941
1,     5.764467150
1,     4.801845573
1,     3.928496730
1,     2.718082136
1,     1.585651515
1,     2.419151647
1,     3.685645521
1,     5.402572755
1,     6.337640725
1,     4.655114945
1,     5.951638561
1,     3.060688794
1,     1.622946212
1,     2.635357300
1,     2.440094408
1,     2.912806753
1,     3.748229682
1,     4.851533707
1,     5.362476394
1,     6.874606319
1,     8.028950803
1,     8.668813109
1,     7.613976039
1,     2.401289169
1,     4.629643323
1,     5.141261000
1,     6.001817897
1,     2.781948682
1,     4.848285094
1,     5.305494543
1,     5.003421541
1,     5.066120330
1,     4.747671757
1,     5.072976284
1,     4.969975092
1,     5.798430003
1,     4.846279148
1,     5.255689174
1,     5.784068681
1,     6.968406677
1,     2.208434350
1,     0.733444406
1,     1.051361604
1,     1.735600237
1,     2.822033975
1,     4.520259239
1,     4.585850220
1,     2.437679481
1,     2.915309636
1,     3.109104253
1,     3.554059926
1,     3.817800969
1,     4.656059891
1,     4.018305559
1,     2.969019316
1,     3.119923726
1,     4.323032841
1,     5.364776023
1,     2.717312288
1,     3.178103987
1,     4.741989609
1,     5.496707689
1,     5.572020806
1,     6.193964303
1,     5.093935572
1,     5.025881346
1,     5.470614564
1,     7.150668763
1,     6.806719884
1,     5.119478144
1,     4.653547060
1,     1.383894443
1,     1.935484364
1,     2.465929994
1,     2.897696827
1,     2.952187296
1,     3.690349791
1,     4.608533725
1,     6.249608286
1,     6.675834209
1,     6.775763124
1,     6.319863640
1,     2.673380714
1,     2.302000206
1,     2.108077291
1,     2.336181663
1,     2.784930501
1,     2.006654400
1,     1.842389449
1,     2.352753839
1,     2.286226885
1,     2.002308037
1,     1.534343080
1,     1.878219539
1,     2.505409472
1,     2.592234557
1,     2.539052788
1,     3.262516204
1,     3.862314198
1,     4.641927294
1,     2.904098883
1,     2.615951966
1,     2.749220980
1,     3.405780397
1,     3.230619807
1,     3.248787384
1,     4.582685284
1,     4.628315706
1,     3.760150440
1,     3.459160440
1,     3.505405311
1,     2.629858602
1,     2.036696469
1,     2.349843921
1,     2.817614984
1,     2.604687750
1,     1.752828222
1,     2.210069720
1,     2.334920485
1,     2.807274345
1,     2.697544664
1,     3.131673831
1,     3.440828390
1,     3.570516724
1,     3.067702875
1,     3.510622628
1,     2.332685627
1,     2.161633004
1,     2.302804476
1,     2.156588122
1,     2.419043513
1,     2.394854398
1,     2.503704250
1,     2.976405218
1,     2.525714591
1,     2.106979949
1,     2.008545680
1,     2.086904125
1,     2.161774546
1,     2.272864319
1,     2.119040662
1,     2.036611333
1,     1.930526858
1,     1.425967863
1,     1.495421449
1,     1.301610058
1,     1.264858599
1,     1.456246737
1,     1.266797094
1,     1.636457307
1,     1.615270859
1,     1.213208346
1,     1.251388577
1,     0.536635098
1,     0.589950632
1,     0.530840222
1,     0.930352116
1,     1.429252833
1,     1.035110444
1,     1.244295507
1,     1.683621936
1,     1.498968245
1,     1.372987272
1,     1.433838498
1,     1.570056977
1,     1.587727191
1,     1.700770492
1,     1.892590746
1,     1.739777986
1,     1.050376295
1,     0.989738214
1,     1.015971430
1,     0.996228908
1,     0.670525633
1,     0.502135963
1,     0.518006808
1,     0.520167825
1,     0.591720145
1,     0.670483572
1,     0.588458243
1,     0.391831679
1,     0.529194166
1,     0.800836658
1,     0.827489291
1,     0.866990632
1,     0.950260732
1,     1.147353295
1,     1.170903910
1,     1.022962248
1,     0.698960959
1,     0.680625255
1,     0.671903579
1,     1.021575778
1,     1.001514646
1,     1.034322895
1,     0.871352716
1,     0.584316346
1,     0.472862336
1,     0.581385086
1,     0.812911700
1,     1.256618313
1,     1.217231473
1,     1.249885570
1,     1.028155419
1,     0.692010562
1,     0.547655399
1,     0.666593002
1,     0.824006403
1,     0.895606181
