1, 13201.813110000
1, 13201.776248812
1, 13201.744635096
1, 13201.714831574
1, 13201.685390778
1, 13201.654982476
1, 13201.623993156
1, 13201.595219500
1, 13201.567093499
1, 13201.536755326
1, 13201.504139668
1, 13201.469208267
1, 13201.436623140
1, 13201.407629190
1, 13201.377826993
1, 13201.348514871
1, 13201.320041714
1, 13201.290307083
1, 13201.258771594
1, 13201.224769663
1, 13201.188659889
1, 13201.153055810
1, 13201.115077086
1, 13201.076870385
1, 13201.039274464
1, 13201.002682622
1, 13200.964722058
1, 13200.925506874
1, 13200.887328349
1, 13200.850667800
1, 13200.814959652
1, 13200.777258145
1, 13200.740210380
1, 13200.702751345
1, 13200.664861925
1, 13200.630961961
1, 13200.601093186
1, 13200.572089286
1, 13200.542269673
1, 13200.512732864
1, 13200.484306921
1, 13200.456865651
1, 13200.429897682
1, 13200.401017248
1, 13200.370344178
1, 13200.337583051
1, 13200.303916581
1, 13200.271018597
1, 13200.238599973
1, 13200.205150038
1, 13200.171834171
1, 13200.138767182
1, 13200.107268954
1, 13200.076662488
1, 13200.044329981
1, 13200.010634495
1, 13199.978179092
1, 13199.945102739
1, 13199.911171970
1, 13199.879254535
1, 13199.848626487
1, 13199.817057517
1, 13199.784584283
1, 13199.751438878
1, 13199.717834528
1, 13199.683205224
1, 13199.647877595
1, 13199.614069807
1, 13199.581446643
1, 13199.549172473
1, 13199.516351883
1, 13199.482438629
1, 13199.449175816
1, 13199.415921379
1, 13199.383227364
1, 13199.350801743
1, 13199.317797409
1, 13199.282548273
1, 13199.245676306
1, 13199.212035939
1, 13199.180947512
1, 13199.150933892
1, 13199.121051024
1, 13199.090640441
1, 13199.058712014
1, 13199.024832655
1, 13198.992945523
1, 13198.961132467
1, 13198.928967780
1, 13198.897836034
1, 13198.866610000
1, 13198.834540925
1, 13198.802012400
1, 13198.770103649
1, 13198.738761800
1, 13198.708832419
1, 13198.678475608
1, 13198.647653938
1, 13198.617024800
1, 13198.585842571
1, 13198.555095384
1, 13198.523990065
1, 13198.492366631
1, 13198.461510880
1, 13198.432813393
1, 13198.404483619
1, 13198.376367651
1, 13198.347859189
1, 13198.319121801
1, 13198.290037570
1, 13198.261212597
1, 13198.232707193
1, 13198.203910186
1, 13198.174633938
1, 13198.144931882
1, 13198.114902326
1, 13198.086393067
1, 13198.060096891
1, 13198.034690462
1, 13198.009815899
1, 13197.985141543
1, 13197.960270798
1, 13197.935495900
1, 13197.910715803
1, 13197.885942622
1, 13197.861721840
1, 13197.837627709
1, 13197.813086511
1, 13197.788044957
1, 13197.763866774
1, 13197.740317615
1, 13197.716821437
1, 13197.693125159
1, 13197.670018349
1, 13197.647264111
1, 13197.624584157
1, 13197.601225427
1, 13197.579616964
1, 13197.559321066
1, 13197.540095334
1, 13197.521818040
1, 13197.503530863
1, 13197.485253128
1, 13197.466579815
1, 13197.447563481
1, 13197.428326816
1, 13197.408887089
1, 13197.389406505
1, 13197.370196078
1, 13197.351316479
1, 13197.332371307
1, 13197.313499874
1, 13197.294808044
1, 13197.275667419
1, 13197.255877203
1, 13197.235418495
1, 13197.214280889
1, 13197.192947388
1, 13197.171858964
1, 13197.151814295
1, 13197.133016094
1, 13197.114402867
1, 13197.096055907
1, 13197.078029455
1, 13197.060272128
1, 13197.042987003
1, 13197.025502891
1, 13197.007762958
1, 13196.990231722
1, 13196.972940728
1, 13196.955221974
1, 13196.937217511
1, 13196.919815632
1, 13196.902715631
1, 13196.885658340
1, 13196.868353367
1, 13196.850879455
1, 13196.833538991
1, 13196.816816215
1, 13196.800443530
1, 13196.784077441
1, 13196.767363161
1, 13196.750780281
1, 13196.734519682
1, 13196.718506068
1, 13196.702961202
1, 13196.687327770
1, 13196.671835538
1, 13196.656073718
1, 13196.640284133
1, 13196.624214840
1, 13196.608148902
1, 13196.591622267
1, 13196.574954079
1, 13196.557785817
1, 13196.540799022
1, 13196.523853241
1, 13196.507220973
1, 13196.491283766
1, 13196.475368147
1, 13196.458319197
1, 13196.441103021
1, 13196.424289267
1, 13196.407567090
1, 13196.390748060
1, 13196.373919040
1, 13196.357781893
1, 13196.341604970
1, 13196.324756537
1, 13196.307236701
1, 13196.289658573
1, 13196.272080405
1, 13196.254227473
1, 13196.236205866
1, 13196.218386855
1, 13196.201124935
1, 13196.184232759
1, 13196.167229676
1, 13196.150469486
1, 13196.133872177
1, 13196.116580377
1, 13196.098577763
1, 13196.080657870
1, 13196.061933865
1, 13196.044776978
1, 13196.029084878
1, 13196.013620794
1, 13195.997758416
1, 13195.981007510
1, 13195.963827170
1, 13195.946256883
1, 13195.928995898
1, 13195.912082203
1, 13195.895194223
1, 13195.878056531
1, 13195.860797453
1, 13195.843607772
1, 13195.826370656
1, 13195.808884881
1, 13195.791184389
1, 13195.773340581
1, 13195.755820916
1, 13195.738828517
1, 13195.721517463
1, 13195.703363293
1, 13195.684741392
1, 13195.666116671
1, 13195.647691540
1, 13195.628813129
1, 13195.609506057
1, 13195.591155999
1, 13195.573299537
1, 13195.555983921
1, 13195.539071479
1, 13195.522086023
1, 13195.504335433
1, 13195.485906654
1, 13195.466585507
1, 13195.446299089
1, 13195.426489072
1, 13195.407788407
1, 13195.390708247
1, 13195.374401986
1, 13195.357876464
1, 13195.339994419
1, 13195.320518047
1, 13195.300362382
1, 13195.279498494
1, 13195.258399923
1, 13195.237913829
1, 13195.217394958
1, 13195.198093851
1, 13195.180553222
1, 13195.162368842
1, 13195.143482428
1, 13195.123488200
1, 13195.101978685
1, 13195.079939342
1, 13195.058774132
1, 13195.037349115
1, 13195.015431141
1, 13194.993651431
1, 13194.972996605
1, 13194.952788173
1, 13194.932469435
1, 13194.911942861
1, 13194.891496232
1, 13194.872623595
1, 13194.854229093
1, 13194.834562740
1, 13194.813898604
1, 13194.792777257
1, 13194.771105054
1, 13194.749776603
1, 13194.728313881
1, 13194.707260886
1, 13194.687248103
1, 13194.669104292
1, 13194.649724998
1, 13194.629855124
1, 13194.610076217
1, 13194.589922167
1, 13194.568483757
1, 13194.545127266
1, 13194.520911591
1, 13194.496523282
1, 13194.471340779
1, 13194.445691772
1, 13194.422731472
1, 13194.400590107
1, 13194.377216960
1, 13194.351589861
1, 13194.323920163
1, 13194.295723606
1, 13194.266781762
1, 13194.238454135
1, 13194.209095344
1, 13194.180577916
1, 13194.153770347
1, 13194.126515681
1, 13194.099632544
1, 13194.071939294
1, 13194.042256148
1, 13194.011182801
1, 13193.981797160
1, 13193.953862893
1, 13193.925649156
1, 13193.896289561
1, 13193.865741683
1, 13193.834920070
1, 13193.803361621
1, 13193.773476384
1, 13193.743902390
1, 13193.714688816
1, 13193.687673615
1, 13193.660517682
1, 13193.631417812
1, 13193.600747786
1, 13193.572037929
1, 13193.547251179
1, 13193.525567192
1, 13193.503003193
1, 13193.477632831
1, 13193.452280684
1, 13193.428886373
1, 13193.404439413
1, 13193.378417654
1, 13193.352389774
1, 13193.325569495
1, 13193.296459068
1, 13193.264447147
1, 13193.230567277
1, 13193.195838351
1, 13193.161422756
1, 13193.126700358
1, 13193.090913316
1, 13193.054131479
1, 13193.019918859
1, 13192.988405266
1, 13192.958082814
1, 13192.930114936
1, 13192.902767932
1, 13192.874549685
1, 13192.844187068
1, 13192.813385037
1, 13192.783696068
1, 13192.754230186
1, 13192.726091355
1, 13192.697199197
1, 13192.667645019
1, 13192.638125652
1, 13192.608121636
1, 13192.575962617
1, 13192.544704022
1, 13192.517477651
1, 13192.490247966
1, 13192.463752561
1, 13192.437831450
1, 13192.410671664
1, 13192.381847614
1, 13192.351895117
1, 13192.321135279
1, 13192.288088743
1, 13192.252261884
1, 13192.218616380
1, 13192.185385105
1, 13192.150545191
1, 13192.117177882
1, 13192.086818718
1, 13192.055997155
1, 13192.022420140
1, 13191.985610271
1, 13191.951218172
1, 13191.919130110
1, 13191.886152634
1, 13191.851293550
1, 13191.821079675
1, 13191.792479090
1, 13191.763452414
1, 13191.734016486
1, 13191.704130914
1, 13191.672719390
1, 13191.640253753
1, 13191.607281477
1, 13191.573992672
1, 13191.542155594
1, 13191.504821546
1, 13191.468901594
1, 13191.433356513
1, 13191.398558498
1, 13191.364320037
1, 13191.329196360
1, 13191.295020071
1, 13191.261378587
1, 13191.229470647
1, 13191.197479037
1, 13191.166958610
1, 13191.134737794
1, 13191.103201531
1, 13191.070603791
1, 13191.037413240
1, 13191.003685673
1, 13190.969212398
1, 13190.934858777
1, 13190.902865783
1, 13190.875140207
1, 13190.849605724
1, 13190.823253810
1, 13190.796122445
1, 13190.768781118
1, 13190.741293854
1, 13190.713537668
1, 13190.685487532
1, 13190.659426448
1, 13190.634596227
1, 13190.609368249
1, 13190.583307891
1, 13190.556531154
1, 13190.529193367
1, 13190.501991744
1, 13190.474962422
1, 13190.447325381
1, 13190.418514797
1, 13190.390257440
1, 13190.363894426
1, 13190.340028739
1, 13190.316601084
1, 13190.293071272
1, 13190.269420256
1, 13190.245339101
1, 13190.220226821
1, 13190.194521307
1, 13190.168542648
1, 13190.142362749
1, 13190.116680515
1, 13190.091823442
1, 13190.067333112
1, 13190.043261623
1, 13190.019424975
1, 13189.997336279
1, 13189.976253241
1, 13189.955079796
1, 13189.933516531
1, 13189.912043888
1, 13189.891212151
1, 13189.870653816
1, 13189.849802553
1, 13189.828549113
1, 13189.806410443
1, 13189.782896772
1, 13189.760767974
1, 13189.739781868
1, 13189.718586286
1, 13189.697129636
1, 13189.675759339
1, 13189.654137736
1, 13189.632234143
1, 13189.610063570
1, 13189.587948421
1, 13189.566204928
1, 13189.545109600
1, 13189.524503253
1, 13189.503165853
1, 13189.480852977
1, 13189.458337028
1, 13189.436372504
1, 13189.415048996
1, 13189.394108654
1, 13189.373137283
1, 13189.353332200
1, 13189.333605236
1, 13189.313152805
1, 13189.292267114
1, 13189.271883901
1, 13189.251968216
1, 13189.232480478
1, 13189.213874062
1, 13189.195460172
1, 13189.176874712
1, 13189.158089360
1, 13189.138971375
1, 13189.119846630
1, 13189.100701474
1, 13189.081439641
1, 13189.061246379
1, 13189.042992574
1, 13189.026130082
1, 13189.009719798
1, 13188.993047914
1, 13188.976303042
1, 13188.959460823
1, 13188.942559245
1, 13188.925751608
1, 13188.908723058
1, 13188.891363682
1, 13188.873805270
1, 13188.856121432
1, 13188.838745717
1, 13188.821612492
1, 13188.804432338
1, 13188.787372452
1, 13188.771311549
1, 13188.756102375
1, 13188.741263355
1, 13188.726465722
1, 13188.711782234
1, 13188.697255813
1, 13188.682780214
1, 13188.667740970
1, 13188.652973719
1, 13188.638650537
1, 13188.624257471
1, 13188.609809808
1, 13188.595374557
1, 13188.580915928
1, 13188.566521895
1, 13188.552277768
1, 13188.538311962
1, 13188.524695642
1, 13188.511170142
1, 13188.497672076
1, 13188.484188081
1, 13188.470697758
1, 13188.457124429
1, 13188.443519249
1, 13188.429933149
1, 13188.416389994
1, 13188.402873502
1, 13188.389435843
1, 13188.376023515
1, 13188.362627200
1, 13188.349295872
1, 13188.335948959
1, 13188.322569645
1, 13188.309138965
1, 13188.295661905
1, 13188.282140133
1, 13188.268471509
1, 13188.254645611
1, 13188.241155750
1, 13188.227700325
1, 13188.214163669
1, 13188.200453645
1, 13188.186546248
1, 13188.172353805
1, 13188.157868149
1, 13188.143658596
1, 13188.129539968
1, 13188.115161062
1, 13188.100446071
1, 13188.086649134
1, 13188.073179514
1, 13188.059808019
1, 13188.046670325
1, 13188.033620870
1, 13188.020635193
1, 13188.007675986
1, 13187.994691501
1, 13187.981675306
1, 13187.968634450
1, 13187.955554463
1, 13187.942483656
1, 13187.929427796
1, 13187.916444081
1, 13187.903456550
1, 13187.890483626
1, 13187.877549497
1, 13187.864650074
1, 13187.851680037
1, 13187.838680104
1, 13187.825668376
1, 13187.812627017
1, 13187.799724945
1, 13187.786791778
1, 13187.773844968
1, 13187.760952241
1, 13187.748107753
1, 13187.735247125
1, 13187.722370000
1, 13187.709478208
1, 13187.696555487
1, 13187.683663774
1, 13187.670822721
1, 13187.658029696
1, 13187.645250184
1, 13187.632432700
1, 13187.619585533
1, 13187.606756096
1, 13187.594010787
1, 13187.581246812
1, 13187.568443154
1, 13187.555640150
1, 13187.542763697
1, 13187.529741133
1, 13187.516659628
1, 13187.503551591
1, 13187.490420157
1, 13187.477254934
1, 13187.464028281
1, 13187.450791627
1, 13187.437561538
1, 13187.424433525
1, 13187.411528681
1, 13187.398735488
1, 13187.385914005
1, 13187.373009669
1, 13187.359956669
1, 13187.346802579
1, 13187.333612399
1, 13187.320339204
1, 13187.307007680
1, 13187.293651608
1, 13187.280297284
1, 13187.266945698
1, 13187.253597010
1, 13187.240328430
1, 13187.227216314
1, 13187.214035732
1, 13187.200853915
1, 13187.187655876
1, 13187.174435280
1, 13187.161140000
1, 13187.147859971
1, 13187.134041671
1, 13187.119260906
1, 13187.103647691
1, 13187.088129888
1, 13187.072637278
1, 13187.057776317
1, 13187.042854220
1, 13187.027435405
1, 13187.011296395
1, 13186.994221048
1, 13186.976679619
1, 13186.958497594
1, 13186.939639769
1, 13186.919875825
1, 13186.900119691
1, 13186.881629693
1, 13186.862797328
1, 13186.844358989
1, 13186.826517302
1, 13186.807773580
1, 13186.788815037
1, 13186.770502653
1, 13186.752125842
1, 13186.733966157
1, 13186.716149135
1, 13186.698767635
1, 13186.681671170
1, 13186.665215987
1, 13186.648634744
1, 13186.631103300
1, 13186.612539956
1, 13186.592529276
1, 13186.571518630
1, 13186.549625370
1, 13186.527070790
1, 13186.503802740
1, 13186.479897427
1, 13186.455134900
1, 13186.429821058
1, 13186.404574915
1, 13186.378486074
1, 13186.350563336
1, 13186.323153789
1, 13186.298760817
1, 13186.274374681
1, 13186.247697396
1, 13186.219281687
1, 13186.193028836
1, 13186.169416577
1, 13186.147128999
1, 13186.125098583
1, 13186.103357754
1, 13186.081572955
1, 13186.058940711
1, 13186.035192135
1, 13186.010178406
1, 13185.984752296
1, 13185.960465884
1, 13185.936061051
1, 13185.912048264
1, 13185.887070299
1, 13185.861388458
1, 13185.836315632
1, 13185.810098763
1, 13185.782639872
1, 13185.753768607
1, 13185.723445669
1, 13185.693246486
1, 13185.663853184
1, 13185.635737221
1, 13185.607718860
1, 13185.578547314
1, 13185.548437947
1, 13185.517342217
1, 13185.486450824
1, 13185.455921670
1, 13185.426174114
1, 13185.398043744
1, 13185.372248066
1, 13185.346428744
1, 13185.319018276
1, 13185.290198266
1, 13185.260540257
1, 13185.231343695
1, 13185.201894239
1, 13185.171209696
1, 13185.138636523
1, 13185.104940651
1, 13185.070027801
1, 13185.033906822
1, 13184.997300160
1, 13184.960917660
1, 13184.925786610
1, 13184.893693380
1, 13184.865368146
1, 13184.839704855
1, 13184.814081635
1, 13184.786895614
1, 13184.758037436
1, 13184.727896767
1, 13184.697174012
1, 13184.665943407
1, 13184.634762328
1, 13184.603026417
1, 13184.571663154
1, 13184.542975359
1, 13184.515102887
1, 13184.485421605
1, 13184.453275330
1, 13184.421614828
1, 13184.389869839
1, 13184.358060615
1, 13184.326547486
1, 13184.296147226
1, 13184.266360619
1, 13184.236761001
1, 13184.208862016
1, 13184.182580146
1, 13184.157081601
1, 13184.131216948
1, 13184.105384192
1, 13184.079366015
1, 13184.052996864
1, 13184.024707922
1, 13183.993382406
1, 13183.959284078
1, 13183.925152236
1, 13183.892636058
1, 13183.860867756
1, 13183.828158250
1, 13183.794786801
1, 13183.759111804
1, 13183.722903527
1, 13183.686443247
1, 13183.649485765
1, 13183.614884527
1, 13183.579482938
1, 13183.543506303
1, 13183.507990269
1, 13183.472189333
1, 13183.441643426
1, 13183.413451710
1, 13183.387024199
1, 13183.361458348
1, 13183.335554705
1, 13183.308375957
1, 13183.280068209
1, 13183.252929688
1, 13183.226920549
1, 13183.200150089
1, 13183.172105468
1, 13183.143725586
1, 13183.114127892
1, 13183.084945481
1, 13183.056819422
1, 13183.028207360
1, 13183.000741934
1, 13182.973948207
1, 13182.947792963
1, 13182.922281101
1, 13182.896613351
1, 13182.870866527
1, 13182.844811130
1, 13182.818967294
1, 13182.793196739
1, 13182.767594156
1, 13182.741874041
1, 13182.715729395
1, 13182.691007616
1, 13182.666828036
1, 13182.641800170
1, 13182.616385270
1, 13182.590357592
1, 13182.563508947
1, 13182.536759423
1, 13182.510489891
1, 13182.484864210
1, 13182.462485171
1, 13182.440582454
1, 13182.418769575
1, 13182.396733108
1, 13182.373726756
1, 13182.350577267
1, 13182.326785471
1, 13182.303021547
1, 13182.278220142
1, 13182.254134241
1, 13182.230270082
1, 13182.206353128
1, 13182.182843871
1, 13182.159176728
1, 13182.135803596
1, 13182.111053022
1, 13182.084994180
1, 13182.058543999
1, 13182.034479152
1, 13182.012580729
1, 13181.991151468
1, 13181.969916261
1, 13181.948061780
1, 13181.925446670
1, 13181.902653449
1, 13181.879688169
1, 13181.856260599
1, 13181.833906074
1, 13181.813247871
1, 13181.793151234
1, 13181.773434842
1, 13181.753783406
1, 13181.733842016
1, 13181.713840211
1, 13181.693768841
1, 13181.673379821
1, 13181.653160210
1, 13181.633333802
1, 13181.614107603
1, 13181.595252029
1, 13181.576768240
1, 13181.559160020
1, 13181.542361191
1, 13181.525890867
1, 13181.509298639
1, 13181.492617596
1, 13181.475677159
1, 13181.459108585
1, 13181.442856465
1, 13181.425142666
1, 13181.406765387
1, 13181.388895126
1, 13181.370521229
1, 13181.351219426
1, 13181.331762348
1, 13181.311963630
1, 13181.292672744
1, 13181.274500853
1, 13181.257648552
1, 13181.241499167
1, 13181.226046459
1, 13181.210749916
1, 13181.195112739
1, 13181.179152336
1, 13181.163235681
1, 13181.147565508
1, 13181.132373760
1, 13181.117307889
1, 13181.101983052
1, 13181.086101555
1, 13181.069814331
1, 13181.053314409
1, 13181.036803812
1, 13181.020668846
1, 13181.004992731
1, 13180.989467878
1, 13180.973702555
1, 13180.958978205
1, 13180.944959671
1, 13180.930816296
1, 13180.917024804
1, 13180.903413429
1, 13180.890045498
1, 13180.876711374
1, 13180.862986409
1, 13180.848445529
1, 13180.834201713
1, 13180.820455099
1, 13180.807039798
1, 13180.793653896
1, 13180.780351244
1, 13180.767141797
1, 13180.753607292
1, 13180.740123295
1, 13180.726627574
1, 13180.712834088
1, 13180.698771737
1, 13180.685078326
1, 13180.671851237
1, 13180.658873592
1, 13180.646001534
1, 13180.632820579
1, 13180.618837526
1, 13180.604826255
1, 13180.590874054
1, 13180.577018626
1, 13180.563503851
1, 13180.549869032
1, 13180.536203130
1, 13180.523000958
1, 13180.510047597
1, 13180.497181518
1, 13180.484253869
1, 13180.470808312
1, 13180.456944547
1, 13180.443091189
1, 13180.429495967
1, 13180.415921670
1, 13180.402374988
1, 13180.388879114
1, 13180.375918281
1, 13180.363077899
1, 13180.350114392
1, 13180.336785478
1, 13180.323172348
1, 13180.309459018
1, 13180.296208148
1, 13180.283371106
1, 13180.270579751
1, 13180.257828732
1, 13180.245137097
1, 13180.232484158
1, 13180.219850333
1, 13180.207341717
1, 13180.194768644
1, 13180.182178804
1, 13180.169627566
1, 13180.157132363
1, 13180.144674996
1, 13180.132204749
1, 13180.119640070
1, 13180.107063097
1, 13180.094389480
1, 13180.081522652
1, 13180.068164303
1, 13180.054059798
1, 13180.039507107
1, 13180.024623190
1, 13180.009141545
1, 13179.992961587
1, 13179.976196685
1, 13179.959270726
1, 13179.942743446
1, 13179.926729087
1, 13179.911372401
1, 13179.896169607
1, 13179.880986780
1, 13179.866226957
1, 13179.852179959
1, 13179.838146118
1, 13179.824251427
1, 13179.809889589
1, 13179.794998761
1, 13179.780204395
1, 13179.765645839
1, 13179.751670983
1, 13179.738395630
1, 13179.725267800
1, 13179.712252177
1, 13179.699252046
1, 13179.685668888
1, 13179.671359191
1, 13179.656434943
1, 13179.640863292
1, 13179.624768035
1, 13179.607626682
1, 13179.589637522
1, 13179.571924408
1, 13179.554752653
1, 13179.537723774
1, 13179.520118665
1, 13179.502329748
1, 13179.484191130
1, 13179.465388375
1, 13179.446982005
1, 13179.429544679
1, 13179.412238098
1, 13179.394364276
1, 13179.376420143
1, 13179.358538427
1, 13179.340336874
1, 13179.322040582
1, 13179.304816593
1, 13179.287210089
1, 13179.268303029
1, 13179.248422119
1, 13179.227178414
1, 13179.204771317
1, 13179.183184041
1, 13179.163789654
1, 13179.145181641
1, 13179.126777303
1, 13179.108690761
1, 13179.090531718
1, 13179.071792918
1, 13179.053118606
1, 13179.034293637
1, 13179.014332249
1, 13178.994421423
1, 13178.974226915
1, 13178.952924346
1, 13178.932693578
1, 13178.914203303
1, 13178.895209759
1, 13178.875548389
1, 13178.855249966
1, 13178.834952629
1, 13178.814515457
1, 13178.795716936
1, 13178.776889606
1, 13178.757660183
1, 13178.738970539
1, 13178.721105841
1, 13178.702940941
1, 13178.684076588
1, 13178.664731757
1, 13178.645407959
1, 13178.626115459
1, 13178.607295983
1, 13178.589623210
1, 13178.571183638
1, 13178.551753908
1, 13178.531047091
1, 13178.508265363
1, 13178.486536647
1, 13178.466098855
1, 13178.445495875
1, 13178.424204414
1, 13178.402815066
1, 13178.380578132
1, 13178.357373003
1, 13178.333010577
1, 13178.307091483
1, 13178.279041042
1, 13178.250097910
1, 13178.220416165
1, 13178.193203311
1, 13178.169416325
1, 13178.145653182
1, 13178.121750074
1, 13178.097791586
1, 13178.073635001
1, 13178.049693281
1, 13178.025573256
1, 13178.000600875
1, 13177.976189695
1, 13177.952185083
1, 13177.927785136
1, 13177.903631883
1, 13177.880558512
1, 13177.857429843
1, 13177.833462405
1, 13177.808367127
1, 13177.782030602
1, 13177.754694547
1, 13177.729211659
1, 13177.703219383
1, 13177.675177682
1, 13177.645686955
1, 13177.615293510
1, 13177.585347935
1, 13177.556748193
1, 13177.529452068
1, 13177.505578548
1, 13177.482317851
1, 13177.458219367
1, 13177.432210836
1, 13177.404428939
1, 13177.376944378
1, 13177.349441846
1, 13177.321781146
1, 13177.296880099
1, 13177.272500638
1, 13177.248722047
1, 13177.225139336
1, 13177.201057340
1, 13177.175910611
1, 13177.149890359
1, 13177.122159893
1, 13177.091920009
1, 13177.059218574
1, 13177.026269580
1, 13176.997592192
1, 13176.970328249
1, 13176.942510949
1, 13176.913777932
1, 13176.885488082
1, 13176.858355539
1, 13176.830031349
1, 13176.801431347
1, 13176.772267449
1, 13176.742943016
1, 13176.713139590
1, 13176.682837261
1, 13176.652002493
1, 13176.621021699
1, 13176.590567541
1, 13176.559736248
1, 13176.527890012
1, 13176.498614909
1, 13176.476228035
1, 13176.455661826
1, 13176.434888027
1, 13176.413176958
1, 13176.389721678
1, 13176.364659310
1, 13176.340506768
1, 13176.317092046
1, 13176.293409982
1, 13176.269223366
1, 13176.244622994
1, 13176.218928793
1, 13176.192369898
1, 13176.166876298
1, 13176.141755671
1, 13176.115659745
1, 13176.087636052
1, 13176.060980058
1, 13176.035457671
1, 13176.008622313
1, 13175.980113834
1, 13175.950484257
1, 13175.919865840
1, 13175.889790907
1, 13175.860517148
1, 13175.831470914
1, 13175.801010813
1, 13175.769615839
1, 13175.740113847
1, 13175.711419633
1, 13175.684979805
1, 13175.660974840
1, 13175.636637814
1, 13175.612031293
1, 13175.587524958
1, 13175.562958993
1, 13175.537812556
1, 13175.510902248
1, 13175.482615424
1, 13175.453607328
1, 13175.423663908
1, 13175.394646210
1, 13175.368132511
1, 13175.343171212
1, 13175.318895688
1, 13175.294436000
1, 13175.270343736
1, 13175.247543580
1, 13175.224556238
1, 13175.201753416
1, 13175.179433026
1, 13175.158370851
1, 13175.137944341
1, 13175.117054672
1, 13175.095955190
1, 13175.075070149
1, 13175.053971360
1, 13175.031700334
1, 13175.008467367
1, 13174.985008873
1, 13174.961439837
1, 13174.938653555
1, 13174.915478687
1, 13174.892287300
1, 13174.869522392
1, 13174.845724212
1, 13174.821114320
1, 13174.794549716
1, 13174.768808426
1, 13174.743457843
1, 13174.718566596
1, 13174.694664998
1, 13174.671225875
1, 13174.647677483
1, 13174.623814831
1, 13174.601419071
1, 13174.579649030
1, 13174.557967561
1, 13174.535932791
1, 13174.513886353
1, 13174.491862490
1, 13174.469483533
1, 13174.446921800
1, 13174.424798520
1, 13174.402762236
1, 13174.381057474
1, 13174.360628892
1, 13174.340439931
1, 13174.320646798
1, 13174.300998361
1, 13174.281455821
1, 13174.261783764
1, 13174.241624002
1, 13174.221641169
1, 13174.202269082
1, 13174.183259584
1, 13174.164282799
1, 13174.145556740
1, 13174.126658366
1, 13174.107916290
1, 13174.089322400
1, 13174.070913106
1, 13174.053307162
1, 13174.036051988
1, 13174.019160221
1, 13174.002766238
1, 13173.986349883
1, 13173.970124770
1, 13173.953646957
1, 13173.937047089
1, 13173.920445629
1, 13173.903856760
1, 13173.888789948
1, 13173.874064580
1, 13173.859613734
1, 13173.844800519
1, 13173.828922008
1, 13173.813197844
1, 13173.797484589
1, 13173.781075669
1, 13173.764483476
1, 13173.748044732
1, 13173.731613390
1, 13173.715050285
1, 13173.698304244
1, 13173.681332087
1, 13173.663983071
1, 13173.646545923
1, 13173.628295965
1, 13173.611363449
1, 13173.594796313
1, 13173.578225121
1, 13173.562478837
1, 13173.548002591
1, 13173.533965193
1, 13173.520274169
1, 13173.506829692
1, 13173.493545036
1, 13173.480471390
1, 13173.467590019
1, 13173.454774036
1, 13173.441914732
1, 13173.428949929
1, 13173.415419158
1, 13173.401443325
1, 13173.386991631
1, 13173.372101737
1, 13173.357057500
1, 13173.342449051
1, 13173.328133364
1, 13173.314045256
1, 13173.299640041
1, 13173.284903438
1, 13173.270001467
1, 13173.255124333
1, 13173.240797697
1, 13173.227202713
1, 13173.214166073
1, 13173.200831438
1, 13173.186512922
1, 13173.171611632
1, 13173.156374832
1, 13173.141085468
1, 13173.126338320
1, 13173.112174232
1, 13173.098709289
1, 13173.085566362
