1,  2586.000000000
1,  2588.212053565
1,  2590.003438459
1,  2593.443331442
1,  2596.961097453
1,  2600.551069571
1,  2603.986659632
1,  2606.418869756
1,  2609.539704783
1,  2611.702182441
1,  2613.082986601
1,  2613.420542312
1,  2615.373472200
1,  2617.694443499
1,  2618.986436695
1,  2620.762527918
1,  2622.369073091
1,  2623.283875472
1,  2623.650128985
1,  2623.443397284
1,  2623.076640254
1,  2622.982686821
1,  2623.990072192
1,  2627.145818736
1,  2628.683453128
1,  2630.875146952
1,  2633.750602899
1,  2636.164774349
1,  2638.472448032
1,  2640.138682202
1,  2642.109961791
1,  2643.648140849
1,  2646.316643336
1,  2648.556666818
1,  2650.637335613
1,  2651.164300211
1,  2652.983885213
1,  2654.623887152
1,  2656.692554916
1,  2658.384639458
1,  2660.628340034
1,  2662.374894514
1,  2664.871244382
1,  2667.723820011
1,  2670.540893444
1,  2673.361265431
1,  2676.097945060
1,  2676.733021490
1,  2677.540524054
1,  2679.859838784
1,  2681.677153037
1,  2684.016013932
1,  2686.507544781
1,  2689.947191715
1,  2693.094873057
1,  2695.917338326
1,  2696.117575326
1,  2699.068201307
1,  2701.798476038
1,  2704.066988039
1,  2707.372616242
1,  2710.529401875
1,  2713.007224718
1,  2715.460515737
1,  2717.524587952
1,  2719.953335667
1,  2722.592005315
1,  2725.266676139
1,  2728.194989905
1,  2731.056234929
1,  2733.784017726
1,  2736.233308619
1,  2738.615336647
1,  2740.870832553
1,  2742.961977921
1,  2744.734437147
1,  2746.368285378
1,  2746.958436505
1,  2747.415663608
1,  2749.537041017
1,  2751.784511151
1,  2753.892280628
1,  2755.997113470
1,  2757.577468825
1,  2758.962754317
1,  2759.203904995
1,  2761.418696487
1,  2762.455428788
1,  2764.412046490
1,  2766.105443205
1,  2768.588024982
1,  2771.036949979
1,  2773.457794941
1,  2775.549881698
1,  2777.518591091
1,  2779.891542421
1,  2782.246232110
1,  2784.470839652
1,  2786.608979018
1,  2788.508155286
1,  2788.011647084
1,  2789.864390846
1,  2791.787649572
1,  2792.985658279
1,  2792.753675482
1,  2794.021495451
1,  2794.722161112
1,  2795.214646990
1,  2796.364986479
1,  2798.276108832
1,  2799.878190380
1,  2801.168950029
1,  2802.494543660
1,  2803.901183590
1,  2805.573979733
1,  2806.935020076
1,  2808.686338816
1,  2810.617286835
1,  2812.440028700
1,  2813.771694915
1,  2815.527850567
1,  2817.150793658
1,  2818.701087365
1,  2820.147958803
1,  2821.612412530
1,  2822.628057769
1,  2824.074050608
1,  2825.380554788
1,  2826.500663748
1,  2827.111319759
1,  2828.633305219
1,  2829.858693014
1,  2831.019405674
1,  2830.547138348
1,  2830.396480258
1,  2830.594457139
1,  2830.258522580
1,  2830.240839359
1,  2830.406128023
1,  2830.545076863
1,  2830.051776988
1,  2829.628410520
1,  2829.359579603
1,  2830.230672661
1,  2831.337682424
1,  2832.681013397
1,  2833.900172155
1,  2835.119338406
1,  2835.843109853
1,  2836.603601914
1,  2837.816196564
1,  2839.014133691
1,  2840.171640229
1,  2841.351515838
1,  2842.564562747
1,  2843.748448567
1,  2844.827845415
1,  2845.471562993
1,  2844.621348417
1,  2845.003470252
1,  2844.926527042
1,  2844.835521219
1,  2844.667113061
1,  2844.222615456
1,  2843.847490444
1,  2843.763063003
1,  2843.544300631
1,  2843.423023910
1,  2843.845119185
1,  2844.543896034
1,  2845.739822543
1,  2846.670241664
1,  2847.003342243
1,  2847.263926380
1,  2847.896222291
1,  2849.220435849
1,  2850.165800982
1,  2851.308665427
1,  2851.764640317
1,  2852.760966863
1,  2853.701472769
1,  2854.709082193
1,  2855.596436336
1,  2855.839123216
1,  2856.632722375
1,  2856.318941145
1,  2855.688331437
1,  2855.473465801
1,  2855.933573080
1,  2856.307409685
1,  2857.044604838
1,  2858.310034515
1,  2859.522637579
1,  2860.708899028
1,  2861.942122271
1,  2862.211027308
1,  2863.456031429
1,  2863.682465536
1,  2863.760652751
1,  2864.436333028
1,  2865.643387345
1,  2866.594320312
1,  2868.001191237
1,  2868.978559352
1,  2870.084468842
1,  2871.187349244
1,  2872.313953217
1,  2873.353733463
1,  2874.804414061
1,  2876.113061444
1,  2876.474840315
1,  2877.466738611
1,  2878.960225416
1,  2880.016927345
1,  2880.959850372
1,  2880.977781670
1,  2882.039012424
1,  2883.504210970
1,  2883.467858163
1,  2884.047793500
1,  2885.833680197
1,  2887.574834226
1,  2889.293753165
1,  2890.542392026
1,  2890.479885245
1,  2890.546218868
1,  2891.956907012
1,  2893.636810517
1,  2895.475625494
1,  2897.253280563
1,  2898.976289975
1,  2900.144698590
1,  2901.873259879
1,  2903.564139014
1,  2905.447630439
1,  2907.396682704
1,  2909.359054034
1,  2911.345002821
1,  2913.417385562
1,  2915.521241393
1,  2917.465658958
1,  2917.184237978
1,  2917.823990360
1,  2919.357153889
1,  2921.437156265
1,  2923.685624934
1,  2924.191383774
1,  2925.154838012
1,  2927.404449347
1,  2928.458308241
1,  2928.855120454
1,  2930.924290408
1,  2931.459657620
1,  2933.408407680
1,  2935.570815154
1,  2938.116953056
1,  2940.717118035
1,  2943.381088814
1,  2946.107171780
1,  2946.098477292
1,  2947.405144637
1,  2947.139541005
1,  2948.107581165
1,  2950.936330524
1,  2953.534843549
1,  2956.243955341
1,  2957.962395467
1,  2960.638515113
1,  2963.407115446
1,  2966.458033888
1,  2968.960359321
1,  2970.362933178
1,  2972.654926043
1,  2975.633313355
1,  2978.695717221
1,  2981.890941325
1,  2984.944704382
1,  2986.753207161
1,  2989.136401492
1,  2992.312710860
1,  2993.041565822
1,  2995.542001597
1,  2998.497528969
1,  3000.208595947
1,  3003.157795436
1,  3006.430207537
1,  3007.741236601
1,  3009.030673015
1,  3010.457554365
1,  3013.153724549
1,  3016.423214935
1,  3019.891492682
1,  3023.386562281
1,  3027.006536025
1,  3030.617530496
1,  3033.722518726
1,  3034.932090143
1,  3037.410182932
1,  3040.919467225
1,  3044.202848312
1,  3048.037910497
1,  3051.778261357
1,  3055.725303699
1,  3058.996417005
1,  3063.065937489
1,  3067.103067008
1,  3069.411369758
1,  3073.256810961
1,  3075.751611418
1,  3079.832203188
1,  3084.013228524
1,  3087.652681102
1,  3090.711587400
1,  3093.505896783
1,  3095.973007352
1,  3099.473710502
1,  3102.360590524
1,  3106.284888505
1,  3110.329905663
1,  3114.010403545
1,  3117.856829062
1,  3121.015710499
1,  3123.277239781
1,  3124.322078207
1,  3124.872188637
1,  3128.607599611
1,  3132.045440911
1,  3134.982593566
1,  3136.756133604
1,  3137.442144477
1,  3139.011617385
1,  3141.567708479
1,  3144.444192066
1,  3147.069634716
1,  3149.945498334
1,  3154.005788223
1,  3157.980379239
1,  3160.204641910
1,  3164.290516645
1,  3164.646721849
1,  3166.854318928
1,  3171.274045626
1,  3175.526063807
1,  3176.871126344
1,  3179.842634045
1,  3184.607422281
1,  3189.393279040
1,  3194.167258748
1,  3198.452810498
1,  3201.339894322
1,  3202.438609218
1,  3202.991726814
1,  3203.516897493
1,  3206.622941462
1,  3209.022548408
1,  3210.244233979
1,  3210.608380636
1,  3213.225880012
1,  3215.917199208
1,  3218.528200806
1,  3221.109610529
1,  3223.359297805
1,  3225.348718027
1,  3226.539201296
1,  3227.549833335
1,  3227.996553441
1,  3230.012023145
1,  3234.142981374
1,  3238.356419673
1,  3242.434729235
1,  3245.835011456
1,  3248.152054821
1,  3248.465730035
1,  3250.132204256
1,  3252.930797090
1,  3254.706917115
1,  3256.739860307
1,  3258.321111137
1,  3258.939055245
1,  3259.260917852
1,  3259.405301170
1,  3259.376362986
1,  3258.460720619
1,  3257.311606000
1,  3257.035134537
1,  3256.196788250
1,  3255.184744776
1,  3254.753368640
1,  3254.712670791
1,  3254.106920405
1,  3253.010740892
1,  3251.638108139
1,  3251.211936316
1,  3251.300497119
1,  3250.788668791
1,  3249.720254268
1,  3251.094336410
1,  3251.760828422
1,  3252.180430304
1,  3252.397680723
1,  3252.519689162
1,  3251.958237433
1,  3251.021913600
1,  3250.220730937
1,  3249.577266592
1,  3249.754243277
1,  3252.102256164
1,  3254.421082083
1,  3256.232643184
1,  3257.302919524
1,  3258.737033482
1,  3259.418236445
1,  3260.253369223
1,  3261.918395037
1,  3263.943037093
1,  3265.178458292
1,  3266.351243951
1,  3265.850018146
1,  3266.673296021
1,  3269.378107088
1,  3272.643856926
1,  3275.392240265
1,  3277.856779886
1,  3279.543222887
1,  3280.438942911
1,  3282.230336576
1,  3285.768505109
1,  3289.374739345
1,  3292.050297709
1,  3294.961547149
1,  3297.339480348
1,  3299.708807153
1,  3301.913579138
1,  3303.902556175
1,  3305.598414715
1,  3307.879801333
1,  3310.780683301
1,  3313.036060200
1,  3314.812840116
1,  3317.075130120
1,  3318.638688484
1,  3320.081782832
1,  3321.129451404
1,  3322.298998486
1,  3323.398975453
1,  3326.269047609
1,  3328.792419888
1,  3331.163597682
1,  3333.528655165
1,  3335.478752503
1,  3337.354287440
1,  3338.729566514
1,  3339.910470522
1,  3341.969860307
1,  3344.173805186
1,  3345.838172425
1,  3347.098794782
1,  3346.837242599
1,  3349.100140043
1,  3351.085465901
1,  3353.741086058
1,  3356.266712779
1,  3358.496182032
1,  3358.829347589
1,  3361.129408011
1,  3363.214757505
1,  3365.034227408
1,  3366.516934489
1,  3366.034346546
1,  3367.244112763
1,  3367.395035986
1,  3369.756646837
1,  3372.118049044
1,  3374.463400088
1,  3376.579957258
1,  3378.806172922
1,  3380.955251577
1,  3382.572379443
1,  3384.509133612
1,  3385.966949181
1,  3387.385090581
1,  3389.225748552
1,  3389.847293118
1,  3390.348537315
1,  3392.232480351
1,  3394.238124288
1,  3395.495810213
1,  3397.394244572
1,  3399.315576069
1,  3401.210673385
1,  3403.016520774
1,  3404.664824805
1,  3406.055954229
1,  3407.424506065
1,  3407.734451543
1,  3409.295270100
1,  3410.411708484
1,  3410.931358881
1,  3412.224698594
1,  3413.020313944
1,  3413.583634696
1,  3414.138624190
1,  3415.008368804
1,  3414.706018466
1,  3414.802746768
1,  3414.249008010
1,  3414.378012412
1,  3415.446793675
1,  3416.847310826
1,  3417.260096624
1,  3418.649103121
1,  3420.013488431
1,  3421.373862877
1,  3422.489014282
1,  3423.766870461
1,  3425.225631134
1,  3426.583637782
1,  3426.074726957
1,  3426.133127505
1,  3426.533908914
1,  3426.677810940
1,  3426.339328316
1,  3427.207341000
1,  3427.144906145
1,  3428.171421760
1,  3429.428531829
1,  3430.574198316
1,  3431.577021286
1,  3432.544760727
1,  3433.090828199
1,  3432.759480896
1,  3432.663610555
1,  3432.717199740
1,  3433.923867574
1,  3435.144832754
1,  3436.406488770
1,  3437.564966381
1,  3437.326451502
1,  3436.978041447
1,  3437.629786322
1,  3438.477532111
1,  3439.391526795
1,  3440.140021860
1,  3439.378718174
1,  3439.442329935
1,  3439.088553564
1,  3439.168503212
1,  3439.834749803
1,  3440.604051628
1,  3441.248781399
1,  3442.380407916
1,  3442.650214813
1,  3443.001298855
1,  3443.981568135
1,  3444.376991194
1,  3445.666481537
1,  3446.788820919
1,  3446.188029909
1,  3446.181837653
1,  3447.084697363
1,  3448.334748986
1,  3449.562864845
1,  3449.620914501
1,  3451.028168010
1,  3452.495153241
1,  3453.956865359
1,  3454.887228864
1,  3455.479709088
1,  3455.805308789
1,  3455.138532552
1,  3454.867638465
1,  3454.496983679
1,  3454.860459970
1,  3455.393044208
1,  3456.172237696
1,  3456.133679871
1,  3456.721515362
1,  3457.908764537
1,  3459.371110741
1,  3461.036404757
1,  3462.797052988
1,  3464.266309371
1,  3463.788788468
1,  3464.185752209
1,  3464.854161603
1,  3465.512796925
1,  3466.482203284
1,  3468.097362202
1,  3469.913540529
1,  3470.188828579
1,  3469.172732784
1,  3469.463353907
1,  3471.250612927
1,  3473.004260486
1,  3473.690835730
1,  3474.473944064
1,  3475.698176547
1,  3477.549082512
1,  3478.610627430
1,  3478.457395453
1,  3478.939761617
1,  3478.162554136
1,  3478.311582871
1,  3479.371899286
1,  3480.403563602
1,  3481.606139089
1,  3483.726286678
1,  3483.863328660
1,  3484.537913926
1,  3486.249747858
1,  3488.286670455
1,  3490.076628354
1,  3492.758076968
1,  3494.733639694
1,  3494.825097632
1,  3497.472732188
1,  3500.191993661
1,  3502.440703585
1,  3504.456270241
1,  3506.110773798
1,  3506.971719829
1,  3508.436583431
1,  3508.466655939
1,  3509.033173366
1,  3509.610546172
1,  3510.031910420
1,  3511.132572234
1,  3512.417574129
1,  3515.578438618
1,  3517.608056618
1,  3519.825849435
1,  3520.402921131
1,  3521.936077511
1,  3523.458092193
1,  3525.918649702
1,  3526.404058604
1,  3529.616308776
1,  3531.387536393
1,  3534.830069382
1,  3534.957086506
1,  3535.380173814
1,  3537.740268655
1,  3538.608440992
1,  3539.994476443
1,  3542.357304556
1,  3545.631812419
1,  3546.456259657
1,  3549.751945283
1,  3551.083265248
1,  3554.611443130
1,  3557.629580492
1,  3560.577004579
1,  3564.151458924
1,  3565.503388022
1,  3569.383454127
1,  3573.194188524
1,  3576.563376470
1,  3577.471882208
1,  3580.255776779
1,  3583.389991036
1,  3586.353001068
1,  3588.592305857
1,  3592.504620333
1,  3592.935878593
1,  3595.083293607
1,  3599.173583386
1,  3601.114409939
1,  3602.268781475
1,  3605.531838001
1,  3605.662895099
1,  3607.647505244
1,  3610.204333536
1,  3614.639518960
1,  3619.083052050
1,  3622.925417006
1,  3625.743279943
1,  3629.681849297
1,  3633.180483456
1,  3637.235186127
1,  3641.356545069
1,  3645.459105282
1,  3649.602233133
1,  3653.870395530
1,  3657.799476379
1,  3661.076733119
1,  3662.636271255
1,  3667.360422955
1,  3671.230129444
1,  3674.315873893
1,  3675.825483247
1,  3676.382669644
1,  3677.035818982
1,  3679.729581924
1,  3684.090821223
1,  3688.675607602
1,  3694.342223948
1,  3698.900126678
1,  3704.685851392
1,  3708.483455605
1,  3711.585217305
1,  3712.099080520
1,  3714.376183309
1,  3714.841302346
1,  3718.240551159
1,  3723.801673977
1,  3728.424899380
1,  3733.561264057
1,  3738.372586147
1,  3741.937023380
1,  3746.205543383
1,  3750.233766156
1,  3754.680877284
1,  3759.207671380
1,  3764.736236122
1,  3767.736024025
1,  3771.208941383
1,  3773.009218880
1,  3774.568501072
1,  3776.843149493
1,  3775.647941698
1,  3777.973528902
1,  3777.543880090
1,  3782.008777723
1,  3787.441551003
1,  3791.107093550
1,  3796.275232188
1,  3800.707213951
1,  3806.195152420
1,  3811.017022817
1,  3813.707136314
1,  3815.133266842
1,  3817.326093982
1,  3820.022333017
1,  3821.616113292
1,  3822.680672615
1,  3825.174545963
1,  3825.007747610
1,  3825.368638947
1,  3828.399088990
1,  3833.058441107
1,  3838.532149405
1,  3843.996570492
1,  3847.893156177
1,  3849.900154237
1,  3853.243283081
1,  3858.180999085
1,  3860.795119627
1,  3864.415713633
1,  3870.453940666
1,  3874.685761035
1,  3877.571098884
1,  3879.373937503
1,  3883.066184131
1,  3887.418224356
1,  3890.674954329
1,  3894.097031910
1,  3898.249967304
1,  3901.045853839
1,  3905.200216920
1,  3908.343047844
1,  3911.252608054
1,  3914.189147245
1,  3917.729333216
1,  3920.448393048
1,  3923.429783142
1,  3926.671662791
1,  3928.012903622
1,  3927.391134682
1,  3926.247803246
1,  3925.883165420
1,  3925.503091108
1,  3926.939421920
1,  3926.118895193
1,  3927.206269658
1,  3927.419887323
1,  3927.326091712
1,  3926.179627184
1,  3925.536450887
1,  3925.946604904
1,  3925.239261393
1,  3924.049599755
1,  3922.953694928
1,  3921.967841710
1,  3922.627343213
1,  3923.726673539
1,  3924.881385404
1,  3926.854855377
1,  3928.486224952
1,  3929.318090624
1,  3929.444125082
1,  3930.896122104
1,  3931.595650533
1,  3931.729307272
1,  3931.181239798
1,  3931.227032142
1,  3930.171824842
1,  3930.245817748
1,  3929.980338710
1,  3929.712441190
1,  3929.605579351
1,  3929.750979967
1,  3930.593993206
1,  3930.638464742
1,  3930.749327105
1,  3930.932084618
1,  3930.870857461
1,  3930.692052625
1,  3930.781523662
1,  3930.854523032
1,  3930.783092473
1,  3930.399958674
1,  3930.955330347
1,  3931.268006811
1,  3930.902581079
1,  3930.667386307
1,  3930.024775582
1,  3929.008611352
1,  3928.285879078
1,  3928.078813296
1,  3927.947406245
1,  3929.114975296
1,  3930.362156492
1,  3931.605838574
1,  3931.863481196
1,  3931.912832536
1,  3932.105312309
1,  3933.844372085
1,  3934.126287277
1,  3935.694620162
1,  3937.414059481
1,  3938.987386411
1,  3940.247905375
1,  3940.535244630
1,  3941.881644448
1,  3943.070268498
1,  3942.926223310
1,  3942.437961996
1,  3942.266817306
1,  3943.906534761
1,  3945.828675627
1,  3947.314021629
1,  3948.807647154
1,  3949.784247767
1,  3950.279079719
1,  3950.612250301
1,  3951.039158827
1,  3951.341433516
1,  3952.763552058
1,  3954.189055292
1,  3955.530397361
1,  3956.413854076
1,  3957.649077749
1,  3958.632768187
1,  3959.514682947
1,  3960.290334177
1,  3960.756405089
1,  3960.955338715
1,  3961.569907570
1,  3962.143979694
1,  3963.001556689
1,  3963.959968065
1,  3964.971652603
1,  3966.056564279
1,  3966.620629855
1,  3967.652300157
1,  3968.573102233
1,  3969.335626618
1,  3969.616194793
1,  3970.253138585
1,  3969.374555313
1,  3970.749196866
1,  3971.279503310
1,  3972.514983212
1,  3973.469672810
1,  3973.963303431
1,  3972.965488380
1,  3972.161246983
1,  3972.675617441
1,  3973.635208585
1,  3973.435086508
1,  3974.257015296
1,  3974.951474969
1,  3975.356377681
1,  3976.471385298
1,  3975.704609554
1,  3975.489031954
1,  3976.133231426
1,  3977.287069297
1,  3978.313350450
1,  3979.217055064
1,  3979.192148880
1,  3978.313526571
1,  3978.421018282
1,  3978.941532116
1,  3979.041457597
1,  3978.492451955
1,  3978.180516671
1,  3977.605254684
1,  3977.902449200
1,  3978.935880903
1,  3978.141619478
1,  3977.680035914
1,  3977.300777789
1,  3977.400869306
1,  3978.432581587
1,  3979.096447910
1,  3978.460514233
1,  3977.828822894
1,  3977.695645178
1,  3978.638079961
1,  3979.556785085
1,  3979.291854178
1,  3979.368077612
1,  3980.290595029
1,  3980.146281097
1,  3980.789916255
1,  3981.287983072
1,  3980.854920951
1,  3981.101492121
1,  3981.894813550
1,  3981.776064341
1,  3982.375053867
1,  3982.442036571
1,  3982.038947878
1,  3982.003277802
1,  3982.298674470
1,  3982.947535552
1,  3984.087338858
1,  3985.117619965
1,  3984.995227205
1,  3985.920148645
1,  3987.107677525
1,  3988.349140489
1,  3989.634082396
1,  3990.914039349
1,  3990.887058351
1,  3989.960085439
1,  3989.454594077
1,  3989.704409239
1,  3990.305494752
1,  3990.059465147
1,  3990.101728045
1,  3990.349578109
1,  3991.728754513
1,  3992.572939334
1,  3993.084985894
1,  3992.722056864
1,  3992.827237690
1,  3993.478181997
1,  3993.627525146
1,  3994.442053078
1,  3995.110379069
1,  3995.719970521
1,  3995.635829306
1,  3996.322975841
1,  3997.492791382
1,  3997.274657969
1,  3997.156033345
1,  3998.737057320
1,  3999.949992639
1,  4001.212259542
1,  4002.256711339
1,  4002.611898436
1,  4003.751418378
1,  4004.157599050
1,  4005.960611076
1,  4007.718457294
1,  4009.857496016
1,  4011.973891748
1,  4013.969043778
1,  4016.001587806
1,  4018.187410249
1,  4018.127577926
1,  4017.389508974
1,  4018.274301518
1,  4020.117078782
1,  4021.999324237
1,  4022.188929520
1,  4022.464897782
1,  4023.742557307
1,  4024.230865639
1,  4025.149394751
1,  4024.952005364
1,  4025.893444866
1,  4026.620553549
1,  4026.162010054
1,  4027.163950428
1,  4027.835821382
1,  4028.364731196
1,  4029.425600014
1,  4031.126875636
1,  4033.964200945
1,  4036.284577038
1,  4039.217762485
1,  4042.203488463
1,  4045.020875683
1,  4047.440516589
1,  4049.346939435
1,  4051.730349053
1,  4054.180208856
1,  4057.116986766
1,  4056.783924899
1,  4058.754339029
1,  4059.401405637
1,  4061.757488714
1,  4061.461511793
1,  4064.322633056
1,  4066.823739606
1,  4070.178374929
1,  4072.574445411
1,  4076.070561189
1,  4077.594022020
1,  4079.622719586
1,  4083.191943644
1,  4086.337066826
1,  4089.570203751
1,  4092.436622185
1,  4094.723770319
1,  4096.965680222
1,  4099.743415187
1,  4103.293432440
1,  4105.745834254
1,  4107.368591166
1,  4110.696152874
1,  4113.837213370
1,  4115.128565036
1,  4116.185657075
1,  4119.677656512
1,  4120.009751080
1,  4123.318910378
1,  4126.740978172
1,  4126.160604354
1,  4129.984298198
1,  4133.863301066
1,  4138.053508272
1,  4141.221195532
1,  4141.899010462
1,  4144.191610314
1,  4147.530682476
1,  4150.026701001
1,  4150.556766665
1,  4152.390810299
1,  4154.673876326
1,  4157.130626669
1,  4160.616361451
1,  4164.095636358
1,  4163.629826753
1,  4166.442471476
1,  4168.183379998
1,  4168.656298401
1,  4172.589903172
1,  4177.070150741
1,  4181.282485605
1,  4184.122560672
1,  4183.551991126
1,  4186.952852143
1,  4190.575573193
1,  4195.013472331
1,  4199.476163451
1,  4203.819048665
1,  4207.937757658
1,  4211.784485926
1,  4215.894715100
1,  4218.441437527
1,  4222.853412000
1,  4224.352012962
1,  4224.395310971
1,  4228.756978942
1,  4234.045156847
1,  4237.573269551
1,  4241.301026400
1,  4244.068841763
1,  4246.361683183
1,  4249.223577789
1,  4253.459119542
1,  4252.819737189
1,  4255.304566521
1,  4257.834698958
1,  4259.963988037
1,  4262.058749103
1,  4266.768226372
1,  4272.687469471
1,  4278.095545445
1,  4281.788486726
1,  4286.237452412
1,  4290.935739237
1,  4296.489364203
1,  4301.260801737
1,  4304.224810036
1,  4306.878606859
1,  4310.873621678
1,  4316.411203674
1,  4320.465129006
1,  4325.635262499
1,  4329.755973169
1,  4335.113565825
1,  4339.696038410
1,  4341.184812604
1,  4344.010303566
1,  4346.664020635
1,  4346.791925940
1,  4347.099684238
1,  4351.577622520
1,  4357.752849792
1,  4361.467527540
1,  4365.777931511
1,  4368.449674704
1,  4371.208811883
1,  4373.090743674
1,  4374.210044829
1,  4374.055992130
1,  4374.653460957
1,  4374.508051659
1,  4377.985879413
1,  4380.420166781
1,  4382.821259164
1,  4382.842726210
1,  4385.793094927
1,  4389.872766240
1,  4392.585261990
1,  4395.259782178
1,  4398.556392414
1,  4402.084850044
1,  4405.349258267
1,  4408.025225258
1,  4409.820184972
1,  4412.979332989
1,  4416.789741196
1,  4418.442295592
1,  4417.298636143
1,  4417.055103499
1,  4416.581394556
1,  4418.325200557
1,  4421.533309633
1,  4424.687324255
1,  4425.549195531
1,  4428.010697081
1,  4432.320080137
1,  4435.577248603
1,  4440.143104056
1,  4443.465470340
1,  4447.858815365
1,  4448.707939864
1,  4452.541343119
1,  4456.865024279
1,  4460.532262690
1,  4461.895986785
1,  4461.820309920
1,  4463.396840085
1,  4466.045573977
1,  4468.579411262
1,  4470.788389619
1,  4472.783456877
1,  4475.246063449
1,  4478.345019848
1,  4480.636301402
1,  4481.772325624
1,  4482.770541142
1,  4484.596996743
1,  4486.532535626
1,  4486.239164915
1,  4489.669589005
1,  4494.043351736
1,  4497.165817948
1,  4500.252782351
1,  4504.084397368
1,  4506.405283370
1,  4508.236068619
1,  4509.025749967
1,  4509.730151410
1,  4510.053077682
1,  4509.238396950
1,  4511.760490986
1,  4514.781246668
1,  4517.079299326
1,  4519.514324428
1,  4521.053700492
1,  4522.567686791
1,  4524.984965765
1,  4527.791589756
1,  4531.614994804
1,  4533.970883939
1,  4537.394304468
1,  4539.654073607
1,  4541.418368940
1,  4543.149327926
1,  4545.942841989
1,  4547.021583961
1,  4548.060595182
1,  4547.549315527
1,  4549.689495450
1,  4551.927283902
1,  4553.849913292
1,  4555.382276808
1,  4556.517915740
1,  4557.452644001
1,  4557.771735388
1,  4559.200563384
1,  4560.905632643
1,  4562.266020226
1,  4562.019900030
1,  4561.728556966
1,  4562.837009170
1,  4563.310401555
1,  4565.106401457
1,  4567.019333709
1,  4568.877069972
1,  4570.605089990
1,  4572.159680014
1,  4573.391199811
1,  4574.580331568
1,  4575.160595024
1,  4576.074152506
1,  4577.241033585
1,  4578.109029340
1,  4578.680388723
1,  4579.822975592
1,  4580.820827456
1,  4581.859726136
1,  4582.912187566
1,  4583.870303272
1,  4582.614448361
1,  4581.358937520
1,  4580.103770654
1,  4578.848947670
1,  4577.594468473
1,  4576.340332969
1,  4575.086541064
1,  4573.833092663
1,  4572.579987673
1,  4571.327225999
1,  4570.074807548
1,  4568.822732225
1,  4567.570999936
1,  4566.319610588
1,  4565.068564086
1,  4563.817860337
1,  4562.567499246
1,  4561.317480720
1,  4560.067804665
1,  4558.818470987
1,  4557.569479592
1,  4556.320830386
1,  4555.072523276
1,  4553.824558168
1,  4552.576934968
1,  4551.329653583
1,  4550.082713919
1,  4548.836115882
1,  4547.589859379
1,  4546.343944316
1,  4545.098370600
1,  4543.853138136
1,  4542.608246832
1,  4541.363696595
1,  4540.119487330
1,  4538.875618944
1,  4537.632091344
1,  4536.193325950
1,  4534.950533225
1,  4533.708080992
1,  4532.465969156
1,  4531.224197624
1,  4529.982766304
1,  4528.741675103
1,  4527.500923926
1,  4526.260512681
1,  4525.020441275
1,  4523.780709614
1,  4522.541317606
1,  4521.302265157
1,  4520.063552175
1,  4518.825178566
1,  4517.587144238
1,  4516.349449097
1,  4515.112093051
1,  4513.875076006
1,  4512.638397870
1,  4511.402058550
1,  4510.166057954
1,  4508.930395987
1,  4507.695072558
1,  4506.460087574
1,  4505.225440942
1,  4503.991132569
1,  4502.757162363
1,  4501.523530231
1,  4500.290236081
1,  4499.057279819
1,  4497.824661353
1,  4496.592380592
1,  4495.360437441
1,  4494.128831809
1,  4492.897563603
1,  4491.666632731
1,  4490.436039101
1,  4489.205782619
