1,    11.377654420
1,    11.847843407
1,    12.251420632
1,    12.632615369
1,    13.010024647
1,    13.400748102
1,    13.799786242
1,    14.171042224
1,    14.534854771
1,    14.928321046
1,    15.352233948
1,    15.806983871
1,    16.231652469
1,    16.610122150
1,    17.000074955
1,    17.384457702
1,    17.758686830
1,    18.150438339
1,    18.566787761
1,    19.016443792
1,    19.494477881
1,    19.966059228
1,    20.469373065
1,    20.975575964
1,    21.473515598
1,    21.958052813
1,    22.460710624
1,    22.979814120
1,    23.484879079
1,    23.969677032
1,    24.441874005
1,    24.940541839
1,    25.430408885
1,    25.925624645
1,    26.426386111
1,    26.874236520
1,    27.268997398
1,    27.652753340
1,    28.047815334
1,    28.439549507
1,    28.816972373
1,    29.181820643
1,    29.540948135
1,    29.926192855
1,    30.335835202
1,    30.773702994
1,    31.223857639
1,    31.663790376
1,    32.097366272
1,    32.544829763
1,    32.990459739
1,    33.432728830
1,    33.854004890
1,    34.263505049
1,    34.696353397
1,    35.147508106
1,    35.581964565
1,    36.024773824
1,    36.478976183
1,    36.906086883
1,    37.316051412
1,    37.738915994
1,    38.174153757
1,    38.618592603
1,    39.069313813
1,    39.533867033
1,    40.007747945
1,    40.461120049
1,    40.898668160
1,    41.331733054
1,    41.772369773
1,    42.227853365
1,    42.674640241
1,    43.121435087
1,    43.560819211
1,    43.996780084
1,    44.440739837
1,    44.915049502
1,    45.411040859
1,    45.863207005
1,    46.281119338
1,    46.684917779
1,    47.087408899
1,    47.497477989
1,    47.928437854
1,    48.385964551
1,    48.816495648
1,    49.246092194
1,    49.680494210
1,    50.100937992
1,    50.522781985
1,    50.956168581
1,    51.395838080
1,    51.827156988
1,    52.250919677
1,    52.655750932
1,    53.066698642
1,    53.484221716
1,    53.899354919
1,    54.322226557
1,    54.739365739
1,    55.161577159
1,    55.590975342
1,    56.010029695
1,    56.399935128
1,    56.785244565
1,    57.168069560
1,    57.556684171
1,    57.948807430
1,    58.346018193
1,    58.739989844
1,    59.129916841
1,    59.524184538
1,    59.925329559
1,    60.332562786
1,    60.744481520
1,    61.135685652
1,    61.496814521
1,    61.846242240
1,    62.188951888
1,    62.529546799
1,    62.873516814
1,    63.216798280
1,    63.560796352
1,    63.905339135
1,    64.242822836
1,    64.579217052
1,    64.922550126
1,    65.273542340
1,    65.613011681
1,    65.944297485
1,    66.275533161
1,    66.610293296
1,    66.937387573
1,    67.260183307
1,    67.582618318
1,    67.915407315
1,    68.223826260
1,    68.514166196
1,    68.789914920
1,    69.052794869
1,    69.316565233
1,    69.580931770
1,    69.851750422
1,    70.128241837
1,    70.408605340
1,    70.692577999
1,    70.977774611
1,    71.259625745
1,    71.537242085
1,    71.816468452
1,    72.095239424
1,    72.371984609
1,    72.656028918
1,    72.950340539
1,    73.255171087
1,    73.570638041
1,    73.889476909
1,    74.205075252
1,    74.505468975
1,    74.787663360
1,    75.067668145
1,    75.344256304
1,    75.616608795
1,    75.885504302
1,    76.147858618
1,    76.413884565
1,    76.684438718
1,    76.952407845
1,    77.217306648
1,    77.489392053
1,    77.766462570
1,    78.034807515
1,    78.299085527
1,    78.563311886
1,    78.831990376
1,    79.103884978
1,    79.374272327
1,    79.635584898
1,    79.892022773
1,    80.148978967
1,    80.412033182
1,    80.673609920
1,    80.930689785
1,    81.184466907
1,    81.431415988
1,    81.680412346
1,    81.927780396
1,    82.180090088
1,    82.433452447
1,    82.691914705
1,    82.950904253
1,    83.217914307
1,    83.487763331
1,    83.766259443
1,    84.042305185
1,    84.318190842
1,    84.589468273
1,    84.849909953
1,    85.110558108
1,    85.390362249
1,    85.673394268
1,    85.950262928
1,    86.226109359
1,    86.504048185
1,    86.782633856
1,    87.050224081
1,    87.318995759
1,    87.599460395
1,    87.891585092
1,    88.185093712
1,    88.479005932
1,    88.777916676
1,    89.080026369
1,    89.379089853
1,    89.669160568
1,    89.953421305
1,    90.239987236
1,    90.522877520
1,    90.803454727
1,    91.096238461
1,    91.401461647
1,    91.705604122
1,    92.023738213
1,    92.315473892
1,    92.582661301
1,    92.846456147
1,    93.117565376
1,    93.404365407
1,    93.698937649
1,    94.000575815
1,    94.297233133
1,    94.588275593
1,    94.879263205
1,    95.174947799
1,    95.473094469
1,    95.770393765
1,    96.068872185
1,    96.372013618
1,    96.679209532
1,    96.989201695
1,    97.293848911
1,    97.589639692
1,    97.891348743
1,    98.208099987
1,    98.533264366
1,    98.858672655
1,    99.180785728
1,    99.511040641
1,    99.848956361
1,   100.170224328
1,   100.483060129
1,   100.786676320
1,   101.083532651
1,   101.382022871
1,   101.694317247
1,   102.018820411
1,   102.359240123
1,   102.716759964
1,   103.065847840
1,   103.395414280
1,   103.696570353
1,   103.984398378
1,   104.276498848
1,   104.592982084
1,   104.937945134
1,   105.294994120
1,   105.664550428
1,   106.038122478
1,   106.400682412
1,   106.763742801
1,   107.105179464
1,   107.415550856
1,   107.737610966
1,   108.072330162
1,   108.426826315
1,   108.808180595
1,   109.198693236
1,   109.573417431
1,   109.952568209
1,   110.340227795
1,   110.725157874
1,   111.089955636
1,   111.446783228
1,   111.805537293
1,   112.167923037
1,   112.528832258
1,   112.861911710
1,   113.186707582
1,   113.534189703
1,   113.899355600
1,   114.272509876
1,   114.655236411
1,   115.031656589
1,   115.410265672
1,   115.781454235
1,   116.134181425
1,   116.453993546
1,   116.795864178
1,   117.146503418
1,   117.495584863
1,   117.851351116
1,   118.229820116
1,   118.642018941
1,   119.068976992
1,   119.498475221
1,   119.941455018
1,   120.392009920
1,   120.794702652
1,   121.182858575
1,   121.592564641
1,   122.041512033
1,   122.525513160
1,   123.017582942
1,   123.521384410
1,   124.013106889
1,   124.521432674
1,   125.013734628
1,   125.475324042
1,   125.943745439
1,   126.404852580
1,   126.878984032
1,   127.386091026
1,   127.915372881
1,   128.414136923
1,   128.886927119
1,   129.363376297
1,   129.858018108
1,   130.371241969
1,   130.887367731
1,   131.414040949
1,   131.910921111
1,   132.401131192
1,   132.883971309
1,   133.329268476
1,   133.776093910
1,   134.254039534
1,   134.756456366
1,   135.225222648
1,   135.628959786
1,   135.981916579
1,   136.349340384
1,   136.762483639
1,   137.174909056
1,   137.555112480
1,   137.952364931
1,   138.374972845
1,   138.797174766
1,   139.231721714
1,   139.702668724
1,   140.219274810
1,   140.763988504
1,   141.319818731
1,   141.867907058
1,   142.418204598
1,   142.982575036
1,   143.559517799
1,   144.093059074
1,   144.582257705
1,   145.051408316
1,   145.482945627
1,   145.904214475
1,   146.338324713
1,   146.804613949
1,   147.276361150
1,   147.729734773
1,   148.178581156
1,   148.606148096
1,   149.044347615
1,   149.491608422
1,   149.937243696
1,   150.389118997
1,   150.872222990
1,   151.340161187
1,   151.746498714
1,   152.152440166
1,   152.547012988
1,   152.932762708
1,   153.336777934
1,   153.765117137
1,   154.209418375
1,   154.664618330
1,   155.152311063
1,   155.678993301
1,   156.171030389
1,   156.654992374
1,   157.160377155
1,   157.642104755
1,   158.078639690
1,   158.520693268
1,   159.000922538
1,   159.525194241
1,   160.012197424
1,   160.464490871
1,   160.927720786
1,   161.415474137
1,   161.836180744
1,   162.233417427
1,   162.635883049
1,   163.043234199
1,   163.455918776
1,   163.888639216
1,   164.334460098
1,   164.785549949
1,   165.239147583
1,   165.671152048
1,   166.175994286
1,   166.658454646
1,   167.133049611
1,   167.595030878
1,   168.047201630
1,   168.508785377
1,   168.955522937
1,   169.393149298
1,   169.806321099
1,   170.219077637
1,   170.611428290
1,   171.024478336
1,   171.427158099
1,   171.841856711
1,   172.262272590
1,   172.687549516
1,   173.120178581
1,   173.549115051
1,   173.946568594
1,   174.289667318
1,   174.605174976
1,   174.930712189
1,   175.265681528
1,   175.602914258
1,   175.941582380
1,   176.283172076
1,   176.627934565
1,   176.947785743
1,   177.252429757
1,   177.562064087
1,   177.881953760
1,   178.210525757
1,   178.545744805
1,   178.878964573
1,   179.209782685
1,   179.547784297
1,   179.899756373
1,   180.244371061
1,   180.565404743
1,   180.855873061
1,   181.141261927
1,   181.428220271
1,   181.716967179
1,   182.011263980
1,   182.318404546
1,   182.632872217
1,   182.950652541
1,   183.270798087
1,   183.584696697
1,   183.888439145
1,   184.187776507
1,   184.482133787
1,   184.773819584
1,   185.044323306
1,   185.302972277
1,   185.563345416
1,   185.829130278
1,   186.094360315
1,   186.352232512
1,   186.607355510
1,   186.866802118
1,   187.131911882
1,   187.408685386
1,   187.703119004
1,   187.980394044
1,   188.243729826
1,   188.510243372
1,   188.780563011
1,   189.050272681
1,   189.323648159
1,   189.601045135
1,   189.882236223
1,   190.163091578
1,   190.439596115
1,   190.708275955
1,   190.971235380
1,   191.244127065
1,   191.529977306
1,   191.818735258
1,   192.100680721
1,   192.374735838
1,   192.644296612
1,   192.914742626
1,   193.170598430
1,   193.426065373
1,   193.691580145
1,   193.963270131
1,   194.228895423
1,   194.488967754
1,   194.744030886
1,   194.988160218
1,   195.230481281
1,   195.475806892
1,   195.724492838
1,   195.978282866
1,   196.232806404
1,   196.488236714
1,   196.745853574
1,   197.016553610
1,   197.261664192
1,   197.488702396
1,   197.710351577
1,   197.936229747
1,   198.163735375
1,   198.393184401
1,   198.624043478
1,   198.854217432
1,   199.088053428
1,   199.327062913
1,   199.569412741
1,   199.814081676
1,   200.055059143
1,   200.293255509
1,   200.532654836
1,   200.770889193
1,   200.995664660
1,   201.209105222
1,   201.418019849
1,   201.627059335
1,   201.835186827
1,   202.041790384
1,   202.248386054
1,   202.463770822
1,   202.675916895
1,   202.882348956
1,   203.090505922
1,   203.300157468
1,   203.510320059
1,   203.721510860
1,   203.932436087
1,   204.141839555
1,   204.347827482
1,   204.549348734
1,   204.750244044
1,   204.951452828
1,   205.153170670
1,   205.355699665
1,   205.560190736
1,   205.765864868
1,   205.971942049
1,   206.178053958
1,   206.384443750
1,   206.590307302
1,   206.796464037
1,   207.003053909
1,   207.209315083
1,   207.416495864
1,   207.624852866
1,   207.834676855
1,   208.045884700
1,   208.258444245
1,   208.473961459
1,   208.692592891
1,   208.906503774
1,   209.120496741
1,   209.336413967
1,   209.555723423
1,   209.778800337
1,   210.007040820
1,   210.240558810
1,   210.470135533
1,   210.698783477
1,   210.932205300
1,   211.171614431
1,   211.396537182
1,   211.616674192
1,   211.835789705
1,   212.051652513
1,   212.266664848
1,   212.481229585
1,   212.695963225
1,   212.911721464
1,   213.128606735
1,   213.346497116
1,   213.565631579
1,   213.785194864
1,   214.005088063
1,   214.224343320
1,   214.444243792
1,   214.664472403
1,   214.884614300
1,   215.104737020
1,   215.326640557
1,   215.549621427
1,   215.773365179
1,   215.998174463
1,   216.221122845
1,   216.445163727
1,   216.669990807
1,   216.894422583
1,   217.118559874
1,   217.343527563
1,   217.569328449
1,   217.795927887
1,   218.023608706
1,   218.251270603
1,   218.478563456
1,   218.705530677
1,   218.932784119
1,   219.161239228
1,   219.390743109
1,   219.620442736
1,   219.849146348
1,   220.078702748
1,   220.309486392
1,   220.540764711
1,   220.773877962
1,   221.010138614
1,   221.247952856
1,   221.486725209
1,   221.726392421
1,   221.967142732
1,   222.209480103
1,   222.452455300
1,   222.695761729
1,   222.937638290
1,   223.175853839
1,   223.412483555
1,   223.650123650
1,   223.889782277
1,   224.132675206
1,   224.377901522
1,   224.624237249
1,   224.872555197
1,   225.122386884
1,   225.373092413
1,   225.624174520
1,   225.875611339
1,   226.127398240
1,   226.378074935
1,   226.626202778
1,   226.876054543
1,   227.126348952
1,   227.377369454
1,   227.629236563
1,   227.882938984
1,   228.136747848
1,   228.401259585
1,   228.684548121
1,   228.983995920
1,   229.281674043
1,   229.578947883
1,   229.864179448
1,   230.150769731
1,   230.447079171
1,   230.757329766
1,   231.085551540
1,   231.422521914
1,   231.771490015
1,   232.132974553
1,   232.511210115
1,   232.888485755
1,   233.240833071
1,   233.599210029
1,   233.949538421
1,   234.288082088
1,   234.643400697
1,   235.002257759
1,   235.348331422
1,   235.695200805
1,   236.037544585
1,   236.373059486
1,   236.700081623
1,   237.021537771
1,   237.330796813
1,   237.642401065
1,   237.971812135
1,   238.320362865
1,   238.695595345
1,   239.088727162
1,   239.497250008
1,   239.916740775
1,   240.347927398
1,   240.789129759
1,   241.244162162
1,   241.707163980
1,   242.166715718
1,   242.639420251
1,   243.142814293
1,   243.633957680
1,   244.068550196
1,   244.501357517
1,   244.973032457
1,   245.472830797
1,   245.931689725
1,   246.342204835
1,   246.728143084
1,   247.108427209
1,   247.482598201
1,   247.856491894
1,   248.243846959
1,   248.648953538
1,   249.073925792
1,   249.503815931
1,   249.912386177
1,   250.321166956
1,   250.721601736
1,   251.136401746
1,   251.560850660
1,   251.973070143
1,   252.402021108
1,   252.848884439
1,   253.315911920
1,   253.803096657
1,   254.284622839
1,   254.749829926
1,   255.191793638
1,   255.629608170
1,   256.082782262
1,   256.547426996
1,   257.023816751
1,   257.493325348
1,   257.953720255
1,   258.398954645
1,   258.817032524
1,   259.197992691
1,   259.577374003
1,   259.978089359
1,   260.396808448
1,   260.824607167
1,   261.242482381
1,   261.660917526
1,   262.093795050
1,   262.549729077
1,   263.017116531
1,   263.496650713
1,   263.987493880
1,   264.479192309
1,   264.962048052
1,   265.422811017
1,   265.839180829
1,   266.203544051
1,   266.531589597
1,   266.857640574
1,   267.202024237
1,   267.565561112
1,   267.942816907
1,   268.324609993
1,   268.709818124
1,   269.091412042
1,   269.476799616
1,   269.854551576
1,   270.197364884
1,   270.528559446
1,   270.879496242
1,   271.257147808
1,   271.625949677
1,   271.992651428
1,   272.357092956
1,   272.715194320
1,   273.057929217
1,   273.391431507
1,   273.720734536
1,   274.029216636
1,   274.318471780
1,   274.598195089
1,   274.881193465
1,   275.163028415
1,   275.446095561
1,   275.732138336
1,   276.038027108
1,   276.375103511
1,   276.739262779
1,   277.100149203
1,   277.440490214
1,   277.770094468
1,   278.106714928
1,   278.447080277
1,   278.807445969
1,   279.168924793
1,   279.528497856
1,   279.888468953
1,   280.221168071
1,   280.557963831
1,   280.896357851
1,   281.226455393
1,   281.555397550
1,   281.832762851
1,   282.087069215
1,   282.324456738
1,   282.553545396
1,   282.785267047
1,   283.027907960
1,   283.279811959
1,   283.520266402
1,   283.749995975
1,   283.985991074
1,   284.232548362
1,   284.481051863
1,   284.739087953
1,   284.992075095
1,   285.234637260
1,   285.480378295
1,   285.715181955
1,   285.943456932
1,   286.165680761
1,   286.381987839
1,   286.599312010
1,   286.816961045
1,   287.036849643
1,   287.254514224
1,   287.471170917
1,   287.686040449
1,   287.901555129
1,   288.120248975
1,   288.326585400
1,   288.528254374
1,   288.736969208
1,   288.948683537
1,   289.165172083
1,   289.387995460
1,   289.609302740
1,   289.825977145
1,   290.036801843
1,   290.220571678
1,   290.400725927
1,   290.580524432
1,   290.762565975
1,   290.952985920
1,   291.144748655
1,   291.341925004
1,   291.538765740
1,   291.744083064
1,   291.943122174
1,   292.140142692
1,   292.337469693
1,   292.531302622
1,   292.726389777
1,   292.918966599
1,   293.122872550
1,   293.337215408
1,   293.554120624
1,   293.750773866
1,   293.929545518
1,   294.104739128
1,   294.278690966
1,   294.458112144
1,   294.644063834
1,   294.831611256
1,   295.020669197
1,   295.213589990
1,   295.397630442
1,   295.567850031
1,   295.733898739
1,   295.897354528
1,   296.060884413
1,   296.227456430
1,   296.395108019
1,   296.563905063
1,   296.735927778
1,   296.907007543
1,   297.075264925
1,   297.238983353
1,   297.400190769
1,   297.558909828
1,   297.710822942
1,   297.856565010
1,   298.000372061
1,   298.146206004
1,   298.293760713
1,   298.444544665
1,   298.592885392
1,   298.739279023
1,   298.899849467
1,   299.067148017
1,   299.230389714
1,   299.398892263
1,   299.576496516
1,   299.755946280
1,   299.938936355
1,   300.117536026
1,   300.286083573
1,   300.442759035
1,   300.593426164
1,   300.738186219
1,   300.882161997
1,   301.030056827
1,   301.181677473
1,   301.333493039
1,   301.483561519
1,   301.629663364
1,   301.775229575
1,   301.923998591
1,   302.078852303
1,   302.238265057
1,   302.400298904
1,   302.562935897
1,   302.722350434
1,   302.877749723
1,   303.032230080
1,   303.189711109
1,   303.337318790
1,   303.478493001
1,   303.621667066
1,   303.761980225
1,   303.901198069
1,   304.038667515
1,   304.176555744
1,   304.319272560
1,   304.471242311
1,   304.620735780
1,   304.765655600
1,   304.907774711
1,   305.050312548
1,   305.192687824
1,   305.334792014
1,   305.481146611
1,   305.627653124
1,   305.774987566
1,   305.926282986
1,   306.081201075
1,   306.232667085
1,   306.379614381
1,   306.524476583
1,   306.668870347
1,   306.817467292
1,   306.975837232
1,   307.135132527
1,   307.294350070
1,   307.453055808
1,   307.608446643
1,   307.765856123
1,   307.924242227
1,   308.077842965
1,   308.229189795
1,   308.380183438
1,   308.532578291
1,   308.691771758
1,   308.856548813
1,   309.021766391
1,   309.184457946
1,   309.347484927
1,   309.510761463
1,   309.674002846
1,   309.831329968
1,   309.987820776
1,   310.146456001
1,   310.310201178
1,   310.478028950
1,   310.647640574
1,   310.812043976
1,   310.971872722
1,   311.131745326
1,   311.291726654
1,   311.451575091
1,   311.611550624
1,   311.771900249
1,   311.931269505
1,   312.092086423
1,   312.253730821
1,   312.415484737
1,   312.577121752
1,   312.738875990
1,   312.901405456
1,   313.065774284
1,   313.230896454
1,   313.397880114
1,   313.567993506
1,   313.745176963
1,   313.932775864
1,   314.126737929
1,   314.325445424
1,   314.532414967
1,   314.748899685
1,   314.973257837
1,   315.199701583
1,   315.420713321
1,   315.634849146
1,   315.840266144
1,   316.043814137
1,   316.247310084
1,   316.445349096
1,   316.634097310
1,   316.823058798
1,   317.010531300
1,   317.204726357
1,   317.406421581
1,   317.607058148
1,   317.804753568
1,   317.994807235
1,   318.175709756
1,   318.355066652
1,   318.533371977
1,   318.711960529
1,   318.899074962
1,   319.096637001
1,   319.303007218
1,   319.518550989
1,   319.741443956
1,   319.978823902
1,   320.227716662
1,   320.472385017
1,   320.709245819
1,   320.943925186
1,   321.186362297
1,   321.431022130
1,   321.680141151
1,   321.937934756
1,   322.189709425
1,   322.427762185
1,   322.663778425
1,   322.907296563
1,   323.151416880
1,   323.394322484
1,   323.641221230
1,   323.888983775
1,   324.121815572
1,   324.359634769
1,   324.614737359
1,   324.882368850
1,   325.167446477
1,   325.466821811
1,   325.753692001
1,   326.010239460
1,   326.255756400
1,   326.498159696
1,   326.736025792
1,   326.974537362
1,   327.220329213
1,   327.464814897
1,   327.710830701
1,   327.971194253
1,   328.230119668
1,   328.491967318
1,   328.767301399
1,   329.027680874
1,   329.264907350
1,   329.508223465
1,   329.759601363
1,   330.018457916
1,   330.276487092
1,   330.535484867
1,   330.772942878
1,   331.010375017
1,   331.252479958
1,   331.487314758
1,   331.711449547
1,   331.939196734
1,   332.175486915
1,   332.417400894
1,   332.658551218
1,   332.898824038
1,   333.132735890
1,   333.352061970
1,   333.580818399
1,   333.821583054
1,   334.077635994
1,   334.358411480
1,   334.624778297
1,   334.874251459
1,   335.124991063
1,   335.383301881
1,   335.641820248
1,   335.909552857
1,   336.187644141
1,   336.477972850
1,   336.784773680
1,   337.114053313
1,   337.450371718
1,   337.791584631
1,   338.100890657
1,   338.368799682
1,   338.634825676
1,   338.900877375
1,   339.166030782
1,   339.431790179
1,   339.693561590
1,   339.955712283
1,   340.225414945
1,   340.487154534
1,   340.742835551
1,   341.001125068
1,   341.255120572
1,   341.496236436
1,   341.736703842
1,   341.984617435
1,   342.242636571
1,   342.511441416
1,   342.788013256
1,   343.043296878
1,   343.301685636
1,   343.578242619
1,   343.866211923
1,   344.159628840
1,   344.445174755
1,   344.714700742
1,   344.969382052
1,   345.190270612
1,   345.404613300
1,   345.625939149
1,   345.863778673
1,   346.116134824
1,   346.363563617
1,   346.609042469
1,   346.853830932
1,   347.072275346
1,   347.285025276
1,   347.491589800
1,   347.695698452
1,   347.903412928
1,   348.119436714
1,   348.341750244
1,   348.577126936
1,   348.831543750
1,   349.103335194
1,   349.372954693
1,   349.603898394
1,   349.821243277
1,   350.041187917
1,   350.266356144
1,   350.485807758
1,   350.694081933
1,   350.909389237
1,   351.124312134
1,   351.340910472
1,   351.556086023
1,   351.772193276
1,   351.989242068
1,   352.207309271
1,   352.423471057
1,   352.633069056
1,   352.842534164
1,   353.055992978
1,   353.249257871
1,   353.395423431
1,   353.529451887
1,   353.664962213
1,   353.806666923
1,   353.959609647
1,   354.122418114
1,   354.278323587
1,   354.428737702
1,   354.580327516
1,   354.734525746
1,   354.890610137
1,   355.052739737
1,   355.219158236
1,   355.377618569
1,   355.532813888
1,   355.693229640
1,   355.864387905
1,   356.025652147
1,   356.178929908
1,   356.339191818
1,   356.508153405
1,   356.681975002
1,   356.859458670
1,   357.031415740
1,   357.196679279
1,   357.358831939
1,   357.527048438
1,   357.698112193
1,   357.856428960
1,   358.008633595
1,   358.147484911
1,   358.272839530
1,   358.399806311
1,   358.527986254
1,   358.655382058
1,   358.782858384
1,   358.913106535
1,   359.052074154
1,   359.197213390
1,   359.344690084
1,   359.495311552
1,   359.639448372
1,   359.769720133
1,   359.891650930
1,   360.009941377
1,   360.129019876
1,   360.246162019
1,   360.356970237
1,   360.468920608
1,   360.580164732
1,   360.689290850
1,   360.792594319
1,   360.893353546
1,   360.997118211
1,   361.102544780
1,   361.207471097
1,   361.314096294
1,   361.427256564
1,   361.545653106
1,   361.665317494
1,   361.785590530
1,   361.901865860
1,   362.020311044
1,   362.138937967
1,   362.255479830
1,   362.377521093
1,   362.503680615
1,   362.639591423
1,   362.770479743
1,   362.898809231
1,   363.024358880
1,   363.144597708
1,   363.262419958
1,   363.380813872
1,   363.500785715
1,   363.613307643
1,   363.722946762
1,   363.832539646
1,   363.944342947
1,   364.056547773
1,   364.168977415
1,   364.283571610
1,   364.399375011
1,   364.513155729
1,   364.626822159
1,   364.739129500
1,   364.845226259
1,   364.950731339
1,   365.054856593
1,   365.158982918
1,   365.263331530
1,   365.369177454
1,   365.478439980
1,   365.587414361
1,   365.693733723
1,   365.798837403
1,   365.904593371
1,   366.009767359
1,   366.116769836
1,   366.223693654
1,   366.330590663
1,   366.437253531
1,   366.540075682
1,   366.641784756
1,   366.742318897
1,   366.840881212
1,   366.940646610
1,   367.040288933
1,   367.142559920
1,   367.246613794
1,   367.351667790
1,   367.457606560
1,   367.554685037
1,   367.650640534
1,   367.745895141
1,   367.844680308
1,   367.951714037
1,   368.058640907
1,   368.166444010
1,   368.280003607
1,   368.395685233
1,   368.511100056
1,   368.627285896
1,   368.745225767
1,   368.865265410
1,   368.987687855
1,   369.113551411
1,   369.240694694
1,   369.374404776
1,   369.498769906
1,   369.620872804
1,   369.743489514
1,   369.860453734
1,   369.968530944
1,   370.074062599
1,   370.177765199
1,   370.280407777
1,   370.382658368
1,   370.484116382
1,   370.584925680
1,   370.686083586
1,   370.788448629
1,   370.892510977
1,   371.001985595
1,   371.115855958
1,   371.234339660
1,   371.357080805
1,   371.481678294
1,   371.603198879
1,   371.722873930
1,   371.841269440
1,   371.962998919
1,   372.088148290
1,   372.215260485
1,   372.342680762
1,   372.465884049
1,   372.583352869
1,   372.696642067
1,   372.813264632
1,   372.939230013
1,   373.070900985
1,   373.206010790
1,   373.341991755
1,   373.473524795
1,   373.600306170
1,   373.721347500
1,   373.840107630
