1,     0.269195897
1,     0.181145050
1,     0.191237376
1,     0.218879856
1,     0.329699284
1,     0.302017102
1,     0.266469642
1,     0.257163964
1,     0.401090673
1,     0.480544803
1,     0.602731560
1,     0.290245750
1,     0.220440778
1,     0.329570588
1,     0.301899211
1,     0.311568692
1,     0.400951503
1,     0.482091369
1,     0.633210701
1,     0.699621025
1,     0.574886653
1,     0.431637675
1,     0.491719699
1,     0.448477812
1,     0.473703191
1,     0.546905728
1,     0.658584620
1,     0.600653879
1,     0.544700481
1,     0.574173689
1,     0.532491479
1,     0.527789229
1,     0.536563817
1,     0.475690284
1,     0.299997798
1,     0.272786268
1,     0.286294167
1,     0.389463933
1,     0.269208336
1,     0.300950938
1,     0.205368804
1,     0.292923067
1,     0.384492081
1,     0.485049657
1,     0.536284577
1,     0.557435438
1,     0.497578134
1,     0.512691175
1,     0.507987646
1,     0.478847178
1,     0.498657911
1,     0.334774890
1,     0.328737709
1,     0.469382443
1,     0.480835846
1,     0.411316629
1,     0.464087650
1,     0.475587347
1,     0.289701331
1,     0.268812515
1,     0.356076674
1,     0.402255202
1,     0.414532004
1,     0.446663110
1,     0.515413763
1,     0.498822189
1,     0.351746783
1,     0.337848402
1,     0.343407693
1,     0.436566274
1,     0.493279795
1,     0.433187034
1,     0.440480228
1,     0.438278032
1,     0.455995288
1,     0.529402471
1,     0.719757620
1,     0.686180692
1,     0.370482246
1,     0.313746778
1,     0.313434963
1,     0.356588053
1,     0.445307452
1,     0.463249709
1,     0.331601862
1,     0.343746859
1,     0.391316617
1,     0.405830887
1,     0.305237663
1,     0.364182269
1,     0.393230466
1,     0.386096097
1,     0.359814602
1,     0.313169084
1,     0.275745773
1,     0.366874361
1,     0.411556194
1,     0.392510084
1,     0.481443139
1,     0.383564121
1,     0.465718902
1,     0.475116715
1,     0.410799924
1,     0.276431985
1,     0.300833589
1,     0.309262703
1,     0.312670301
1,     0.339267293
1,     0.338894230
1,     0.309068911
1,     0.285020545
1,     0.364428533
1,     0.372226311
1,     0.418106199
1,     0.417445861
1,     0.236322113
1,     0.200645259
1,     0.213646605
1,     0.222499169
1,     0.246177057
1,     0.277506176
1,     0.285779146
1,     0.297007258
1,     0.291789033
1,     0.283551171
1,     0.299624319
1,     0.346141210
1,     0.357558883
1,     0.282603538
1,     0.222560746
1,     0.290176686
1,     0.307209751
1,     0.242785448
1,     0.194900248
1,     0.202443933
1,     0.185503011
1,     0.107884006
1,     0.100517672
1,     0.093260781
1,     0.108394158
1,     0.126425812
1,     0.136217210
1,     0.155250907
1,     0.160096666
1,     0.156392761
1,     0.168085044
1,     0.154223443
1,     0.145334130
1,     0.138222943
1,     0.144757149
1,     0.132895070
1,     0.135527663
1,     0.188803428
1,     0.222151758
1,     0.253587300
1,     0.331230069
1,     0.254172107
1,     0.254276620
1,     0.110003411
1,     0.117617007
1,     0.139766602
1,     0.128912484
1,     0.139190503
1,     0.112841645
1,     0.109600289
1,     0.146158913
1,     0.145910167
1,     0.120197520
1,     0.111769624
1,     0.169565900
1,     0.140026504
1,     0.105315558
1,     0.109885900
1,     0.112377307
1,     0.141343696
1,     0.122496369
1,     0.114129518
1,     0.081337807
1,     0.076102389
1,     0.093679417
1,     0.108987425
1,     0.093044543
1,     0.083128310
1,     0.101860844
1,     0.093659101
1,     0.108963789
1,     0.093024363
1,     0.103105713
1,     0.107909107
1,     0.106232012
1,     0.102328920
1,     0.143224214
1,     0.142655908
1,     0.177474008
1,     0.125577402
1,     0.135889575
1,     0.111039121
1,     0.087208388
1,     0.114130911
1,     0.230373608
1,     0.128212846
1,     0.104096712
1,     0.117486238
1,     0.143550919
1,     0.105542175
1,     0.075517114
1,     0.116880315
1,     0.168151263
1,     0.199361922
1,     0.166129351
1,     0.159053041
1,     0.174253180
1,     0.168502177
1,     0.139129801
1,     0.111655429
1,     0.110668227
1,     0.127059568
1,     0.112522989
1,     0.122499392
1,     0.187860727
1,     0.176700515
1,     0.174845143
1,     0.245276304
1,     0.069015107
1,     0.059514159
1,     0.075497651
1,     0.112941272
1,     0.165695318
1,     0.157884167
1,     0.146620542
1,     0.111875919
1,     0.099884381
1,     0.114691141
1,     0.135988571
1,     0.119299076
1,     0.119819020
1,     0.125986374
1,     0.139307748
1,     0.146632406
1,     0.157808846
1,     0.146550594
1,     0.118860802
1,     0.171820565
1,     0.194700312
1,     0.211871251
1,     0.171389396
1,     0.182109567
1,     0.210539507
1,     0.222400343
1,     0.122052615
1,     0.103840332
1,     0.106737049
1,     0.082653367
1,     0.112040860
1,     0.160273273
1,     0.201040655
1,     0.268215612
1,     0.303092060
1,     0.213223668
1,     0.107323484
1,     0.103990026
1,     0.080735902
1,     0.126909482
1,     0.207685247
1,     0.309192717
1,     0.287700566
1,     0.296890056
1,     0.238236240
1,     0.178745552
1,     0.236693163
1,     0.106206527
1,     0.101911733
1,     0.127974631
1,     0.174291855
1,     0.277515727
1,     0.407238322
1,     0.312521550
1,     0.199500728
1,     0.261438753
1,     0.358877936
1,     0.204061632
1,     0.154725633
1,     0.172746821
1,     0.173946105
1,     0.195480310
1,     0.185408939
1,     0.097457778
1,     0.130572790
1,     0.290939813
1,     0.191832244
1,     0.290873599
1,     0.210785824
1,     0.213823959
1,     0.209066821
1,     0.182604524
1,     0.124371284
1,     0.088360604
1,     0.197968519
1,     0.157756031
1,     0.144493515
1,     0.168826390
1,     0.276132344
1,     0.426482067
1,     0.281383676
1,     0.330884428
1,     0.395181341
1,     0.282085666
1,     0.109169488
1,     0.159461609
1,     0.263266903
1,     0.429681994
1,     0.569045538
1,     0.484172546
1,     0.491294087
1,     0.373563410
1,     0.514149324
1,     0.290414367
1,     0.265569794
1,     0.322463379
1,     0.292799018
1,     0.409766657
1,     0.585294888
1,     0.635566578
1,     0.404841763
1,     0.295863419
1,     0.375901643
1,     0.455890218
1,     0.548434811
1,     0.616615930
1,     0.386351646
1,     0.316151414
1,     0.372580635
1,     0.345346848
1,     0.186515303
1,     0.321409861
1,     0.480617171
1,     0.607886610
1,     0.249595936
1,     0.111605267
1,     0.076748566
1,     0.204956364
1,     0.375038253
1,     0.229272138
1,     0.171756830
1,     0.264356706
1,     0.293948061
1,     0.294767778
1,     0.417261027
1,     0.608096957
1,     0.754202383
1,     0.747473290
1,     0.603239213
1,     0.556810095
1,     0.642109313
1,     0.733022674
1,     0.785760785
1,     0.419365555
1,     0.371675196
1,     0.339114543
1,     0.279728796
1,     0.351663451
1,     0.426652926
1,     0.571972284
1,     0.547505961
1,     0.367578774
1,     0.243631416
1,     0.263676475
1,     0.373764892
1,     0.438516050
1,     0.445069404
1,     0.535491707
1,     0.695090017
1,     0.426549263
1,     0.242839158
1,     0.326119932
1,     0.320440212
1,     0.344084835
1,     0.431677000
1,     0.556589688
1,     0.576324341
1,     0.594160430
1,     0.776455827
1,     0.838374856
1,     0.546471147
1,     0.681388443
1,     0.756267285
1,     0.536658581
1,     0.424001458
1,     0.608696307
1,     0.797381934
1,     0.914996742
1,     0.533823604
1,     0.491063341
1,     0.674457550
1,     0.736090120
1,     0.257423370
1,     0.344052225
1,     0.404718257
1,     0.427105565
1,     0.452987842
1,     0.593664897
1,     0.662190559
1,     0.654343131
1,     0.607406737
1,     0.512828510
1,     0.531098264
1,     0.513759209
1,     0.543036906
1,     0.553626416
1,     0.548529472
1,     0.633075165
1,     0.519117989
1,     0.480121191
1,     0.411548736
1,     0.464587848
1,     0.409771543
1,     0.319929646
1,     0.426145826
1,     0.474723383
1,     0.459943286
1,     0.510725085
1,     0.567111315
1,     0.452867957
1,     0.330688422
1,     0.121972544
1,     0.136580848
1,     0.255565392
1,     0.293261760
1,     0.332327426
1,     0.349927638
1,     0.391453095
1,     0.307407619
1,     0.211772426
1,     0.216381468
1,     0.297532827
1,     0.375006730
1,     0.427232505
1,     0.457199060
1,     0.387190364
1,     0.394076642
1,     0.458061038
1,     0.503513030
1,     0.357509164
1,     0.122748108
1,     0.133996367
1,     0.193048577
1,     0.237216533
1,     0.287777385
1,     0.349776769
1,     0.418531403
1,     0.410406315
1,     0.337454773
1,     0.294040246
1,     0.285917089
1,     0.299900362
1,     0.319713558
1,     0.271664282
1,     0.214489076
1,     0.149278562
1,     0.153500900
1,     0.213659448
1,     0.270727375
1,     0.251361733
1,     0.185529540
1,     0.207221731
1,     0.256231296
1,     0.292277578
1,     0.309203258
1,     0.185724627
1,     0.161197572
1,     0.114462079
1,     0.189348424
1,     0.193328025
1,     0.205585051
1,     0.235075302
1,     0.262099928
1,     0.305180487
1,     0.269150454
1,     0.260194113
1,     0.222650521
1,     0.216919039
1,     0.229334604
1,     0.230899388
1,     0.245514976
1,     0.178632883
1,     0.183469870
1,     0.194967251
1,     0.205120368
1,     0.129003559
1,     0.212801705
1,     0.294520905
1,     0.292130242
1,     0.242438349
1,     0.171718334
1,     0.145755008
1,     0.140950688
1,     0.167153153
1,     0.180086182
1,     0.208840387
1,     0.225672809
1,     0.208812890
1,     0.232564498
1,     0.192346539
1,     0.180798055
1,     0.096268170
1,     0.096873594
1,     0.093683960
1,     0.128301405
1,     0.128886596
1,     0.132413661
1,     0.120064984
1,     0.111848854
1,     0.142025222
1,     0.149512074
1,     0.159914946
1,     0.142101429
1,     0.150717338
1,     0.166338012
1,     0.159662577
1,     0.144349014
1,     0.087115258
1,     0.097527927
1,     0.057670244
1,     0.080815195
1,     0.128654044
1,     0.125578667
1,     0.124976316
1,     0.132199293
1,     0.058794531
1,     0.053247205
1,     0.055816884
1,     0.068465075
1,     0.130941728
1,     0.245957488
1,     0.193139307
1,     0.115600194
1,     0.068326339
1,     0.050514047
1,     0.058857682
1,     0.070509651
1,     0.095124218
1,     0.136298505
1,     0.117493202
1,     0.104997640
1,     0.101033108
1,     0.091343337
1,     0.083925774
1,     0.086353603
1,     0.083334616
1,     0.085792904
1,     0.084201632
1,     0.091669446
1,     0.095926052
1,     0.106810559
1,     0.112096673
1,     0.122126899
1,     0.135152960
1,     0.084478606
1,     0.070375428
1,     0.093631423
1,     0.092312960
1,     0.117003569
1,     0.098568052
1,     0.120300515
1,     0.122747043
1,     0.085441922
1,     0.106204772
1,     0.137407777
1,     0.142945051
1,     0.044597828
1,     0.050112792
1,     0.038117221
1,     0.041348463
1,     0.040549550
1,     0.038493275
1,     0.035070629
1,     0.048729271
1,     0.074106166
1,     0.125413950
1,     0.155341772
1,     0.120872598
1,     0.107010468
1,     0.061997599
1,     0.080728307
1,     0.080762997
1,     0.053482136
1,     0.069063840
1,     0.125885520
1,     0.139578025
1,     0.211992167
1,     0.070640511
1,     0.061743761
1,     0.084871281
1,     0.094763734
1,     0.055831674
1,     0.049060431
1,     0.068607853
1,     0.073987408
1,     0.093294432
1,     0.149000419
1,     0.079001391
1,     0.062727237
1,     0.047386566
1,     0.052083169
1,     0.073864222
1,     0.095013698
1,     0.066910643
1,     0.046452293
1,     0.049416307
1,     0.067018506
1,     0.073877424
1,     0.154580833
1,     0.119227920
1,     0.090635399
1,     0.111819177
1,     0.114980713
1,     0.134710434
1,     0.161252562
1,     0.134758328
1,     0.129204723
1,     0.083418342
1,     0.048088129
1,     0.048815145
1,     0.075916116
1,     0.100549551
1,     0.094752074
1,     0.122761182
1,     0.132391719
1,     0.237379890
1,     0.368519044
1,     0.228543852
1,     0.131443748
1,     0.225123501
1,     0.156432530
1,     0.085868747
1,     0.111617058
1,     0.116310669
1,     0.157903590
1,     0.186216197
1,     0.183746877
1,     0.168546958
1,     0.174571145
1,     0.182604836
1,     0.193268719
1,     0.192279940
1,     0.149663384
1,     0.121545979
1,     0.088079798
1,     0.104006964
1,     0.147069644
1,     0.208955974
1,     0.249870751
1,     0.250416710
1,     0.256372040
1,     0.281060318
1,     0.359327881
1,     0.250235949
1,     0.163884292
1,     0.236202845
1,     0.153982841
1,     0.181505883
1,     0.281640496
1,     0.240001305
1,     0.180830092
1,     0.167862874
1,     0.220163160
1,     0.135534983
1,     0.145879177
1,     0.147546071
1,     0.117793808
1,     0.142913367
1,     0.208474849
1,     0.253033254
1,     0.419447339
1,     0.400620755
1,     0.427465510
1,     0.405554358
1,     0.428033077
1,     0.426397173
1,     0.440515363
1,     0.409231451
1,     0.359023572
1,     0.477470829
1,     0.655923620
1,     0.375888456
1,     0.204702090
1,     0.335303747
1,     0.589989068
1,     0.527775637
1,     0.375320764
1,     0.259455059
1,     0.207099090
1,     0.218831532
1,     0.212947899
1,     0.259065716
1,     0.336421066
1,     0.411968901
1,     0.510237892
1,     0.458909532
1,     0.352208384
1,     0.384172747
1,     0.373230941
1,     0.446545648
1,     0.393142116
1,     0.341722240
1,     0.445741229
1,     0.504924812
1,     0.578743376
1,     0.618440823
1,     0.482116119
1,     0.467742889
1,     0.318673522
1,     0.421667330
1,     0.516895222
1,     0.573932284
1,     0.640183646
1,     0.515290161
1,     0.566717438
1,     0.391591417
1,     0.429667408
1,     0.259672667
1,     0.386369673
1,     0.508959795
1,     0.620127645
1,     0.568012212
1,     0.434038438
1,     0.447663931
1,     0.556780783
1,     0.720108053
1,     0.751262972
1,     0.804327289
1,     0.813537916
1,     0.781958805
1,     0.732216981
1,     0.585838332
1,     0.359184065
1,     0.295943436
1,     0.194611397
1,     0.317828713
1,     0.441333742
1,     0.475348167
1,     0.518293432
1,     0.535716100
1,     0.548478065
1,     0.520102277
1,     0.541390285
1,     0.411126297
1,     0.279395767
1,     0.371098475
1,     0.574300565
1,     0.559239226
1,     0.511519176
1,     0.510815320
1,     0.552095493
1,     0.514485539
1,     0.449298580
1,     0.481278651
1,     0.461641120
1,     0.342120086
1,     0.266430770
1,     0.282981972
1,     0.360481306
1,     0.380634427
1,     0.370588501
1,     0.425778737
1,     0.600478103
1,     0.803083486
1,     0.871462595
1,     0.721105247
1,     0.531236470
1,     0.627610642
1,     0.679174912
1,     0.695038195
1,     0.843982035
1,     0.829035444
1,     0.895939255
1,     0.769211115
1,     0.619666668
1,     0.758211317
1,     0.769120386
1,     0.747917856
1,     0.720411764
1,     0.323914148
1,     0.363904399
1,     0.284824909
1,     0.300014090
1,     0.382887522
1,     0.499401952
1,     0.523219743
1,     0.346532317
1,     0.367415263
1,     0.445184578
1,     0.545644881
1,     0.510847523
1,     0.662306885
1,     0.496570380
1,     0.545752312
1,     0.522870349
1,     0.461530655
1,     0.426605655
1,     0.383579155
1,     0.402359544
1,     0.418605525
1,     0.436543025
1,     0.444197977
1,     0.430465112
1,     0.415730449
1,     0.417147839
1,     0.440098086
1,     0.456792990
1,     0.338284484
1,     0.360461380
1,     0.444362803
1,     0.455039677
1,     0.522398343
1,     0.558885512
1,     0.496466423
1,     0.467661169
1,     0.401819875
1,     0.217432045
1,     0.293141965
1,     0.258446264
1,     0.354326515
1,     0.409012158
1,     0.327558326
1,     0.326989575
1,     0.350154387
1,     0.383891940
1,     0.324550561
1,     0.342509465
1,     0.376975378
1,     0.352505437
1,     0.362335782
1,     0.354917828
1,     0.551151590
1,     0.607351711
1,     0.504071793
1,     0.202452235
1,     0.202275492
1,     0.242233576
1,     0.267332871
1,     0.361658587
1,     0.412352475
1,     0.399576643
1,     0.415881410
1,     0.415579621
1,     0.235285104
1,     0.199795114
1,     0.212773697
1,     0.221622616
1,     0.245236314
1,     0.276484487
1,     0.284762536
1,     0.295985795
1,     0.313387175
1,     0.303234299
1,     0.260915019
1,     0.240649114
1,     0.227999337
1,     0.199681850
1,     0.152219005
1,     0.131549425
1,     0.158649922
1,     0.172184693
1,     0.187504208
1,     0.209570837
1,     0.149042672
1,     0.177882028
1,     0.174174569
1,     0.125744582
1,     0.134155140
1,     0.216465064
1,     0.271613806
1,     0.249027908
1,     0.232054064
1,     0.210714213
1,     0.140789278
1,     0.091812035
1,     0.101614158
1,     0.079212197
1,     0.099194057
1,     0.140003939
1,     0.149049854
1,     0.148947861
1,     0.124080452
1,     0.082823221
1,     0.106966604
1,     0.134225461
1,     0.188187742
1,     0.200972323
1,     0.207414125
1,     0.165552035
1,     0.132270200
1,     0.120824350
1,     0.149176232
1,     0.145910789
1,     0.090978108
1,     0.090284762
1,     0.100477541
1,     0.079864935
1,     0.078017202
1,     0.065687083
1,     0.109742910
1,     0.166395671
1,     0.159176203
1,     0.105430823
1,     0.085517209
1,     0.082592520
1,     0.102463178
1,     0.112381971
1,     0.116017117
1,     0.117161730
1,     0.074592286
1,     0.111601245
1,     0.126291993
1,     0.126641308
1,     0.091032599
1,     0.069734414
1,     0.050052416
1,     0.078486161
1,     0.139846368
1,     0.164784321
1,     0.135647945
1,     0.119955286
1,     0.109168187
1,     0.072919892
1,     0.105993360
1,     0.090148744
1,     0.066768871
1,     0.053337182
1,     0.074832624
1,     0.133691917
1,     0.144925865
1,     0.140593187
1,     0.121088568
1,     0.110825109
1,     0.124014870
1,     0.103308122
1,     0.094147099
1,     0.077412875
1,     0.103111003
1,     0.109552809
1,     0.115255396
1,     0.123568064
1,     0.122936757
1,     0.075751264
1,     0.072889338
1,     0.088462048
1,     0.080852729
1,     0.081769911
1,     0.092339489
1,     0.087125897
1,     0.077402108
1,     0.102386556
1,     0.098144405
1,     0.099648353
1,     0.087006741
1,     0.085428828
1,     0.107323723
1,     0.117173903
1,     0.121152966
1,     0.111709773
1,     0.108762529
1,     0.162072839
1,     0.180294871
1,     0.168099600
1,     0.177516466
1,     0.245026354
1,     0.272468119
1,     0.261518649
1,     0.263190787
1,     0.195489958
1,     0.165206724
1,     0.117694791
1,     0.128994153
1,     0.133050611
1,     0.119300585
1,     0.089795905
1,     0.115349483
1,     0.108356709
1,     0.180395201
1,     0.169666986
1,     0.134578303
1,     0.121737020
1,     0.088769534
1,     0.062260407
1,     0.091538499
1,     0.122252930
1,     0.123518745
1,     0.131990752
1,     0.146694507
1,     0.186634572
1,     0.196031049
1,     0.216045149
1,     0.339466980
1,     0.326192371
1,     0.207342500
1,     0.180835236
1,     0.178197949
1,     0.274365132
1,     0.255726973
1,     0.332161988
1,     0.304386927
1,     0.232379532
1,     0.162974707
1,     0.196146458
1,     0.251879939
1,     0.186448064
1,     0.216121038
1,     0.242740814
1,     0.232391560
1,     0.120482712
1,     0.228655822
1,     0.330603999
1,     0.385350938
1,     0.533680609
1,     0.507645883
1,     0.286058958
1,     0.123511890
1,     0.159667422
1,     0.178336949
1,     0.184180318
1,     0.211233169
1,     0.252438967
1,     0.247734965
1,     0.271706695
1,     0.371432350
1,     0.295556656
1,     0.336702043
1,     0.438197342
1,     0.184902973
1,     0.142806915
1,     0.219309319
1,     0.260370620
1,     0.325667965
1,     0.318039812
1,     0.263883444
1,     0.124812469
1,     0.240610618
1,     0.277542283
1,     0.169166733
1,     0.152367496
1,     0.230660193
1,     0.246416995
1,     0.289200234
1,     0.271390752
1,     0.263477817
1,     0.156922784
1,     0.166412793
1,     0.231449041
1,     0.294678949
1,     0.424413784
1,     0.667363834
1,     0.237519397
1,     0.242118823
1,     0.279587557
1,     0.310536516
1,     0.301365143
1,     0.383609117
1,     0.458073062
1,     0.529512043
1,     0.715566384
1,     0.774454566
1,     0.648107787
1,     0.773142959
1,     0.341353788
1,     0.257818898
1,     0.301442856
1,     0.336949745
1,     0.378765286
1,     0.403745145
1,     0.385257968
1,     0.452082974
1,     0.474863229
1,     0.380494183
1,     0.396316625
1,     0.443303352
1,     0.354188194
1,     0.300103635
1,     0.317254462
1,     0.400772571
1,     0.511995222
1,     0.593130328
1,     0.573820062
1,     0.301529223
1,     0.467440602
1,     0.625365078
1,     0.654233416
1,     0.651471185
1,     0.480527348
1,     0.396782151
1,     0.274646432
1,     0.144245623
1,     0.218671751
1,     0.338835992
1,     0.514616662
1,     0.637222410
1,     0.444236103
1,     0.530130953
1,     0.404489996
1,     0.238254668
1,     0.270446559
1,     0.230698214
1,     0.293976195
1,     0.354373572
1,     0.450690451
1,     0.521215723
1,     0.629502420
1,     0.773750886
1,     0.919023228
1,     0.749011336
1,     0.330572074
1,     0.398526482
1,     0.464554855
1,     0.554486505
1,     0.383830213
1,     0.535603242
1,     0.572482803
1,     0.524513796
1,     0.539938435
1,     0.515863077
1,     0.520692968
1,     0.548544522
1,     0.636869764
1,     0.567062026
1,     0.552194197
1,     0.612136123
1,     0.742174655
1,     0.278070695
1,     0.104877041
1,     0.162021257
1,     0.233101429
1,     0.322270559
1,     0.521953044
1,     0.595572636
1,     0.307315502
1,     0.324689805
1,     0.350250901
1,     0.385833996
1,     0.422179288
1,     0.510378000
1,     0.518977467
1,     0.316394917
1,     0.356769855
1,     0.492195403
1,     0.653306900
1,     0.380299627
1,     0.404276858
1,     0.529368538
1,     0.598374271
1,     0.656811708
1,     0.702413514
1,     0.541526784
1,     0.504927251
1,     0.555547060
1,     0.730335678
1,     0.651334383
1,     0.493726810
1,     0.467972860
1,     0.199288013
1,     0.188192137
1,     0.271967272
1,     0.332153544
1,     0.334501812
1,     0.397203091
1,     0.451357081
1,     0.617976798
1,     0.668230409
1,     0.666145387
1,     0.642673240
1,     0.385639257
1,     0.263180482
1,     0.232141725
1,     0.286380589
1,     0.343192165
1,     0.273693763
1,     0.239145013
1,     0.282619850
1,     0.266169334
1,     0.219838803
1,     0.181907464
1,     0.220937150
1,     0.309405248
1,     0.311878232
1,     0.296588449
1,     0.343059583
1,     0.440125917
1,     0.490680876
1,     0.396980898
1,     0.288209921
1,     0.309638198
1,     0.392587079
1,     0.371031264
1,     0.389081337
1,     0.519794789
1,     0.538856592
1,     0.458711618
1,     0.411922302
1,     0.444375022
1,     0.384110803
1,     0.305294486
1,     0.321723347
1,     0.391210121
1,     0.346007570
1,     0.226429884
1,     0.268188007
1,     0.302107178
1,     0.361705732
1,     0.361380171
1,     0.393970034
1,     0.445623811
1,     0.437608866
1,     0.372085543
1,     0.412126718
1,     0.309088156
1,     0.265406757
1,     0.283528740
1,     0.268746223
1,     0.254257473
1,     0.290654941
1,     0.314823597
1,     0.369396090
1,     0.305948782
1,     0.260312414
1,     0.270385889
1,     0.271503160
1,     0.265455298
1,     0.283541427
1,     0.268723405
1,     0.256729655
1,     0.241072510
1,     0.194275339
1,     0.198043352
1,     0.166274452
1,     0.163345393
1,     0.189412694
1,     0.185460817
1,     0.214567960
1,     0.221423961
1,     0.212886778
1,     0.174854912
1,     0.085818994
1,     0.098465111
1,     0.085945271
1,     0.125339184
1,     0.209282334
1,     0.140771315
1,     0.174247622
1,     0.247898884
1,     0.224626197
1,     0.215967503
1,     0.231277380
1,     0.237268572
1,     0.267619080
1,     0.275148129
1,     0.274763173
1,     0.261173587
1,     0.196354540
1,     0.168399737
1,     0.176096547
1,     0.150874981
1,     0.107328288
1,     0.087222471
1,     0.091283277
1,     0.090280570
1,     0.109334307
1,     0.129048744
1,     0.108297003
1,     0.067808535
1,     0.086861407
1,     0.125495972
1,     0.133660256
1,     0.142872594
1,     0.157456437
1,     0.184429421
1,     0.198054115
1,     0.195783110
1,     0.129789665
1,     0.117376315
1,     0.113592440
1,     0.173966460
1,     0.162080191
1,     0.184106865
1,     0.160893119
1,     0.112051690
1,     0.090179353
1,     0.096369722
1,     0.136838831
1,     0.221562170
1,     0.204354299
1,     0.227198392
1,     0.195904097
1,     0.137622546
1,     0.109025109
1,     0.117303039
1,     0.130549677
1,     0.160893148
