1,     0.002307203
1,     0.002307403
1,     0.002307579
1,     0.002313550
1,     0.002326736
1,     0.002343857
1,     0.002358199
1,     0.002368359
1,     0.002378001
1,     0.002387548
1,     0.002398398
1,     0.002408554
1,     0.002418432
1,     0.002425359
1,     0.002426665
1,     0.002417640
1,     0.002424684
1,     0.002432596
1,     0.002439931
1,     0.002438727
1,     0.002422866
1,     0.002304887
1,     0.002302645
1,     0.002296742
1,     0.002290621
1,     0.002304020
1,     0.002306167
1,     0.002307799
1,     0.002315899
1,     0.002329466
1,     0.002310935
1,     0.002307461
1,     0.002308683
1,     0.002305049
1,     0.002235382
1,     0.002092490
1,     0.002090658
1,     0.002088117
1,     0.002085741
1,     0.002083251
1,     0.002081024
1,     0.002079231
1,     0.002077912
1,     0.002106118
1,     0.002197929
1,     0.002170750
1,     0.002075617
1,     0.002070020
1,     0.002063412
1,     0.002059173
1,     0.002056394
1,     0.002054402
1,     0.002052609
1,     0.002051406
1,     0.002056529
1,     0.002050008
1,     0.002049407
1,     0.002049000
1,     0.002079898
1,     0.002142314
1,     0.002207094
1,     0.002246904
1,     0.002268981
1,     0.002284751
1,     0.002296319
1,     0.002303913
1,     0.002306033
1,     0.002306175
1,     0.002306749
1,     0.002308840
1,     0.002313359
1,     0.002319535
1,     0.002324868
1,     0.002329104
1,     0.002334368
1,     0.002340940
1,     0.002346573
1,     0.002351430
1,     0.002355801
1,     0.002359478
1,     0.002362812
1,     0.002366085
1,     0.002369141
1,     0.002362369
1,     0.002296428
1,     0.002211848
1,     0.002197022
1,     0.002184102
1,     0.002198582
1,     0.002243737
1,     0.002275726
1,     0.002292960
1,     0.002301154
1,     0.002303467
1,     0.002305344
1,     0.002306143
1,     0.002306285
1,     0.002307758
1,     0.002311312
1,     0.002307073
1,     0.002306260
1,     0.002307900
1,     0.002311834
1,     0.002308150
1,     0.002306321
1,     0.002306377
1,     0.002302933
1,     0.002304804
1,     0.002305904
1,     0.002306012
1,     0.002299247
1,     0.002302607
1,     0.002304876
1,     0.002305982
1,     0.002306167
1,     0.002306171
1,     0.002306461
1,     0.002307809
1,     0.002309885
1,     0.002312955
1,     0.002317861
1,     0.002323779
1,     0.002329889
1,     0.002335686
1,     0.002340792
1,     0.002347290
1,     0.002355196
1,     0.002361226
1,     0.002363757
1,     0.002352416
1,     0.002358321
1,     0.002365130
1,     0.002347477
1,     0.002317280
1,     0.002309441
1,     0.002297631
1,     0.002248271
1,     0.002228551
1,     0.002171745
1,     0.002063019
1,     0.002052475
1,     0.002035222
1,     0.002032278
1,     0.002032276
1,     0.002032274
1,     0.002032272
1,     0.002032270
1,     0.002032267
1,     0.002032264
1,     0.002032262
1,     0.002032259
1,     0.002032256
1,     0.002032253
1,     0.002032251
1,     0.002032248
1,     0.002032246
1,     0.002039922
1,     0.002032241
1,     0.002032237
1,     0.002032229
1,     0.002032218
1,     0.002032202
1,     0.002032194
1,     0.002032194
1,     0.002032194
1,     0.002032194
1,     0.002032194
1,     0.002032194
1,     0.002032194
1,     0.002032194
1,     0.002032194
1,     0.002032194
1,     0.002032194
1,     0.002032194
1,     0.002032194
1,     0.002032194
1,     0.002032194
1,     0.002032194
1,     0.002032194
1,     0.002032194
1,     0.002032194
1,     0.002032194
1,     0.002032194
1,     0.002032194
1,     0.002032194
1,     0.002032194
1,     0.002032194
1,     0.002032194
1,     0.002032194
1,     0.002032194
1,     0.002032194
1,     0.002032194
1,     0.002032194
1,     0.002032194
1,     0.002032194
1,     0.002032194
1,     0.002032194
1,     0.002032194
1,     0.002032194
1,     0.002032194
1,     0.002032194
1,     0.002032194
1,     0.002032194
1,     0.002032194
1,     0.002032194
1,     0.002032194
1,     0.002032194
1,     0.002032194
1,     0.002032194
1,     0.002032194
1,     0.002032194
1,     0.002032194
1,     0.002032194
1,     0.002032194
1,     0.002032194
1,     0.002032194
1,     0.002032194
1,     0.002032194
1,     0.002032194
1,     0.002032194
1,     0.002032194
1,     0.002032194
1,     0.002032194
1,     0.002032194
1,     0.002032194
1,     0.002032194
1,     0.002032194
1,     0.002032194
1,     0.002032194
1,     0.002032194
1,     0.002032194
1,     0.002032194
1,     0.002032194
1,     0.002032194
1,     0.002032194
1,     0.002032194
1,     0.002032194
1,     0.002032194
1,     0.002032194
1,     0.002032194
1,     0.002032194
1,     0.002032194
1,     0.002032194
1,     0.002032194
1,     0.002032194
1,     0.002032194
1,     0.002032194
1,     0.002032194
1,     0.002032194
1,     0.002032194
1,     0.002032194
1,     0.002032194
1,     0.002032194
1,     0.002032194
1,     0.002032194
1,     0.002032194
1,     0.002032194
1,     0.002032194
1,     0.002032194
1,     0.002032194
1,     0.002032194
1,     0.002032194
1,     0.002032194
1,     0.002032194
1,     0.002032194
1,     0.002032194
1,     0.002032194
1,     0.002032194
1,     0.002032194
1,     0.002032194
1,     0.002032194
1,     0.002032194
1,     0.002032194
1,     0.002032194
1,     0.002032194
1,     0.002032194
1,     0.002032194
1,     0.002032194
1,     0.002032194
1,     0.002032194
1,     0.002032194
1,     0.002032194
1,     0.002032194
1,     0.002032194
1,     0.002032194
1,     0.002032194
1,     0.002032194
1,     0.002032194
1,     0.002032194
1,     0.002032194
1,     0.002032194
1,     0.002032194
1,     0.002032194
1,     0.002032194
1,     0.002032194
1,     0.002032194
1,     0.002032194
1,     0.002032194
1,     0.002032194
1,     0.002032194
1,     0.002053584
1,     0.002106978
1,     0.002174119
1,     0.002228319
1,     0.002270234
1,     0.002292405
1,     0.002300356
1,     0.002303261
1,     0.002304877
1,     0.002306095
1,     0.002306191
1,     0.002307290
1,     0.002309709
1,     0.002312125
1,     0.002314178
1,     0.002315585
1,     0.002316968
1,     0.002318277
1,     0.002319698
1,     0.002321562
1,     0.002323457
1,     0.002325570
1,     0.002327729
1,     0.002326340
1,     0.002313691
1,     0.002317129
1,     0.002322028
1,     0.002325335
1,     0.002323961
1,     0.002305438
1,     0.002297128
1,     0.002302169
1,     0.002304623
1,     0.002294184
1,     0.002298823
1,     0.002305665
1,     0.002306246
1,     0.002307356
1,     0.002301307
1,     0.002187692
1,     0.002210207
1,     0.002270749
1,     0.002277622
1,     0.002266269
1,     0.002288679
1,     0.002303321
1,     0.002306162
1,     0.002307428
1,     0.002315700
1,     0.002327089
1,     0.002334616
1,     0.002321672
1,     0.002308632
1,     0.002316307
1,     0.002328091
1,     0.002341499
1,     0.002350950
1,     0.002358664
1,     0.002363698
1,     0.002366779
1,     0.002368730
1,     0.002368427
1,     0.002367045
1,     0.002372339
1,     0.002338768
1,     0.002304753
1,     0.002305916
1,     0.002306271
1,     0.002310948
1,     0.002326702
1,     0.002346682
1,     0.002365436
1,     0.002376301
1,     0.002384000
1,     0.002392606
1,     0.002399893
1,     0.002404983
1,     0.002408019
1,     0.002410988
1,     0.002413927
1,     0.002416961
1,     0.002420589
1,     0.002425196
1,     0.002429180
1,     0.002432052
1,     0.002435381
1,     0.002438546
1,     0.002440088
1,     0.002440753
1,     0.002441714
1,     0.002443589
1,     0.002445183
1,     0.002445807
1,     0.002446856
1,     0.002448253
1,     0.002446053
1,     0.002446256
1,     0.002447113
1,     0.002448012
1,     0.002449061
1,     0.002450287
1,     0.002451562
1,     0.002452685
1,     0.002453939
1,     0.002447689
1,     0.002311612
1,     0.002320123
1,     0.002330584
1,     0.002341240
1,     0.002350319
1,     0.002360754
1,     0.002362883
1,     0.002345558
1,     0.002355927
1,     0.002366171
1,     0.002374058
1,     0.002299744
1,     0.002267608
1,     0.002248163
1,     0.002272063
1,     0.002300145
1,     0.002305886
1,     0.002295424
1,     0.002241216
1,     0.002248789
1,     0.002272820
1,     0.002294387
1,     0.002303596
1,     0.002305980
1,     0.002306172
1,     0.002306710
1,     0.002306144
1,     0.002306172
1,     0.002306268
1,     0.002306687
1,     0.002309934
1,     0.002318251
1,     0.002328642
1,     0.002339021
1,     0.002347008
1,     0.002352633
1,     0.002359017
1,     0.002340675
1,     0.002306167
1,     0.002306287
1,     0.002307393
1,     0.002310240
1,     0.002315723
1,     0.002324734
1,     0.002336976
1,     0.002346421
1,     0.002334484
1,     0.002310091
1,     0.002308719
1,     0.002312681
1,     0.002317824
1,     0.002314478
1,     0.002308684
1,     0.002312220
1,     0.002317863
1,     0.002327664
1,     0.002339070
1,     0.002343453
1,     0.002341544
1,     0.002350038
1,     0.002358472
1,     0.002364756
1,     0.002332919
1,     0.002304454
1,     0.002302364
1,     0.002300534
1,     0.002304848
1,     0.002306047
1,     0.002306167
1,     0.002306380
1,     0.002307583
1,     0.002310353
1,     0.002314531
1,     0.002320243
1,     0.002326006
1,     0.002332450
1,     0.002311180
1,     0.002303094
1,     0.002304999
1,     0.002305940
1,     0.002306152
1,     0.002306170
1,     0.002306430
1,     0.002307556
1,     0.002310564
1,     0.002316269
1,     0.002324703
1,     0.002333401
1,     0.002317593
1,     0.002311357
1,     0.002314540
1,     0.002316296
1,     0.002316979
1,     0.002319981
1,     0.002320477
1,     0.002320153
1,     0.002322676
1,     0.002312918
1,     0.002297848
1,     0.002269156
1,     0.002173701
1,     0.002077950
1,     0.002049897
1,     0.002039563
1,     0.002036526
1,     0.002053558
1,     0.002084385
1,     0.002107601
1,     0.002127009
1,     0.002149829
1,     0.002171610
1,     0.002143671
1,     0.002063268
1,     0.002032194
1,     0.002032194
1,     0.002032194
1,     0.002032194
1,     0.002032194
1,     0.002032194
1,     0.002032194
1,     0.002032194
1,     0.002032194
1,     0.002032194
1,     0.002032194
1,     0.002032194
1,     0.002032194
1,     0.002032194
1,     0.002032194
1,     0.002032194
1,     0.002032194
1,     0.002032194
1,     0.002032194
1,     0.002032194
1,     0.002032194
1,     0.002032194
1,     0.002032194
1,     0.002032194
1,     0.002032194
1,     0.002032194
1,     0.002032194
1,     0.002032194
1,     0.002032194
1,     0.002032194
1,     0.002032194
1,     0.002032194
1,     0.002032194
1,     0.002032194
1,     0.002032194
1,     0.002032194
1,     0.002032194
1,     0.002032194
1,     0.002032194
1,     0.002032194
1,     0.002032194
1,     0.002032194
1,     0.002032194
1,     0.002032194
1,     0.002032194
1,     0.002032194
1,     0.002032194
1,     0.002032194
1,     0.002032194
1,     0.002032194
1,     0.002032194
1,     0.002032194
1,     0.002032194
1,     0.002032194
1,     0.002032194
1,     0.002032194
1,     0.002032194
1,     0.002032194
1,     0.002032194
1,     0.002032194
1,     0.002032194
1,     0.002032194
1,     0.002032194
1,     0.002032194
1,     0.002032194
1,     0.002032194
1,     0.002032194
1,     0.002032194
1,     0.002032194
1,     0.002032194
1,     0.002032194
1,     0.002032194
1,     0.002032194
1,     0.002032194
1,     0.002032194
1,     0.002032194
1,     0.002032194
1,     0.002032194
1,     0.002032194
1,     0.002032194
1,     0.002032194
1,     0.002032194
1,     0.002032194
1,     0.002032194
1,     0.002032194
1,     0.002032194
1,     0.002032194
1,     0.002032194
1,     0.002032194
1,     0.002032194
1,     0.002032194
1,     0.002032194
1,     0.002032194
1,     0.002032194
1,     0.002032194
1,     0.002032194
1,     0.002032194
1,     0.002032194
1,     0.002032194
1,     0.002032194
1,     0.002032194
1,     0.002032194
1,     0.002032194
1,     0.002032194
1,     0.002032194
1,     0.002032194
1,     0.002032194
1,     0.002032194
1,     0.002032194
1,     0.002032194
1,     0.002032194
1,     0.002032194
1,     0.002032194
1,     0.002032194
1,     0.002032194
1,     0.002032194
1,     0.002032194
1,     0.002032194
1,     0.002032194
1,     0.002032194
1,     0.002032194
1,     0.002032194
1,     0.002032194
1,     0.002032194
1,     0.002032194
1,     0.002032194
1,     0.002032194
1,     0.002032194
1,     0.002032194
1,     0.002032194
1,     0.002032194
1,     0.002032194
1,     0.002032194
1,     0.002032194
1,     0.002032194
1,     0.002032194
1,     0.002032194
1,     0.002032194
1,     0.002032194
1,     0.002032194
1,     0.002032194
1,     0.002032194
1,     0.002032194
1,     0.002032194
1,     0.002032194
1,     0.002032194
1,     0.002032194
1,     0.002032194
1,     0.002032194
1,     0.002032194
1,     0.002032194
1,     0.002032194
1,     0.002032194
1,     0.002032194
1,     0.002032194
1,     0.002032194
1,     0.002032194
1,     0.002032194
1,     0.002032194
1,     0.002032194
1,     0.002054129
1,     0.002136013
1,     0.002202047
1,     0.002247858
1,     0.002277789
1,     0.002299412
1,     0.002305341
1,     0.002305990
1,     0.002306167
1,     0.002306365
1,     0.002305827
1,     0.002162657
1,     0.002032194
1,     0.002032194
1,     0.002032194
1,     0.002032194
1,     0.002032194
1,     0.002032194
1,     0.002032194
1,     0.002032194
1,     0.002061116
1,     0.002032194
1,     0.002032194
1,     0.002032194
1,     0.002032194
1,     0.002032194
1,     0.002032194
1,     0.002094359
1,     0.002156874
1,     0.002213447
1,     0.002267783
1,     0.002296141
1,     0.002305200
1,     0.002306163
1,     0.002306274
1,     0.002307082
1,     0.002307679
1,     0.002309938
1,     0.002309409
1,     0.002308149
1,     0.002291530
1,     0.002160000
1,     0.002032194
1,     0.002032194
1,     0.002032194
1,     0.002032194
1,     0.002032194
1,     0.002082648
1,     0.002166255
1,     0.002231270
1,     0.002278068
1,     0.002298757
1,     0.002305748
1,     0.002306217
1,     0.002307889
1,     0.002310870
1,     0.002313301
1,     0.002306178
1,     0.002119912
1,     0.002038363
1,     0.002032194
1,     0.002063744
1,     0.002179880
1,     0.002253793
1,     0.002282218
1,     0.002299776
1,     0.002306012
1,     0.002306196
1,     0.002303198
1,     0.002306142
1,     0.002306730
1,     0.002309758
1,     0.002305971
1,     0.002238405
1,     0.002287787
1,     0.002303957
1,     0.002306167
1,     0.002307468
1,     0.002312407
1,     0.002321709
1,     0.002329799
1,     0.002320663
1,     0.002313604
1,     0.002319256
1,     0.002327293
1,     0.002333279
1,     0.002339644
1,     0.002345805
1,     0.002350495
1,     0.002354207
1,     0.002342938
1,     0.002319962
1,     0.002317561
1,     0.002320556
1,     0.002311211
1,     0.002319352
1,     0.002330794
1,     0.002342031
1,     0.002352919
1,     0.002363265
1,     0.002371261
1,     0.002379084
1,     0.002385176
1,     0.002388685
1,     0.002387436
1,     0.002389168
1,     0.002391024
1,     0.002366849
1,     0.002371163
1,     0.002381020
1,     0.002389300
1,     0.002395705
1,     0.002399480
1,     0.002402307
1,     0.002404809
1,     0.002407647
1,     0.002410424
1,     0.002413176
1,     0.002414535
1,     0.002416432
1,     0.002417299
1,     0.002417993
1,     0.002419902
1,     0.002421185
1,     0.002423115
1,     0.002425179
1,     0.002427154
1,     0.002429280
1,     0.002430753
1,     0.002431419
1,     0.002431956
1,     0.002432740
1,     0.002433186
1,     0.002433577
1,     0.002434184
1,     0.002434864
1,     0.002435616
1,     0.002436684
1,     0.002437596
1,     0.002438016
1,     0.002438638
1,     0.002438730
1,     0.002438883
1,     0.002439237
1,     0.002439598
1,     0.002439913
1,     0.002411172
1,     0.002361813
1,     0.002348918
1,     0.002338843
1,     0.002347296
1,     0.002354872
1,     0.002362415
1,     0.002359918
1,     0.002358431
1,     0.002364773
1,     0.002371441
1,     0.002378966
1,     0.002374183
1,     0.002352031
1,     0.002356422
1,     0.002362793
1,     0.002369755
1,     0.002376990
1,     0.002383075
1,     0.002388316
1,     0.002391309
1,     0.002392321
1,     0.002378072
1,     0.002384262
1,     0.002388726
1,     0.002391050
1,     0.002394003
1,     0.002397672
1,     0.002401123
1,     0.002404337
1,     0.002407882
1,     0.002412069
1,     0.002415593
1,     0.002418441
1,     0.002420238
1,     0.002420693
1,     0.002421229
1,     0.002421438
1,     0.002416492
1,     0.002416733
1,     0.002418815
1,     0.002419858
1,     0.002400231
1,     0.002400473
1,     0.002318681
1,     0.002305801
1,     0.002306128
1,     0.002306166
1,     0.002306195
1,     0.002306407
1,     0.002299200
1,     0.002226624
1,     0.002100903
1,     0.002060437
1,     0.002040633
1,     0.002032194
1,     0.002032194
1,     0.002032194
1,     0.002032194
1,     0.002032194
1,     0.002032194
1,     0.002032194
1,     0.002032194
1,     0.002032194
1,     0.002032194
1,     0.002032194
1,     0.002032194
1,     0.002032194
1,     0.002032194
1,     0.002032194
1,     0.002032194
1,     0.002032194
1,     0.002032194
1,     0.002032194
1,     0.002032194
1,     0.002032194
1,     0.002032194
1,     0.002032194
1,     0.002032194
1,     0.002032194
1,     0.002032194
1,     0.002032194
1,     0.002032194
1,     0.002032194
1,     0.002032194
1,     0.002032194
1,     0.002032194
1,     0.002032194
1,     0.002032194
1,     0.002032194
1,     0.002032194
1,     0.002032194
1,     0.002032194
1,     0.002032194
1,     0.002032194
1,     0.002032194
1,     0.002032194
1,     0.002032194
1,     0.002032194
1,     0.002032194
1,     0.002032194
1,     0.002032194
1,     0.002032194
1,     0.002032194
1,     0.002032194
1,     0.002032194
1,     0.002032194
1,     0.002032194
1,     0.002032194
1,     0.002032194
1,     0.002032194
1,     0.002032194
1,     0.002032194
1,     0.002032194
1,     0.002032194
1,     0.002032194
1,     0.002032194
1,     0.002032194
1,     0.002032194
1,     0.002032194
1,     0.002032194
1,     0.002032194
1,     0.002032194
1,     0.002032194
1,     0.002032194
1,     0.002032194
1,     0.002032194
1,     0.002032194
1,     0.002032194
1,     0.002032194
1,     0.002032194
1,     0.002032194
1,     0.002032194
1,     0.002032194
1,     0.002032194
1,     0.002032194
1,     0.002032194
1,     0.002032194
1,     0.002032194
1,     0.002032194
1,     0.002032194
1,     0.002032194
1,     0.002032194
1,     0.002032194
1,     0.002032194
1,     0.002032194
1,     0.002032194
1,     0.002032194
1,     0.002032194
1,     0.002032194
1,     0.002032194
1,     0.002032194
1,     0.002032194
1,     0.002032194
1,     0.002032194
1,     0.002032194
1,     0.002032194
1,     0.002032194
1,     0.002032194
1,     0.002032194
1,     0.002032194
1,     0.002032194
1,     0.002032194
1,     0.002032194
1,     0.002032194
1,     0.002032194
1,     0.002032194
1,     0.002032194
1,     0.002032194
1,     0.002032194
1,     0.002032194
1,     0.002032194
1,     0.002032194
1,     0.002032194
1,     0.002032194
1,     0.002032194
1,     0.002032194
1,     0.002032194
1,     0.002032194
1,     0.002032194
1,     0.002032194
1,     0.002032194
1,     0.002032194
1,     0.002032194
1,     0.002032194
1,     0.002032194
1,     0.002032194
1,     0.002032194
1,     0.002032194
1,     0.002032194
1,     0.002032194
1,     0.002032194
1,     0.002043580
1,     0.002048233
1,     0.002040833
1,     0.002052963
1,     0.002070716
1,     0.002034716
1,     0.002032194
1,     0.002032194
1,     0.002032194
1,     0.002032194
1,     0.002032194
1,     0.002032194
1,     0.002032194
1,     0.002032194
1,     0.002032194
1,     0.002032194
1,     0.002032194
1,     0.002032194
1,     0.002032194
1,     0.002032194
1,     0.002032194
1,     0.002032194
1,     0.002032194
1,     0.002032194
1,     0.002032194
1,     0.002032194
1,     0.002032194
1,     0.002032194
1,     0.002032194
1,     0.002032194
1,     0.002032194
1,     0.002032194
1,     0.002032194
1,     0.002032194
1,     0.002032194
1,     0.002032194
1,     0.002032194
1,     0.002032194
1,     0.002032194
1,     0.002032194
1,     0.002032194
1,     0.002032194
1,     0.002032194
1,     0.002032194
1,     0.002032194
1,     0.002034746
1,     0.002120852
1,     0.002202835
1,     0.002254634
1,     0.002159952
1,     0.002032194
1,     0.002077143
1,     0.002128511
1,     0.002077646
1,     0.002075114
1,     0.002064356
1,     0.002032194
1,     0.002032194
1,     0.002032194
1,     0.002032194
1,     0.002032194
1,     0.002032194
1,     0.002032194
1,     0.002032194
1,     0.002032194
1,     0.002032194
1,     0.002032194
1,     0.002032194
1,     0.002040046
1,     0.002100263
1,     0.002184726
1,     0.002240979
1,     0.002268686
1,     0.002286203
1,     0.002300215
1,     0.002305212
1,     0.002306033
1,     0.002306156
1,     0.002306178
1,     0.002306679
1,     0.002307980
1,     0.002309435
1,     0.002310878
1,     0.002305314
1,     0.002300012
1,     0.002303824
1,     0.002306128
1,     0.002306300
1,     0.002307034
1,     0.002308138
1,     0.002309919
1,     0.002312108
1,     0.002314148
1,     0.002316027
1,     0.002317764
1,     0.002311261
1,     0.002310183
1,     0.002312978
1,     0.002316020
1,     0.002166277
1,     0.002032194
1,     0.002032194
1,     0.002055612
1,     0.002128923
1,     0.002190436
1,     0.002246739
1,     0.002282114
1,     0.002298027
1,     0.002303674
1,     0.002302558
1,     0.002306104
1,     0.002306711
1,     0.002305717
1,     0.002048458
1,     0.002032194
1,     0.002032194
1,     0.002032194
1,     0.002032194
1,     0.002032194
1,     0.002032194
1,     0.002032194
1,     0.002032194
1,     0.002032194
1,     0.002032194
1,     0.002068949
1,     0.002118529
1,     0.002137560
1,     0.002181204
1,     0.002210987
1,     0.002247898
1,     0.002220730
1,     0.002191273
1,     0.002224321
1,     0.002263794
1,     0.002289134
1,     0.002302308
1,     0.002306029
1,     0.002306187
1,     0.002306951
1,     0.002309715
1,     0.002312451
1,     0.002314561
1,     0.002317040
1,     0.002306092
1,     0.002299776
1,     0.002304860
1,     0.002306122
1,     0.002306225
1,     0.002307909
1,     0.002311689
1,     0.002315340
1,     0.002319054
1,     0.002322732
1,     0.002319707
1,     0.002303393
1,     0.002293513
1,     0.002301139
1,     0.002304856
1,     0.002306065
1,     0.002304965
1,     0.002295404
1,     0.002301666
1,     0.002305214
1,     0.002306143
1,     0.002306189
1,     0.002306875
1,     0.002309833
1,     0.002315032
1,     0.002320071
1,     0.002324482
1,     0.002327815
1,     0.002331259
1,     0.002317418
1,     0.002306177
1,     0.002306711
1,     0.002309030
1,     0.002312792
1,     0.002316606
1,     0.002321220
1,     0.002324266
1,     0.002305060
1,     0.002306158
1,     0.002306258
1,     0.002306171
1,     0.002294502
1,     0.002299300
1,     0.002302429
1,     0.002305279
1,     0.002306121
1,     0.002306168
1,     0.002306427
1,     0.002307723
1,     0.002310579
1,     0.002315180
1,     0.002320681
1,     0.002327255
1,     0.002335395
1,     0.002341750
1,     0.002338239
1,     0.002338583
1,     0.002343596
1,     0.002347183
1,     0.002349953
1,     0.002352424
1,     0.002354807
1,     0.002357675
1,     0.002359638
1,     0.002360249
1,     0.002360563
1,     0.002360889
1,     0.002361786
1,     0.002363131
1,     0.002363998
1,     0.002364630
1,     0.002365257
1,     0.002365593
1,     0.002365618
1,     0.002365803
1,     0.002366045
1,     0.002366261
1,     0.002366377
1,     0.002366654
1,     0.002366933
1,     0.002352507
1,     0.002343337
1,     0.002340943
1,     0.002323352
1,     0.002313710
1,     0.002310838
1,     0.002312898
1,     0.002315210
1,     0.002317087
1,     0.002320124
1,     0.002324189
1,     0.002327923
1,     0.002331603
1,     0.002335027
1,     0.002336729
1,     0.002337658
1,     0.002339095
1,     0.002339193
1,     0.002192498
1,     0.002032194
1,     0.002032194
1,     0.002032194
1,     0.002032194
1,     0.002032194
1,     0.002032194
1,     0.002032194
1,     0.002032194
1,     0.002032194
1,     0.002032194
1,     0.002032194
1,     0.002032194
1,     0.002032194
1,     0.002032194
1,     0.002032194
1,     0.002032194
1,     0.002032194
1,     0.002032194
1,     0.002032194
1,     0.002032194
1,     0.002032194
1,     0.002032194
1,     0.002032194
1,     0.002032194
1,     0.002032194
1,     0.002032194
1,     0.002032194
1,     0.002032194
1,     0.002032194
1,     0.002032194
1,     0.002032194
1,     0.002032194
1,     0.002032194
1,     0.002032194
1,     0.002032194
1,     0.002032194
1,     0.002032194
1,     0.002032194
1,     0.002032194
