1,     0.000506174
1,     0.000434222
1,     0.000409444
1,     0.000404540
1,     0.000417916
1,     0.000425988
1,     0.000395612
1,     0.000386782
1,     0.000417282
1,     0.000448699
1,     0.000480662
1,     0.000448483
1,     0.000399144
1,     0.000410351
1,     0.000403685
1,     0.000392209
1,     0.000409664
1,     0.000434564
1,     0.000468653
1,     0.000497822
1,     0.000490972
1,     0.000523846
1,     0.000527128
1,     0.000518838
1,     0.000505112
1,     0.000524138
1,     0.000541602
1,     0.000527427
1,     0.000506590
1,     0.000493554
1,     0.000521234
1,     0.000512329
1,     0.000518148
1,     0.000524237
1,     0.000469161
1,     0.000413468
1,     0.000401578
1,     0.000412955
1,     0.000409123
1,     0.000393816
1,     0.000380250
1,     0.000373762
1,     0.000400343
1,     0.000425278
1,     0.000454326
1,     0.000466988
1,     0.000456436
1,     0.000449888
1,     0.000464306
1,     0.000462553
1,     0.000459205
1,     0.000437520
1,     0.000425227
1,     0.000449304
1,     0.000468351
1,     0.000451221
1,     0.000459958
1,     0.000471949
1,     0.000444051
1,     0.000426208
1,     0.000439396
1,     0.000452082
1,     0.000461545
1,     0.000468045
1,     0.000482435
1,     0.000492284
1,     0.000471222
1,     0.000454819
1,     0.000450057
1,     0.000457781
1,     0.000473131
1,     0.000464168
1,     0.000464160
1,     0.000456445
1,     0.000452802
1,     0.000460989
1,     0.000492459
1,     0.000515260
1,     0.000470223
1,     0.000434656
1,     0.000419721
1,     0.000417982
1,     0.000425453
1,     0.000446785
1,     0.000474193
1,     0.000446416
1,     0.000445481
1,     0.000450507
1,     0.000436139
1,     0.000437557
1,     0.000449471
1,     0.000456015
1,     0.000447430
1,     0.000439581
1,     0.000419865
1,     0.000425952
1,     0.000432569
1,     0.000429962
1,     0.000437822
1,     0.000431810
1,     0.000436936
1,     0.000444314
1,     0.000433626
1,     0.000403385
1,     0.000398299
1,     0.000395373
1,     0.000400974
1,     0.000404277
1,     0.000409242
1,     0.000405679
1,     0.000401266
1,     0.000405455
1,     0.000412288
1,     0.000418374
1,     0.000423079
1,     0.000401748
1,     0.000370638
1,     0.000358166
1,     0.000350733
1,     0.000347974
1,     0.000350807
1,     0.000349519
1,     0.000349656
1,     0.000349623
1,     0.000341889
1,     0.000340163
1,     0.000346536
1,     0.000353666
1,     0.000341537
1,     0.000332711
1,     0.000332021
1,     0.000334908
1,     0.000326635
1,     0.000321707
1,     0.000320712
1,     0.000330368
1,     0.000305667
1,     0.000287147
1,     0.000272049
1,     0.000258666
1,     0.000258842
1,     0.000258745
1,     0.000264382
1,     0.000269278
1,     0.000272438
1,     0.000275355
1,     0.000275976
1,     0.000272190
1,     0.000267543
1,     0.000268512
1,     0.000267506
1,     0.000265000
1,     0.000271403
1,     0.000280656
1,     0.000290182
1,     0.000299860
1,     0.000302690
1,     0.000299264
1,     0.000284500
1,     0.000266852
1,     0.000264266
1,     0.000260524
1,     0.000256011
1,     0.000252226
1,     0.000245554
1,     0.000248416
1,     0.000252086
1,     0.000249157
1,     0.000245778
1,     0.000251894
1,     0.000255993
1,     0.000247462
1,     0.000243204
1,     0.000242631
1,     0.000246189
1,     0.000248628
1,     0.000246765
1,     0.000238009
1,     0.000233059
1,     0.000232997
1,     0.000237987
1,     0.000236150
1,     0.000231593
1,     0.000228106
1,     0.000221459
1,     0.000222751
1,     0.000220768
1,     0.000224640
1,     0.000225066
1,     0.000229084
1,     0.000229068
1,     0.000235669
1,     0.000237722
1,     0.000244890
1,     0.000242337
1,     0.000241788
1,     0.000237350
1,     0.000227464
1,     0.000227188
1,     0.000243400
1,     0.000245824
1,     0.000240115
1,     0.000238842
1,     0.000240261
1,     0.000240440
1,     0.000230590
1,     0.000231191
1,     0.000240823
1,     0.000250457
1,     0.000251330
1,     0.000251371
1,     0.000255340
1,     0.000257794
1,     0.000254937
1,     0.000247007
1,     0.000241754
1,     0.000243378
1,     0.000239939
1,     0.000237643
1,     0.000247624
1,     0.000257844
1,     0.000256701
1,     0.000268264
1,     0.000245854
1,     0.000224899
1,     0.000221663
1,     0.000227405
1,     0.000240178
1,     0.000246373
1,     0.000252005
1,     0.000247610
1,     0.000242667
1,     0.000242336
1,     0.000245958
1,     0.000247739
1,     0.000246783
1,     0.000247504
1,     0.000251114
1,     0.000254240
1,     0.000256341
1,     0.000251726
1,     0.000244191
1,     0.000248810
1,     0.000260970
1,     0.000267740
1,     0.000267828
1,     0.000265004
1,     0.000271571
1,     0.000277787
1,     0.000264066
1,     0.000257008
1,     0.000249265
1,     0.000243502
1,     0.000244592
1,     0.000255651
1,     0.000265464
1,     0.000278367
1,     0.000292328
1,     0.000285519
1,     0.000269581
1,     0.000246264
1,     0.000235145
1,     0.000238344
1,     0.000257949
1,     0.000280996
1,     0.000290851
1,     0.000301129
1,     0.000304577
1,     0.000295796
1,     0.000296327
1,     0.000278796
1,     0.000253413
1,     0.000262758
1,     0.000272950
1,     0.000289013
1,     0.000310976
1,     0.000318702
1,     0.000306127
1,     0.000309948
1,     0.000317145
1,     0.000315211
1,     0.000298993
1,     0.000292590
1,     0.000294244
1,     0.000297312
1,     0.000296212
1,     0.000273464
1,     0.000266584
1,     0.000285067
1,     0.000299587
1,     0.000306276
1,     0.000314328
1,     0.000309407
1,     0.000311419
1,     0.000305537
1,     0.000290500
1,     0.000263421
1,     0.000281408
1,     0.000288585
1,     0.000287319
1,     0.000292825
1,     0.000311546
1,     0.000339490
1,     0.000352058
1,     0.000354651
1,     0.000366286
1,     0.000373162
1,     0.000334127
1,     0.000322281
1,     0.000340282
1,     0.000373181
1,     0.000403024
1,     0.000410807
1,     0.000421780
1,     0.000412943
1,     0.000428090
1,     0.000415938
1,     0.000391105
1,     0.000397729
1,     0.000392408
1,     0.000404336
1,     0.000433502
1,     0.000453932
1,     0.000429402
1,     0.000408306
1,     0.000412499
1,     0.000429364
1,     0.000446864
1,     0.000450996
1,     0.000461909
1,     0.000437546
1,     0.000433108
1,     0.000427946
1,     0.000395848
1,     0.000398008
1,     0.000426604
1,     0.000449742
1,     0.000421115
1,     0.000363666
1,     0.000318214
1,     0.000331193
1,     0.000372460
1,     0.000372278
1,     0.000343607
1,     0.000359144
1,     0.000382363
1,     0.000382543
1,     0.000394281
1,     0.000428051
1,     0.000470839
1,     0.000498457
1,     0.000511103
1,     0.000506648
1,     0.000511321
1,     0.000527160
1,     0.000541984
1,     0.000504288
1,     0.000464643
1,     0.000447203
1,     0.000412585
1,     0.000403523
1,     0.000416476
1,     0.000448234
1,     0.000454839
1,     0.000438519
1,     0.000435334
1,     0.000415832
1,     0.000427067
1,     0.000436959
1,     0.000436554
1,     0.000443832
1,     0.000475830
1,     0.000462632
1,     0.000403060
1,     0.000403201
1,     0.000392418
1,     0.000383997
1,     0.000402434
1,     0.000427191
1,     0.000444022
1,     0.000456103
1,     0.000490136
1,     0.000531518
1,     0.000499304
1,     0.000493293
1,     0.000517313
1,     0.000495588
1,     0.000451032
1,     0.000458014
1,     0.000499085
1,     0.000547286
1,     0.000511490
1,     0.000477354
1,     0.000490711
1,     0.000518845
1,     0.000449829
1,     0.000425912
1,     0.000432354
1,     0.000438550
1,     0.000445351
1,     0.000468200
1,     0.000484030
1,     0.000491708
1,     0.000496555
1,     0.000475022
1,     0.000557176
1,     0.000536225
1,     0.000530774
1,     0.000519758
1,     0.000511535
1,     0.000524895
1,     0.000510871
1,     0.000503004
1,     0.000477203
1,     0.000478567
1,     0.000456667
1,     0.000482217
1,     0.000472083
1,     0.000488084
1,     0.000497078
1,     0.000505242
1,     0.000516538
1,     0.000514872
1,     0.000479610
1,     0.000415731
1,     0.000382952
1,     0.000395282
1,     0.000407050
1,     0.000410278
1,     0.000412548
1,     0.000416665
1,     0.000421160
1,     0.000391372
1,     0.000372956
1,     0.000378996
1,     0.000391571
1,     0.000402408
1,     0.000410917
1,     0.000408949
1,     0.000406436
1,     0.000415653
1,     0.000433387
1,     0.000425151
1,     0.000396728
1,     0.000359212
1,     0.000352678
1,     0.000354274
1,     0.000356158
1,     0.000362695
1,     0.000378289
1,     0.000387294
1,     0.000391480
1,     0.000394585
1,     0.000387155
1,     0.000374783
1,     0.000369318
1,     0.000363065
1,     0.000359583
1,     0.000333271
1,     0.000318147
1,     0.000319559
1,     0.000325491
1,     0.000324173
1,     0.000314545
1,     0.000310463
1,     0.000314933
1,     0.000321055
1,     0.000334479
1,     0.000355309
1,     0.000334440
1,     0.000317220
1,     0.000320435
1,     0.000324432
1,     0.000323177
1,     0.000327028
1,     0.000331345
1,     0.000335438
1,     0.000334653
1,     0.000329083
1,     0.000319324
1,     0.000311970
1,     0.000323087
1,     0.000337911
1,     0.000341042
1,     0.000332745
1,     0.000323087
1,     0.000317332
1,     0.000317851
1,     0.000300222
1,     0.000299082
1,     0.000310126
1,     0.000316744
1,     0.000309172
1,     0.000302127
1,     0.000295680
1,     0.000282349
1,     0.000279467
1,     0.000282111
1,     0.000285185
1,     0.000290277
1,     0.000290422
1,     0.000290775
1,     0.000292590
1,     0.000306784
1,     0.000277363
1,     0.000256258
1,     0.000249419
1,     0.000253427
1,     0.000254570
1,     0.000256084
1,     0.000257020
1,     0.000255626
1,     0.000259020
1,     0.000264088
1,     0.000267153
1,     0.000269099
1,     0.000264448
1,     0.000260794
1,     0.000261544
1,     0.000259749
1,     0.000244573
1,     0.000231633
1,     0.000226024
1,     0.000225420
1,     0.000223709
1,     0.000221342
1,     0.000220594
1,     0.000229211
1,     0.000225094
1,     0.000218352
1,     0.000219443
1,     0.000220302
1,     0.000220140
1,     0.000220523
1,     0.000219565
1,     0.000217305
1,     0.000213085
1,     0.000207777
1,     0.000206415
1,     0.000206021
1,     0.000205830
1,     0.000205951
1,     0.000207242
1,     0.000207753
1,     0.000207487
1,     0.000206855
1,     0.000206473
1,     0.000205293
1,     0.000204931
1,     0.000204710
1,     0.000203742
1,     0.000204004
1,     0.000204524
1,     0.000205334
1,     0.000206068
1,     0.000206777
1,     0.000209049
1,     0.000211481
1,     0.000206367
1,     0.000205866
1,     0.000207134
1,     0.000209813
1,     0.000212861
1,     0.000217252
1,     0.000221769
1,     0.000217572
1,     0.000216209
1,     0.000220224
1,     0.000225402
1,     0.000211368
1,     0.000206381
1,     0.000204904
1,     0.000201346
1,     0.000200019
1,     0.000199066
1,     0.000198685
1,     0.000199098
1,     0.000199609
1,     0.000200012
1,     0.000200638
1,     0.000200523
1,     0.000200319
1,     0.000199238
1,     0.000199321
1,     0.000199123
1,     0.000198553
1,     0.000198045
1,     0.000199155
1,     0.000199640
1,     0.000199847
1,     0.000200328
1,     0.000198214
1,     0.000198718
1,     0.000198953
1,     0.000198148
1,     0.000197433
1,     0.000197706
1,     0.000197986
1,     0.000198237
1,     0.000198739
1,     0.000198289
1,     0.000197536
1,     0.000196823
1,     0.000196641
1,     0.000197251
1,     0.000197734
1,     0.000197488
1,     0.000196219
1,     0.000196533
1,     0.000197170
1,     0.000197187
1,     0.000198345
1,     0.000200622
1,     0.000201558
1,     0.000201995
1,     0.000202384
1,     0.000202933
1,     0.000203908
1,     0.000204091
1,     0.000204019
1,     0.000202474
1,     0.000199060
1,     0.000197365
1,     0.000197829
1,     0.000199135
1,     0.000201457
1,     0.000203046
1,     0.000203632
1,     0.000204943
1,     0.000205874
1,     0.000206283
1,     0.000206286
1,     0.000206274
1,     0.000206260
1,     0.000205052
1,     0.000202664
1,     0.000203752
1,     0.000203800
1,     0.000204081
1,     0.000204460
1,     0.000205645
1,     0.000205440
1,     0.000213798
1,     0.000228725
1,     0.000241647
1,     0.000240212
1,     0.000239864
1,     0.000230125
1,     0.000231110
1,     0.000238843
1,     0.000250043
1,     0.000264597
1,     0.000271872
1,     0.000281856
1,     0.000292392
1,     0.000306507
1,     0.000306453
1,     0.000286877
1,     0.000292249
1,     0.000286195
1,     0.000276991
1,     0.000291052
1,     0.000294450
1,     0.000284474
1,     0.000285533
1,     0.000282217
1,     0.000276947
1,     0.000270231
1,     0.000265850
1,     0.000255927
1,     0.000257934
1,     0.000272766
1,     0.000288877
1,     0.000311463
1,     0.000327100
1,     0.000340920
1,     0.000351302
1,     0.000362505
1,     0.000372528
1,     0.000385987
1,     0.000394686
1,     0.000393738
1,     0.000406992
1,     0.000435722
1,     0.000427842
1,     0.000380866
1,     0.000380857
1,     0.000416746
1,     0.000444028
1,     0.000410352
1,     0.000369178
1,     0.000348552
1,     0.000344609
1,     0.000340156
1,     0.000340919
1,     0.000354260
1,     0.000371819
1,     0.000391721
1,     0.000398280
1,     0.000380525
1,     0.000382473
1,     0.000376421
1,     0.000391644
1,     0.000402780
1,     0.000393328
1,     0.000411376
1,     0.000430975
1,     0.000453264
1,     0.000476187
1,     0.000474381
1,     0.000461855
1,     0.000441907
1,     0.000440490
1,     0.000458739
1,     0.000473616
1,     0.000489267
1,     0.000486191
1,     0.000480625
1,     0.000468449
1,     0.000443101
1,     0.000406428
1,     0.000406893
1,     0.000432067
1,     0.000454395
1,     0.000467725
1,     0.000460567
1,     0.000464673
1,     0.000484283
1,     0.000514225
1,     0.000532095
1,     0.000551468
1,     0.000570716
1,     0.000578561
1,     0.000575190
1,     0.000555567
1,     0.000507668
1,     0.000448177
1,     0.000406148
1,     0.000405595
1,     0.000430418
1,     0.000456987
1,     0.000477402
1,     0.000486733
1,     0.000494894
1,     0.000494224
1,     0.000503135
1,     0.000497344
1,     0.000455023
1,     0.000442183
1,     0.000470974
1,     0.000510197
1,     0.000502603
1,     0.000504058
1,     0.000505191
1,     0.000500600
1,     0.000483027
1,     0.000473377
1,     0.000470501
1,     0.000443558
1,     0.000417927
1,     0.000405543
1,     0.000411436
1,     0.000411000
1,     0.000414022
1,     0.000419680
1,     0.000450313
1,     0.000498744
1,     0.000543004
1,     0.000543659
1,     0.000518040
1,     0.000506231
1,     0.000521335
1,     0.000531996
1,     0.000568837
1,     0.000577469
1,     0.000581618
1,     0.000589681
1,     0.000552208
1,     0.000565098
1,     0.000574397
1,     0.000567162
1,     0.000571829
1,     0.000487993
1,     0.000450461
1,     0.000422338
1,     0.000408629
1,     0.000414087
1,     0.000434533
1,     0.000452652
1,     0.000434023
1,     0.000416024
1,     0.000428263
1,     0.000448712
1,     0.000454146
1,     0.000473708
1,     0.000467136
1,     0.000450298
1,     0.000458148
1,     0.000439856
1,     0.000429162
1,     0.000418995
1,     0.000408745
1,     0.000411298
1,     0.000412621
1,     0.000417624
1,     0.000414290
1,     0.000413171
1,     0.000410534
1,     0.000412474
1,     0.000419339
1,     0.000396572
1,     0.000387925
1,     0.000401585
1,     0.000407849
1,     0.000417738
1,     0.000430973
1,     0.000429442
1,     0.000421795
1,     0.000411513
1,     0.000359424
1,     0.000351814
1,     0.000350411
1,     0.000354043
1,     0.000369668
1,     0.000372012
1,     0.000382380
1,     0.000381980
1,     0.000398706
1,     0.000387253
1,     0.000383736
1,     0.000384633
1,     0.000378123
1,     0.000380709
1,     0.000376026
1,     0.000398235
1,     0.000419339
1,     0.000425693
1,     0.000387357
1,     0.000352529
1,     0.000345015
1,     0.000341928
1,     0.000351939
1,     0.000364229
1,     0.000367141
1,     0.000369956
1,     0.000377448
1,     0.000360204
1,     0.000332909
1,     0.000323894
1,     0.000317799
1,     0.000316785
1,     0.000321492
1,     0.000322500
1,     0.000323656
1,     0.000328813
1,     0.000326117
1,     0.000319809
1,     0.000310161
1,     0.000304213
1,     0.000298245
1,     0.000284146
1,     0.000271111
1,     0.000265834
1,     0.000267825
1,     0.000269284
1,     0.000273497
1,     0.000267518
1,     0.000262433
1,     0.000286063
1,     0.000296807
1,     0.000288649
1,     0.000296814
1,     0.000311837
1,     0.000314381
1,     0.000319937
1,     0.000311767
1,     0.000293715
1,     0.000272415
1,     0.000261079
1,     0.000249840
1,     0.000247337
1,     0.000252868
1,     0.000258119
1,     0.000257436
1,     0.000253474
1,     0.000245758
1,     0.000243744
1,     0.000247957
1,     0.000256987
1,     0.000263578
1,     0.000267047
1,     0.000267247
1,     0.000261194
1,     0.000253791
1,     0.000251367
1,     0.000255285
1,     0.000238453
1,     0.000227043
1,     0.000229086
1,     0.000223406
1,     0.000220508
1,     0.000216583
1,     0.000216054
1,     0.000222406
1,     0.000235649
1,     0.000230857
1,     0.000222819
1,     0.000217469
1,     0.000217011
1,     0.000215681
1,     0.000214189
1,     0.000219479
1,     0.000218680
1,     0.000218891
1,     0.000223741
1,     0.000228124
1,     0.000222160
1,     0.000214615
1,     0.000210587
1,     0.000208893
1,     0.000213925
1,     0.000226964
1,     0.000227445
1,     0.000226509
1,     0.000224960
1,     0.000219451
1,     0.000221422
1,     0.000221948
1,     0.000214438
1,     0.000210417
1,     0.000209019
1,     0.000210039
1,     0.000218475
1,     0.000225293
1,     0.000225147
1,     0.000220974
1,     0.000220657
1,     0.000220230
1,     0.000219427
1,     0.000210749
1,     0.000208811
1,     0.000210834
1,     0.000216799
1,     0.000221444
1,     0.000223098
1,     0.000215597
1,     0.000208885
1,     0.000208163
1,     0.000207527
1,     0.000206581
1,     0.000205972
1,     0.000205681
1,     0.000203664
1,     0.000204733
1,     0.000205027
1,     0.000204419
1,     0.000203527
1,     0.000202931
1,     0.000203162
1,     0.000204721
1,     0.000204942
1,     0.000206539
1,     0.000209709
1,     0.000217744
1,     0.000229932
1,     0.000237266
1,     0.000242695
1,     0.000252473
1,     0.000263896
1,     0.000273473
1,     0.000276139
1,     0.000269673
1,     0.000261340
1,     0.000250641
1,     0.000248161
1,     0.000247867
1,     0.000240992
1,     0.000229382
1,     0.000229194
1,     0.000226948
1,     0.000234606
1,     0.000243277
1,     0.000241732
1,     0.000237909
1,     0.000228398
1,     0.000216992
1,     0.000214605
1,     0.000212795
1,     0.000212565
1,     0.000222123
1,     0.000234032
1,     0.000244113
1,     0.000254735
1,     0.000263336
1,     0.000280491
1,     0.000294408
1,     0.000289935
1,     0.000281117
1,     0.000278820
1,     0.000288297
1,     0.000291352
1,     0.000297125
1,     0.000308052
1,     0.000301607
1,     0.000285774
1,     0.000283673
1,     0.000293015
1,     0.000294212
1,     0.000293234
1,     0.000298524
1,     0.000300125
1,     0.000282579
1,     0.000288897
1,     0.000310284
1,     0.000326319
1,     0.000348746
1,     0.000367911
1,     0.000354517
1,     0.000318562
1,     0.000305695
1,     0.000302396
1,     0.000297220
1,     0.000298456
1,     0.000308031
1,     0.000307019
1,     0.000309544
1,     0.000328281
1,     0.000327504
1,     0.000332224
1,     0.000350511
1,     0.000332934
1,     0.000304341
1,     0.000312672
1,     0.000323716
1,     0.000334258
1,     0.000334295
1,     0.000336653
1,     0.000309711
1,     0.000310232
1,     0.000316906
1,     0.000308057
1,     0.000294504
1,     0.000299496
1,     0.000311073
1,     0.000319044
1,     0.000318746
1,     0.000318279
1,     0.000310522
1,     0.000291645
1,     0.000304342
1,     0.000320731
1,     0.000341864
1,     0.000376182
1,     0.000358858
1,     0.000337596
1,     0.000340378
1,     0.000351809
1,     0.000353485
1,     0.000367553
1,     0.000383622
1,     0.000402825
1,     0.000428644
1,     0.000463983
1,     0.000478850
1,     0.000491175
1,     0.000450418
1,     0.000393793
1,     0.000393466
1,     0.000395851
1,     0.000396836
1,     0.000400185
1,     0.000396693
1,     0.000399715
1,     0.000413910
1,     0.000404678
1,     0.000398006
1,     0.000404627
1,     0.000400603
1,     0.000382755
1,     0.000383732
1,     0.000397710
1,     0.000416492
1,     0.000437165
1,     0.000453835
1,     0.000423144
1,     0.000431674
1,     0.000465789
1,     0.000489946
1,     0.000505037
1,     0.000497690
1,     0.000475411
1,     0.000453821
1,     0.000396983
1,     0.000386848
1,     0.000400837
1,     0.000432670
1,     0.000462243
1,     0.000457371
1,     0.000457744
1,     0.000460451
1,     0.000414579
1,     0.000405953
1,     0.000396003
1,     0.000392794
1,     0.000401163
1,     0.000418957
1,     0.000433572
1,     0.000462136
1,     0.000504034
1,     0.000545154
1,     0.000549379
1,     0.000478241
1,     0.000454739
1,     0.000464035
1,     0.000479380
1,     0.000472057
1,     0.000452811
1,     0.000472763
1,     0.000477435
1,     0.000486918
1,     0.000489669
1,     0.000497738
1,     0.000506143
1,     0.000515111
1,     0.000517625
1,     0.000508900
1,     0.000515274
1,     0.000532311
1,     0.000489404
1,     0.000374299
1,     0.000343892
1,     0.000347395
1,     0.000363102
1,     0.000392310
1,     0.000419233
1,     0.000404058
1,     0.000391755
1,     0.000396268
1,     0.000404752
1,     0.000411719
1,     0.000430071
1,     0.000444593
1,     0.000426808
1,     0.000420609
1,     0.000436984
1,     0.000469316
1,     0.000446463
1,     0.000427523
1,     0.000449563
1,     0.000477644
1,     0.000496484
1,     0.000513114
1,     0.000504067
1,     0.000490697
1,     0.000486938
1,     0.000510696
1,     0.000526431
1,     0.000494748
1,     0.000481253
1,     0.000443490
1,     0.000402687
1,     0.000408292
1,     0.000412850
1,     0.000411205
1,     0.000412242
1,     0.000422019
1,     0.000451662
1,     0.000474811
1,     0.000486967
1,     0.000502719
1,     0.000487228
1,     0.000445229
1,     0.000419198
1,     0.000407715
1,     0.000410842
1,     0.000404704
1,     0.000383030
1,     0.000386205
1,     0.000383134
1,     0.000375057
1,     0.000353942
1,     0.000343284
1,     0.000351093
1,     0.000354644
1,     0.000351066
1,     0.000354684
1,     0.000374418
1,     0.000390621
1,     0.000394445
1,     0.000396336
1,     0.000383205
1,     0.000389772
1,     0.000390082
1,     0.000382940
1,     0.000400353
1,     0.000414043
1,     0.000446969
1,     0.000433157
1,     0.000426621
1,     0.000418928
1,     0.000402307
1,     0.000394555
1,     0.000396427
1,     0.000401750
1,     0.000377085
1,     0.000366578
1,     0.000365115
1,     0.000371092
1,     0.000371318
1,     0.000370966
1,     0.000376977
1,     0.000380086
1,     0.000372729
1,     0.000371293
1,     0.000365736
1,     0.000344258
1,     0.000340245
1,     0.000333599
1,     0.000331184
1,     0.000329422
1,     0.000331630
1,     0.000339876
1,     0.000336919
1,     0.000326646
1,     0.000320555
1,     0.000320027
1,     0.000315821
1,     0.000318751
1,     0.000316138
1,     0.000313661
1,     0.000310570
1,     0.000297039
1,     0.000291141
1,     0.000285030
1,     0.000276649
1,     0.000277045
1,     0.000273837
1,     0.000278120
1,     0.000280200
1,     0.000280247
1,     0.000280054
1,     0.000254377
1,     0.000248629
1,     0.000244010
1,     0.000250145
1,     0.000268152
1,     0.000265564
1,     0.000265399
1,     0.000277170
1,     0.000280287
1,     0.000277716
1,     0.000277613
1,     0.000279861
1,     0.000282975
1,     0.000286819
1,     0.000293212
1,     0.000294726
1,     0.000308491
1,     0.000286247
1,     0.000280094
1,     0.000280185
1,     0.000266260
1,     0.000244804
1,     0.000237400
1,     0.000231558
1,     0.000227404
1,     0.000224717
1,     0.000221162
1,     0.000217925
1,     0.000216833
1,     0.000217581
1,     0.000219381
1,     0.000228974
1,     0.000236523
1,     0.000244595
1,     0.000252031
1,     0.000254665
1,     0.000247308
1,     0.000242372
1,     0.000238538
1,     0.000243927
1,     0.000249558
1,     0.000252380
1,     0.000251981
1,     0.000242677
1,     0.000230303
1,     0.000220862
1,     0.000225927
1,     0.000242616
1,     0.000252512
1,     0.000258220
1,     0.000259134
1,     0.000249967
1,     0.000240105
1,     0.000228273
1,     0.000222832
1,     0.000230369
